UnderlyingSymbol,UnderlyingPrice,Exchange,OptionSymbol,OptionExt,Type,Expiration,DataDate,Strike,Last,Bid,Ask,Volume,OpenInterest,IV,Delta,Gamma,Theta,Vega,AKA
AMZN,1673.57,*,AMZN181130C00900000,,call,11/30/2018,11/29/2018,900,0,769.15,778.65,0,0,0.5908,1,0,-21.1441,0,AMZN181130C00900000
AMZN,1673.57,*,AMZN181130P00900000,,put,11/30/2018,11/29/2018,900,0.01,0,0.01,0,241,0.5003,0,0,0,0,AMZN181130P00900000
AMZN,1673.57,*,AMZN181130C00920000,,call,11/30/2018,11/29/2018,920,0,748.9,758.9,0,0,0.5908,1,0,-21.614,0,AMZN181130C00920000
AMZN,1673.57,*,AMZN181130P00920000,,put,11/30/2018,11/29/2018,920,0.01,0,0.05,0,12,0.5003,0,0,0,0,AMZN181130P00920000
AMZN,1673.57,*,AMZN181130C00940000,,call,11/30/2018,11/29/2018,940,643.5,729,738.6,0,2,0.5908,1,0,-22.0839,0,AMZN181130C00940000
AMZN,1673.57,*,AMZN181130P00940000,,put,11/30/2018,11/29/2018,940,1,0,0.15,0,15,0.5003,0,0,0,0,AMZN181130P00940000
AMZN,1673.57,*,AMZN181130C00960000,,call,11/30/2018,11/29/2018,960,635.93,709,718.9,0,4,0.5908,1,0,-22.5538,0,AMZN181130C00960000
AMZN,1673.57,*,AMZN181130P00960000,,put,11/30/2018,11/29/2018,960,0.01,0,0.01,0,5,0.5003,0,0,0,0,AMZN181130P00960000
AMZN,1673.57,*,AMZN181130C00980000,,call,11/30/2018,11/29/2018,980,0,689,698.65,0,0,0.5908,1,0,-23.0236,0,AMZN181130C00980000
AMZN,1673.57,*,AMZN181130P00980000,,put,11/30/2018,11/29/2018,980,0.01,0,0.17,0,17,0.5003,0,0,0,0,AMZN181130P00980000
AMZN,1673.57,*,AMZN181130C01000000,,call,11/30/2018,11/29/2018,1000,662.14,669,677.45,2,112,0.5908,1,0,-23.4935,0,AMZN181130C01000000
AMZN,1673.57,*,AMZN181130P01000000,,put,11/30/2018,11/29/2018,1000,0.01,0,0.02,0,283,0.5003,0,0,0,0,AMZN181130P01000000
AMZN,1673.57,*,AMZN181130C01020000,,call,11/30/2018,11/29/2018,1020,585.64,649,657.55,0,114,0.5908,1,0,-23.9634,0,AMZN181130C01020000
AMZN,1673.57,*,AMZN181130P01020000,,put,11/30/2018,11/29/2018,1020,0.01,0,0.03,0,104,0.5003,0,0,0,0,AMZN181130P01020000
AMZN,1673.57,*,AMZN181130C01030000,,call,11/30/2018,11/29/2018,1030,634.49,639,648.3,0,92,0.5908,1,0,-24.1983,0,AMZN181130C01030000
AMZN,1673.57,*,AMZN181130P01030000,,put,11/30/2018,11/29/2018,1030,0.02,0,0.02,0,7,0.5003,0,0,0,0,AMZN181130P01030000
AMZN,1673.57,*,AMZN181130C01040000,,call,11/30/2018,11/29/2018,1040,623.14,629.55,637.45,0,401,0.5908,1,0,-24.4332,0,AMZN181130C01040000
AMZN,1673.57,*,AMZN181130P01040000,,put,11/30/2018,11/29/2018,1040,0.02,0,0.02,0,155,0.5003,0,0,0,0,AMZN181130P01040000
AMZN,1673.57,*,AMZN181130C01050000,,call,11/30/2018,11/29/2018,1050,623.58,619.55,627.5,0,517,0.5908,1,0,-24.6682,0,AMZN181130C01050000
AMZN,1673.57,*,AMZN181130P01050000,,put,11/30/2018,11/29/2018,1050,0.05,0,0.08,0,72,0.5003,0,0,0,0,AMZN181130P01050000
AMZN,1673.57,*,AMZN181130C01060000,,call,11/30/2018,11/29/2018,1060,580.09,609,618.6,0,60,0.5908,1,0,-24.9031,0,AMZN181130C01060000
AMZN,1673.57,*,AMZN181130P01060000,,put,11/30/2018,11/29/2018,1060,0.05,0,0.08,0,87,0.5003,0,0,0,0,AMZN181130P01060000
AMZN,1673.57,*,AMZN181130C01070000,,call,11/30/2018,11/29/2018,1070,0,599,608.3,0,0,0.5908,1,0,-25.138,0,AMZN181130C01070000
AMZN,1673.57,*,AMZN181130P01070000,,put,11/30/2018,11/29/2018,1070,0.04,0,0.02,0,896,0.5003,0,0,0,0,AMZN181130P01070000
AMZN,1673.57,*,AMZN181130C01080000,,call,11/30/2018,11/29/2018,1080,0,589,598.6,0,0,0.5908,1,0,-25.373,0,AMZN181130C01080000
AMZN,1673.57,*,AMZN181130P01080000,,put,11/30/2018,11/29/2018,1080,0.02,0,0.04,0,528,0.5003,0,0,0,0,AMZN181130P01080000
AMZN,1673.57,*,AMZN181130C01090000,,call,11/30/2018,11/29/2018,1090,0,579,588.7,0,0,0.5908,1,0,-25.6079,0,AMZN181130C01090000
AMZN,1673.57,*,AMZN181130P01090000,,put,11/30/2018,11/29/2018,1090,0.02,0,0.05,0,299,0.5003,0,0,0,0,AMZN181130P01090000
AMZN,1673.57,*,AMZN181130C01100000,,call,11/30/2018,11/29/2018,1100,563.17,569,578.4,6,6,0.5908,1,0,-25.8428,0,AMZN181130C01100000
AMZN,1673.57,*,AMZN181130P01100000,,put,11/30/2018,11/29/2018,1100,0.02,0,0.03,0,333,0.5003,0,0,0,0,AMZN181130P01100000
AMZN,1673.57,*,AMZN181130C01110000,,call,11/30/2018,11/29/2018,1110,528.4,559,568.6,0,2,0.5908,1,0,-26.0778,0,AMZN181130C01110000
AMZN,1673.57,*,AMZN181130P01110000,,put,11/30/2018,11/29/2018,1110,0.02,0,0.05,0,154,0.5003,0,0,0,0,AMZN181130P01110000
AMZN,1673.57,*,AMZN181130C01120000,,call,11/30/2018,11/29/2018,1120,454.35,549.05,558.75,0,2,0.5908,1,0,-26.3127,0,AMZN181130C01120000
AMZN,1673.57,*,AMZN181130P01120000,,put,11/30/2018,11/29/2018,1120,0.01,0,0.01,4,21,0.5003,0,0,0,0,AMZN181130P01120000
AMZN,1673.57,*,AMZN181130C01130000,,call,11/30/2018,11/29/2018,1130,614.7,539,548.65,0,2,0.5908,1,0,-26.5477,0,AMZN181130C01130000
AMZN,1673.57,*,AMZN181130P01130000,,put,11/30/2018,11/29/2018,1130,0.05,0,0.08,0,63,0.5003,0,0,0,0,AMZN181130P01130000
AMZN,1673.57,*,AMZN181130C01140000,,call,11/30/2018,11/29/2018,1140,484.75,529,538.75,0,2,0.5908,1,0,-26.7826,0,AMZN181130C01140000
AMZN,1673.57,*,AMZN181130P01140000,,put,11/30/2018,11/29/2018,1140,0.05,0,0.03,0,178,0.5003,0,0,0,0,AMZN181130P01140000
AMZN,1673.57,*,AMZN181130C01145000,,call,11/30/2018,11/29/2018,1145,0,524,533.65,0,0,0.5908,1,0,-26.9001,0,AMZN181130C01145000
AMZN,1673.57,*,AMZN181130P01145000,,put,11/30/2018,11/29/2018,1145,0.06,0.01,0.02,0,68,0.5003,0,0,0,0,AMZN181130P01145000
AMZN,1673.57,*,AMZN181130C01150000,,call,11/30/2018,11/29/2018,1150,464.07,519,528.7,0,11,0.5908,1,0,-27.0175,0,AMZN181130C01150000
AMZN,1673.57,*,AMZN181130P01150000,,put,11/30/2018,11/29/2018,1150,0.05,0,0.03,0,220,0.5003,0,0,0,0,AMZN181130P01150000
AMZN,1673.57,*,AMZN181130C01155000,,call,11/30/2018,11/29/2018,1155,0,514,523.6,0,0,0.5908,1,0,-27.135,0,AMZN181130C01155000
AMZN,1673.57,*,AMZN181130P01155000,,put,11/30/2018,11/29/2018,1155,0.01,0.01,0.04,1,41,0.5003,0,0,0,0,AMZN181130P01155000
AMZN,1673.57,*,AMZN181130C01160000,,call,11/30/2018,11/29/2018,1160,294.05,509,518.65,0,3,0.5908,1,0,-27.2525,0,AMZN181130C01160000
AMZN,1673.57,*,AMZN181130P01160000,,put,11/30/2018,11/29/2018,1160,0.02,0,0.2,0,60,0.5003,0,0,0,0,AMZN181130P01160000
AMZN,1673.57,*,AMZN181130C01165000,,call,11/30/2018,11/29/2018,1165,358.75,504,513.65,0,1,0.5908,1,0,-27.3699,0,AMZN181130C01165000
AMZN,1673.57,*,AMZN181130P01165000,,put,11/30/2018,11/29/2018,1165,0.02,0,0.16,0,36,0.5003,0,0,0,0,AMZN181130P01165000
AMZN,1673.57,*,AMZN181130C01170000,,call,11/30/2018,11/29/2018,1170,325.6,499,508.5,0,2,0.5908,1,0,-27.4874,0,AMZN181130C01170000
AMZN,1673.57,*,AMZN181130P01170000,,put,11/30/2018,11/29/2018,1170,0.04,0,0.16,0,30,0.5003,0,0,0,0,AMZN181130P01170000
AMZN,1673.57,*,AMZN181130C01175000,,call,11/30/2018,11/29/2018,1175,298.1,494,503.45,0,2,0.5908,1,0,-27.6049,0,AMZN181130C01175000
AMZN,1673.57,*,AMZN181130P01175000,,put,11/30/2018,11/29/2018,1175,0.02,0,0.02,10,60,0.5003,0,0,0,0,AMZN181130P01175000
AMZN,1673.57,*,AMZN181130C01180000,,call,11/30/2018,11/29/2018,1180,0,489,498.75,0,3,0.5908,1,0,-27.7223,0,AMZN181130C01180000
AMZN,1673.57,*,AMZN181130P01180000,,put,11/30/2018,11/29/2018,1180,0.51,0,0.18,0,10,0.5003,0,0,0,0,AMZN181130P01180000
AMZN,1673.57,*,AMZN181130C01185000,,call,11/30/2018,11/29/2018,1185,349.35,484,493.65,0,1,0.5908,1,0,-27.8398,0,AMZN181130C01185000
AMZN,1673.57,*,AMZN181130P01185000,,put,11/30/2018,11/29/2018,1185,0.05,0,0.05,0,10,0.5003,0,0,0,0,AMZN181130P01185000
AMZN,1673.57,*,AMZN181130C01190000,,call,11/30/2018,11/29/2018,1190,335.5,479,488.6,0,37,0.5908,1,0,-27.9573,0,AMZN181130C01190000
AMZN,1673.57,*,AMZN181130P01190000,,put,11/30/2018,11/29/2018,1190,0.05,0,0.05,0,177,0.5003,0,0,0,0,AMZN181130P01190000
AMZN,1673.57,*,AMZN181130C01195000,,call,11/30/2018,11/29/2018,1195,392.1,474,483.75,0,1,0.5908,1,0,-28.0747,0,AMZN181130C01195000
AMZN,1673.57,*,AMZN181130P01195000,,put,11/30/2018,11/29/2018,1195,0.04,0.01,0.05,0,19,0.5003,0,0,0,0,AMZN181130P01195000
AMZN,1673.57,*,AMZN181130C01200000,,call,11/30/2018,11/29/2018,1200,389.48,469,478.65,0,9,0.5908,1,0,-28.1922,0,AMZN181130C01200000
AMZN,1673.57,*,AMZN181130P01200000,,put,11/30/2018,11/29/2018,1200,0.05,0.01,0.05,0,1029,0.5003,0,0,0,0,AMZN181130P01200000
AMZN,1673.57,*,AMZN181130C01205000,,call,11/30/2018,11/29/2018,1205,291.15,464,473.3,0,1,0.5908,1,0,-28.3097,0,AMZN181130C01205000
AMZN,1673.57,*,AMZN181130P01205000,,put,11/30/2018,11/29/2018,1205,0.01,0,0.05,1,124,0.5003,0,0,0,0,AMZN181130P01205000
AMZN,1673.57,*,AMZN181130C01210000,,call,11/30/2018,11/29/2018,1210,315.65,459,468.65,0,9,0.5908,1,0,-28.4271,0,AMZN181130C01210000
AMZN,1673.57,*,AMZN181130P01210000,,put,11/30/2018,11/29/2018,1210,0.06,0.01,0.17,0,70,0.5003,0,0,0,0,AMZN181130P01210000
AMZN,1673.57,*,AMZN181130C01215000,,call,11/30/2018,11/29/2018,1215,0,454,463.6,0,0,0.5908,1,0,-28.5446,0,AMZN181130C01215000
AMZN,1673.57,*,AMZN181130P01215000,,put,11/30/2018,11/29/2018,1215,0.44,0,0.2,0,14,0.5003,0,0,0,0,AMZN181130P01215000
AMZN,1673.57,*,AMZN181130C01220000,,call,11/30/2018,11/29/2018,1220,276.5,449,458.6,0,2,0.5908,1,0,-28.6621,0,AMZN181130C01220000
AMZN,1673.57,*,AMZN181130P01220000,,put,11/30/2018,11/29/2018,1220,0.08,0,0.17,0,229,0.5003,0,0,0,0,AMZN181130P01220000
AMZN,1673.57,*,AMZN181130C01225000,,call,11/30/2018,11/29/2018,1225,0,444,453.35,0,0,0.5908,1,0,-28.7795,0,AMZN181130C01225000
AMZN,1673.57,*,AMZN181130P01225000,,put,11/30/2018,11/29/2018,1225,0.19,0.01,0.17,0,62,0.5003,0,0,0,0,AMZN181130P01225000
AMZN,1673.57,*,AMZN181130C01230000,,call,11/30/2018,11/29/2018,1230,0,439,448.7,0,0,0.5908,1,0,-28.897,0,AMZN181130C01230000
AMZN,1673.57,*,AMZN181130P01230000,,put,11/30/2018,11/29/2018,1230,0.02,0,0.02,9,80,0.5003,0,0,0,0,AMZN181130P01230000
AMZN,1673.57,*,AMZN181130C01235000,,call,11/30/2018,11/29/2018,1235,0,434,443.4,0,0,0.5908,1,0,-29.0145,0,AMZN181130C01235000
AMZN,1673.57,*,AMZN181130P01235000,,put,11/30/2018,11/29/2018,1235,0.02,0,0.19,0,36,0.5003,0,0,0,0,AMZN181130P01235000
AMZN,1673.57,*,AMZN181130C01240000,,call,11/30/2018,11/29/2018,1240,264.2,429,438.8,0,2,0.5908,1,0,-29.1319,0,AMZN181130C01240000
AMZN,1673.57,*,AMZN181130P01240000,,put,11/30/2018,11/29/2018,1240,0.01,0,0.17,1,125,0.5003,0,0,0,0,AMZN181130P01240000
AMZN,1673.57,*,AMZN181130C01245000,,call,11/30/2018,11/29/2018,1245,283.8,424,433.75,0,0,0.5908,1,0,-29.2494,0,AMZN181130C01245000
AMZN,1673.57,*,AMZN181130P01245000,,put,11/30/2018,11/29/2018,1245,0.06,0,0.17,0,39,0.5003,0,0,0,0,AMZN181130P01245000
AMZN,1673.57,*,AMZN181130C01250000,,call,11/30/2018,11/29/2018,1250,386.05,419,428.55,0,2,0.5908,1,0,-29.3669,0,AMZN181130C01250000
AMZN,1673.57,*,AMZN181130P01250000,,put,11/30/2018,11/29/2018,1250,0.03,0,0.17,12,327,0.5003,0,0,0,0,AMZN181130P01250000
AMZN,1673.57,*,AMZN181130C01255000,,call,11/30/2018,11/29/2018,1255,242.95,414,423.5,0,1,0.5908,1,0,-29.4843,0,AMZN181130C01255000
AMZN,1673.57,*,AMZN181130P01255000,,put,11/30/2018,11/29/2018,1255,0.03,0,0.04,26,70,0.5003,0,0,0,0,AMZN181130P01255000
AMZN,1673.57,*,AMZN181130C01260000,,call,11/30/2018,11/29/2018,1260,461.05,409,418.65,0,2,0.5908,1,0,-29.6018,0,AMZN181130C01260000
AMZN,1673.57,*,AMZN181130P01260000,,put,11/30/2018,11/29/2018,1260,0.08,0,0.05,0,125,0.5003,0,0,0,0,AMZN181130P01260000
AMZN,1673.57,*,AMZN181130C01265000,,call,11/30/2018,11/29/2018,1265,0,404,413.75,0,0,0.5908,1,0,-29.7193,0,AMZN181130C01265000
AMZN,1673.57,*,AMZN181130P01265000,,put,11/30/2018,11/29/2018,1265,0.07,0,0.05,0,76,0.5003,0,0,0,0,AMZN181130P01265000
AMZN,1673.57,*,AMZN181130C01270000,,call,11/30/2018,11/29/2018,1270,259.9,399,408.6,0,2,0.5908,1,0,-29.8367,0,AMZN181130C01270000
AMZN,1673.57,*,AMZN181130P01270000,,put,11/30/2018,11/29/2018,1270,0.25,0,0.08,0,140,0.5003,0,0,0,0,AMZN181130P01270000
AMZN,1673.57,*,AMZN181130C01272500,,call,11/30/2018,11/29/2018,1272.5,0,396.5,405.6,0,0,0.5908,1,0,-29.8955,0,AMZN181130C01272500
AMZN,1673.57,*,AMZN181130P01272500,,put,11/30/2018,11/29/2018,1272.5,0,0,0.17,0,0,0.5003,0,0,0,0,AMZN181130P01272500
AMZN,1673.57,*,AMZN181130C01275000,,call,11/30/2018,11/29/2018,1275,303.95,394,403.4,0,1,0.5908,1,0,-29.9542,0,AMZN181130C01275000
AMZN,1673.57,*,AMZN181130P01275000,,put,11/30/2018,11/29/2018,1275,0.05,0,0.18,0,56,0.5003,0,0,0,0,AMZN181130P01275000
AMZN,1673.57,*,AMZN181130C01277500,,call,11/30/2018,11/29/2018,1277.5,0,391.5,400.8,0,0,0.5908,1,0,-30.0129,0,AMZN181130C01277500
AMZN,1673.57,*,AMZN181130P01277500,,put,11/30/2018,11/29/2018,1277.5,0.45,0,0.17,0,2,0.5003,0,0,0,0,AMZN181130P01277500
AMZN,1673.57,*,AMZN181130C01280000,,call,11/30/2018,11/29/2018,1280,289.35,389,398.7,0,0,0.5908,1,0,-30.0717,0,AMZN181130C01280000
AMZN,1673.57,*,AMZN181130P01280000,,put,11/30/2018,11/29/2018,1280,0.05,0,0.05,0,213,0.5003,0,0,0,0,AMZN181130P01280000
AMZN,1673.57,*,AMZN181130C01282500,,call,11/30/2018,11/29/2018,1282.5,0,386.5,395.95,0,0,0.5908,1,0,-30.1304,0,AMZN181130C01282500
AMZN,1673.57,*,AMZN181130P01282500,,put,11/30/2018,11/29/2018,1282.5,0.26,0,0.17,0,5,0.5003,0,0,0,0,AMZN181130P01282500
AMZN,1673.57,*,AMZN181130C01285000,,call,11/30/2018,11/29/2018,1285,0,384,393.65,0,0,0.5908,1,0,-30.1891,0,AMZN181130C01285000
AMZN,1673.57,*,AMZN181130P01285000,,put,11/30/2018,11/29/2018,1285,0.05,0,0.05,0,184,0.5003,0,0,0,0,AMZN181130P01285000
AMZN,1673.57,*,AMZN181130C01287500,,call,11/30/2018,11/29/2018,1287.5,0,381.5,391.2,0,0,0.5908,1,0,-30.2479,0,AMZN181130C01287500
AMZN,1673.57,*,AMZN181130P01287500,,put,11/30/2018,11/29/2018,1287.5,0.05,0,0.03,0,18,0.5003,0,0,0,0,AMZN181130P01287500
AMZN,1673.57,*,AMZN181130C01290000,,call,11/30/2018,11/29/2018,1290,323.45,379.1,389,0,2,0.5908,1,0,-30.3066,0,AMZN181130C01290000
AMZN,1673.57,*,AMZN181130P01290000,,put,11/30/2018,11/29/2018,1290,0.05,0,0.05,0,257,0.5003,0,0,0,0,AMZN181130P01290000
AMZN,1673.57,*,AMZN181130C01292500,,call,11/30/2018,11/29/2018,1292.5,0,376.5,385.95,0,0,0.5908,1,0,-30.3653,0,AMZN181130C01292500
AMZN,1673.57,*,AMZN181130P01292500,,put,11/30/2018,11/29/2018,1292.5,0.1,0,0.05,0,18,0.5003,0,0,0,0,AMZN181130P01292500
AMZN,1673.57,*,AMZN181130C01295000,,call,11/30/2018,11/29/2018,1295,286.78,374,383.5,0,10,0.5908,1,0,-30.4241,0,AMZN181130C01295000
AMZN,1673.57,*,AMZN181130P01295000,,put,11/30/2018,11/29/2018,1295,0.1,0,0.05,0,123,0.5003,0,0,0,0,AMZN181130P01295000
AMZN,1673.57,*,AMZN181130C01297500,,call,11/30/2018,11/29/2018,1297.5,0,371.5,381,0,0,0.5908,1,0,-30.4828,0,AMZN181130C01297500
AMZN,1673.57,*,AMZN181130P01297500,,put,11/30/2018,11/29/2018,1297.5,0.1,0,0.05,0,16,0.5003,0,0,0,0,AMZN181130P01297500
AMZN,1673.57,*,AMZN181130C01300000,,call,11/30/2018,11/29/2018,1300,379.8,369,377.6,33,47,0.5908,1,0,-30.5415,0,AMZN181130C01300000
AMZN,1673.57,*,AMZN181130P01300000,,put,11/30/2018,11/29/2018,1300,0.02,0,0.05,16,765,0.5003,0,0,0,0,AMZN181130P01300000
AMZN,1673.57,*,AMZN181130C01302500,,call,11/30/2018,11/29/2018,1302.5,0,366.5,376.05,0,0,0.5908,1,0,-30.6003,0,AMZN181130C01302500
AMZN,1673.57,*,AMZN181130P01302500,,put,11/30/2018,11/29/2018,1302.5,0.05,0,0.18,0,4,0.5003,0,0,0,0,AMZN181130P01302500
AMZN,1673.57,*,AMZN181130C01305000,,call,11/30/2018,11/29/2018,1305,156.15,364,373,0,1,0.5908,1,0,-30.659,0,AMZN181130C01305000
AMZN,1673.57,*,AMZN181130P01305000,,put,11/30/2018,11/29/2018,1305,0.05,0,0.18,0,45,0.5003,0,0,0,0,AMZN181130P01305000
AMZN,1673.57,*,AMZN181130C01307500,,call,11/30/2018,11/29/2018,1307.5,198.65,361.5,370.9,0,1,0.5908,1,0,-30.7177,0,AMZN181130C01307500
AMZN,1673.57,*,AMZN181130P01307500,,put,11/30/2018,11/29/2018,1307.5,1.35,0,0.11,0,19,0.5003,0,0,0,0,AMZN181130P01307500
AMZN,1673.57,*,AMZN181130C01310000,,call,11/30/2018,11/29/2018,1310,226.75,359,368.5,0,1,0.5908,1,0,-30.7765,0,AMZN181130C01310000
AMZN,1673.57,*,AMZN181130P01310000,,put,11/30/2018,11/29/2018,1310,0.03,0,0.03,1,83,0.5003,0,0,0,0,AMZN181130P01310000
AMZN,1673.57,*,AMZN181130C01312500,,call,11/30/2018,11/29/2018,1312.5,194,356.5,365.95,0,3,0.5908,1,0,-30.8352,0,AMZN181130C01312500
AMZN,1673.57,*,AMZN181130P01312500,,put,11/30/2018,11/29/2018,1312.5,1.73,0,0.21,0,11,0.5003,0,0,0,0,AMZN181130P01312500
AMZN,1673.57,*,AMZN181130C01315000,,call,11/30/2018,11/29/2018,1315,0,354,363.45,0,0,0.5908,1,0,-30.8939,0,AMZN181130C01315000
AMZN,1673.57,*,AMZN181130P01315000,,put,11/30/2018,11/29/2018,1315,0.02,0,0.22,2,31,0.5003,0,0,0,0,AMZN181130P01315000
AMZN,1673.57,*,AMZN181130C01317500,,call,11/30/2018,11/29/2018,1317.5,231.7,351.5,361.05,0,1,0.5908,1,0,-30.9527,0,AMZN181130C01317500
AMZN,1673.57,*,AMZN181130P01317500,,put,11/30/2018,11/29/2018,1317.5,0.68,0,0.2,0,10,0.5003,0,0,0,0,AMZN181130P01317500
AMZN,1673.57,*,AMZN181130C01320000,,call,11/30/2018,11/29/2018,1320,0,349,358.4,0,0,0.5908,1,0,-31.0114,0,AMZN181130C01320000
AMZN,1673.57,*,AMZN181130P01320000,,put,11/30/2018,11/29/2018,1320,0.04,0,0.04,13,109,0.5003,0,0,0,0,AMZN181130P01320000
AMZN,1673.57,*,AMZN181130C01322500,,call,11/30/2018,11/29/2018,1322.5,0,346.5,356.1,0,0,0.5908,1,0,-31.0701,0,AMZN181130C01322500
AMZN,1673.57,*,AMZN181130P01322500,,put,11/30/2018,11/29/2018,1322.5,0.02,0.01,0.03,40,89,0.5003,0,0,0,0,AMZN181130P01322500
AMZN,1673.57,*,AMZN181130C01325000,,call,11/30/2018,11/29/2018,1325,139.75,343.95,353.5,0,3,0.5908,1,0,-31.1289,0,AMZN181130C01325000
AMZN,1673.57,*,AMZN181130P01325000,,put,11/30/2018,11/29/2018,1325,0.05,0,0.21,0,60,0.5003,0,0,0,0,AMZN181130P01325000
AMZN,1673.57,*,AMZN181130C01327500,,call,11/30/2018,11/29/2018,1327.5,0,341.2,350.9,0,0,0.5908,1,0,-31.1876,0,AMZN181130C01327500
AMZN,1673.57,*,AMZN181130P01327500,,put,11/30/2018,11/29/2018,1327.5,0.44,0,0.19,0,10,0.5003,0,0,0,0,AMZN181130P01327500
AMZN,1673.57,*,AMZN181130C01330000,,call,11/30/2018,11/29/2018,1330,334.04,338.5,348.2,0,7,0.5908,1,0,-31.2463,0,AMZN181130C01330000
AMZN,1673.57,*,AMZN181130P01330000,,put,11/30/2018,11/29/2018,1330,0.09,0,0.09,10,132,0.5003,0,0,0,0,AMZN181130P01330000
AMZN,1673.57,*,AMZN181130C01332500,,call,11/30/2018,11/29/2018,1332.5,216.8,336.05,345.95,0,1,0.5908,1,0,-31.3051,0,AMZN181130C01332500
AMZN,1673.57,*,AMZN181130P01332500,,put,11/30/2018,11/29/2018,1332.5,1.88,0,0.18,0,26,0.5003,0,0,0,0,AMZN181130P01332500
AMZN,1673.57,*,AMZN181130C01335000,,call,11/30/2018,11/29/2018,1335,0,333.5,343.4,0,0,0.5908,1,0,-31.3638,0,AMZN181130C01335000
AMZN,1673.57,*,AMZN181130P01335000,,put,11/30/2018,11/29/2018,1335,0.07,0,0.18,5,92,0.5003,0,0,0,0,AMZN181130P01335000
AMZN,1673.57,*,AMZN181130C01337500,,call,11/30/2018,11/29/2018,1337.5,0,331,340.75,0,0,0.5908,1,0,-31.4226,0,AMZN181130C01337500
AMZN,1673.57,*,AMZN181130P01337500,,put,11/30/2018,11/29/2018,1337.5,2.05,0,0.19,0,13,0.5003,0,0,0,0,AMZN181130P01337500
AMZN,1673.57,*,AMZN181130C01340000,,call,11/30/2018,11/29/2018,1340,209.35,328.55,338.5,0,9,0.5908,1,0,-31.4813,0,AMZN181130C01340000
AMZN,1673.57,*,AMZN181130P01340000,,put,11/30/2018,11/29/2018,1340,0.03,0,0.2,12,121,0.5003,0,0,0,0,AMZN181130P01340000
AMZN,1673.57,*,AMZN181130C01342500,,call,11/30/2018,11/29/2018,1342.5,182.8,326.25,335.95,0,2,0.5908,1,0,-31.54,0,AMZN181130C01342500
AMZN,1673.57,*,AMZN181130P01342500,,put,11/30/2018,11/29/2018,1342.5,0.29,0,0.19,0,36,0.5003,0,0,0,0,AMZN181130P01342500
AMZN,1673.57,*,AMZN181130C01345000,,call,11/30/2018,11/29/2018,1345,184.05,323.5,333.35,0,1,0.5908,1,0,-31.5988,0,AMZN181130C01345000
AMZN,1673.57,*,AMZN181130P01345000,,put,11/30/2018,11/29/2018,1345,0.27,0,0.1,0,35,0.5003,0,0,0,0,AMZN181130P01345000
AMZN,1673.57,*,AMZN181130C01347500,,call,11/30/2018,11/29/2018,1347.5,215.7,321,331,0,17,0.5908,1,0,-31.6575,0,AMZN181130C01347500
AMZN,1673.57,*,AMZN181130P01347500,,put,11/30/2018,11/29/2018,1347.5,0.05,0,0.19,0,32,0.5003,0,0,0,0,AMZN181130P01347500
AMZN,1673.57,*,AMZN181130C01350000,,call,11/30/2018,11/29/2018,1350,315.28,318.5,328.45,10,19,0.5908,1,0,-31.7162,0,AMZN181130C01350000
AMZN,1673.57,*,AMZN181130P01350000,,put,11/30/2018,11/29/2018,1350,0.03,0.02,0.08,27,623,0.5003,0,0,0,0,AMZN181130P01350000
AMZN,1673.57,*,AMZN181130C01352500,,call,11/30/2018,11/29/2018,1352.5,160.8,316,325.95,0,2,0.5908,1,0,-31.775,0,AMZN181130C01352500
AMZN,1673.57,*,AMZN181130P01352500,,put,11/30/2018,11/29/2018,1352.5,0.01,0,0.19,0,40,0.5003,0,0,0,0,AMZN181130P01352500
AMZN,1673.57,*,AMZN181130C01355000,,call,11/30/2018,11/29/2018,1355,179.5,313.5,323.4,0,2,0.5908,1,0,-31.8337,0,AMZN181130C01355000
AMZN,1673.57,*,AMZN181130P01355000,,put,11/30/2018,11/29/2018,1355,0.1,0,0.05,0,54,0.5003,0,0,0,0,AMZN181130P01355000
AMZN,1673.57,*,AMZN181130C01357500,,call,11/30/2018,11/29/2018,1357.5,161.85,311,321,0,1,0.5908,1,0,-31.8924,0,AMZN181130C01357500
AMZN,1673.57,*,AMZN181130P01357500,,put,11/30/2018,11/29/2018,1357.5,0.05,0,0.2,0,24,0.5003,0,0,0,0,AMZN181130P01357500
AMZN,1673.57,*,AMZN181130C01360000,,call,11/30/2018,11/29/2018,1360,219.49,308.95,318.5,0,2,0.5908,1,0,-31.9512,0,AMZN181130C01360000
AMZN,1673.57,*,AMZN181130P01360000,,put,11/30/2018,11/29/2018,1360,0.02,0,0.05,19,791,0.5003,0,0,0,0,AMZN181130P01360000
AMZN,1673.57,*,AMZN181130C01362500,,call,11/30/2018,11/29/2018,1362.5,180.65,306.15,315.95,0,3,0.5908,1,0,-32.0099,0,AMZN181130C01362500
AMZN,1673.57,*,AMZN181130P01362500,,put,11/30/2018,11/29/2018,1362.5,0.65,0,0.22,0,31,0.5003,0,0,0,0,AMZN181130P01362500
AMZN,1673.57,*,AMZN181130C01365000,,call,11/30/2018,11/29/2018,1365,162,303.5,313.45,0,7,0.5908,1,0,-32.0686,0,AMZN181130C01365000
AMZN,1673.57,*,AMZN181130P01365000,,put,11/30/2018,11/29/2018,1365,0.02,0,0.22,5,100,0.5003,0,0,0,0,AMZN181130P01365000
AMZN,1673.57,*,AMZN181130C01367500,,call,11/30/2018,11/29/2018,1367.5,150.85,301.4,311,0,1,0.5908,1,0,-32.1274,0,AMZN181130C01367500
AMZN,1673.57,*,AMZN181130P01367500,,put,11/30/2018,11/29/2018,1367.5,0.11,0,0.07,0,618,0.5003,0,0,0,0,AMZN181130P01367500
AMZN,1673.57,*,AMZN181130C01370000,,call,11/30/2018,11/29/2018,1370,200,298.9,308.5,0,1,0.5908,1,0,-32.1861,0,AMZN181130C01370000
AMZN,1673.57,*,AMZN181130P01370000,,put,11/30/2018,11/29/2018,1370,0.06,0.02,0.1,8,513,0.5003,0,0,0,0,AMZN181130P01370000
AMZN,1673.57,*,AMZN181130C01372500,,call,11/30/2018,11/29/2018,1372.5,140.25,296.25,306,0,8,0.5908,1,0,-32.2448,0,AMZN181130C01372500
AMZN,1673.57,*,AMZN181130P01372500,,put,11/30/2018,11/29/2018,1372.5,0.65,0,0.25,0,50,0.5003,0,0,0,0,AMZN181130P01372500
AMZN,1673.57,*,AMZN181130C01375000,,call,11/30/2018,11/29/2018,1375,180.01,293.65,303.5,0,17,0.5908,1,0,-32.3036,0,AMZN181130C01375000
AMZN,1673.57,*,AMZN181130P01375000,,put,11/30/2018,11/29/2018,1375,0.03,0,0.05,15,63,0.5003,0,0,0,0,AMZN181130P01375000
AMZN,1673.57,*,AMZN181130C01377500,,call,11/30/2018,11/29/2018,1377.5,149.75,292.35,301.5,0,3,0.5908,1,0,-32.3623,0,AMZN181130C01377500
AMZN,1673.57,*,AMZN181130P01377500,,put,11/30/2018,11/29/2018,1377.5,0.01,0,0.05,1,33,0.5003,0,0,0,0,AMZN181130P01377500
AMZN,1673.57,*,AMZN181130C01380000,,call,11/30/2018,11/29/2018,1380,236,288.75,298.5,0,5,0.5908,1,0,-32.421,0,AMZN181130C01380000
AMZN,1673.57,*,AMZN181130P01380000,,put,11/30/2018,11/29/2018,1380,0.07,0.01,0.07,28,929,0.5003,0,0,0,0,AMZN181130P01380000
AMZN,1673.57,*,AMZN181130C01382500,,call,11/30/2018,11/29/2018,1382.5,167.45,286.4,296,0,11,0.5908,1,0,-32.4798,0,AMZN181130C01382500
AMZN,1673.57,*,AMZN181130P01382500,,put,11/30/2018,11/29/2018,1382.5,0.1,0,0.22,0,84,0.5003,0,0,0,0,AMZN181130P01382500
AMZN,1673.57,*,AMZN181130C01385000,,call,11/30/2018,11/29/2018,1385,147.45,284.25,293.5,0,5,0.5908,1,0,-32.5385,0,AMZN181130C01385000
AMZN,1673.57,*,AMZN181130P01385000,,put,11/30/2018,11/29/2018,1385,0.08,0,0.26,0,100,0.5003,0,0,0,0,AMZN181130P01385000
AMZN,1673.57,*,AMZN181130C01387500,,call,11/30/2018,11/29/2018,1387.5,150.95,281.5,291,0,3,0.5908,1,0,-32.5972,0,AMZN181130C01387500
AMZN,1673.57,*,AMZN181130P01387500,,put,11/30/2018,11/29/2018,1387.5,0.1,0,0.24,0,49,0.5003,0,0,0,0,AMZN181130P01387500
AMZN,1673.57,*,AMZN181130C01390000,,call,11/30/2018,11/29/2018,1390,148.75,278.9,288.5,0,5,0.5908,1,0,-32.656,0,AMZN181130C01390000
AMZN,1673.57,*,AMZN181130P01390000,,put,11/30/2018,11/29/2018,1390,0.06,0,0.22,11,299,0.5003,0,0,0,0,AMZN181130P01390000
AMZN,1673.57,*,AMZN181130C01392500,,call,11/30/2018,11/29/2018,1392.5,129.95,276,285.45,0,9,0.5908,1,0,-32.7147,0,AMZN181130C01392500
AMZN,1673.57,*,AMZN181130P01392500,,put,11/30/2018,11/29/2018,1392.5,0.11,0,0.23,0,23,0.5003,0,0,0,0,AMZN181130P01392500
AMZN,1673.57,*,AMZN181130C01395000,,call,11/30/2018,11/29/2018,1395,160.83,273.85,283.5,0,3,0.5908,1,0,-32.7734,0,AMZN181130C01395000
AMZN,1673.57,*,AMZN181130P01395000,,put,11/30/2018,11/29/2018,1395,0.05,0.02,0.05,1,83,0.5003,0,0,0,0,AMZN181130P01395000
AMZN,1673.57,*,AMZN181130C01397500,,call,11/30/2018,11/29/2018,1397.5,132.2,271.05,281,0,11,0.5908,1,0,-32.8322,0,AMZN181130C01397500
AMZN,1673.57,*,AMZN181130P01397500,,put,11/30/2018,11/29/2018,1397.5,0.05,0,0.23,2,190,0.5003,0,0,0,0,AMZN181130P01397500
AMZN,1673.57,*,AMZN181130C01400000,,call,11/30/2018,11/29/2018,1400,255.8,268.7,278.1,10,154,0.5908,1,0,-32.8909,0,AMZN181130C01400000
AMZN,1673.57,*,AMZN181130P01400000,,put,11/30/2018,11/29/2018,1400,0.03,0.03,0.06,74,1251,0.5003,0,0,0,0,AMZN181130P01400000
AMZN,1673.57,*,AMZN181130C01402500,,call,11/30/2018,11/29/2018,1402.5,127.8,266.4,276,0,20,0.5908,1,0,-32.9496,0,AMZN181130C01402500
AMZN,1673.57,*,AMZN181130P01402500,,put,11/30/2018,11/29/2018,1402.5,0.14,0,0.05,0,63,0.5003,0,0,0,0,AMZN181130P01402500
AMZN,1673.57,*,AMZN181130C01405000,,call,11/30/2018,11/29/2018,1405,109.6,263.5,273.35,0,12,0.5908,1,0,-33.0084,0,AMZN181130C01405000
AMZN,1673.57,*,AMZN181130P01405000,,put,11/30/2018,11/29/2018,1405,0.11,0,0.23,0,129,0.5003,0,0,0,0,AMZN181130P01405000
AMZN,1673.57,*,AMZN181130C01407500,,call,11/30/2018,11/29/2018,1407.5,124.45,261,270.85,0,10,0.5908,1,0,-33.0671,0,AMZN181130C01407500
AMZN,1673.57,*,AMZN181130P01407500,,put,11/30/2018,11/29/2018,1407.5,0.1,0,0.23,0,81,0.5003,0,0,0,0,AMZN181130P01407500
AMZN,1673.57,*,AMZN181130C01410000,,call,11/30/2018,11/29/2018,1410,251.1,259,268.5,10,19,0.5908,1,0,-33.1258,0,AMZN181130C01410000
AMZN,1673.57,*,AMZN181130P01410000,,put,11/30/2018,11/29/2018,1410,0.05,0,0.07,19,185,0.5003,0,0,0,0,AMZN181130P01410000
AMZN,1673.57,*,AMZN181130C01412500,,call,11/30/2018,11/29/2018,1412.5,111.2,256.2,265.95,0,7,0.5908,1,0,-33.1846,0,AMZN181130C01412500
AMZN,1673.57,*,AMZN181130P01412500,,put,11/30/2018,11/29/2018,1412.5,0.05,0,0.23,10,35,0.5003,0,0,0,0,AMZN181130P01412500
AMZN,1673.57,*,AMZN181130C01415000,,call,11/30/2018,11/29/2018,1415,145.75,253.55,263.1,0,5,0.5908,1,0,-33.2433,0,AMZN181130C01415000
AMZN,1673.57,*,AMZN181130P01415000,,put,11/30/2018,11/29/2018,1415,0.08,0,0.2,5,69,0.5003,0,0,0,0,AMZN181130P01415000
AMZN,1673.57,*,AMZN181130C01417500,,call,11/30/2018,11/29/2018,1417.5,198.55,251.7,261,0,3,0.5908,1,0,-33.302,0,AMZN181130C01417500
AMZN,1673.57,*,AMZN181130P01417500,,put,11/30/2018,11/29/2018,1417.5,0.12,0,0.24,0,68,0.5003,0,0,0,0,AMZN181130P01417500
AMZN,1673.57,*,AMZN181130C01420000,,call,11/30/2018,11/29/2018,1420,253,248.6,258.3,1,9,0.5908,1,0,-33.3608,0,AMZN181130C01420000
AMZN,1673.57,*,AMZN181130P01420000,,put,11/30/2018,11/29/2018,1420,0.07,0.01,0.13,19,329,0.5003,0,0,0,0,AMZN181130P01420000
AMZN,1673.57,*,AMZN181130C01422500,,call,11/30/2018,11/29/2018,1422.5,149.18,245.5,253.7,0,15,0.5908,1,0,-33.4195,0,AMZN181130C01422500
AMZN,1673.57,*,AMZN181130P01422500,,put,11/30/2018,11/29/2018,1422.5,0.5,0.02,0.24,0,52,0.5003,0,0,0,0,AMZN181130P01422500
AMZN,1673.57,*,AMZN181130C01425000,,call,11/30/2018,11/29/2018,1425,141.85,243.2,251.2,0,15,0.5908,1,0,-33.4782,0,AMZN181130C01425000
AMZN,1673.57,*,AMZN181130P01425000,,put,11/30/2018,11/29/2018,1425,0.04,0.03,0.1,7,513,0.5003,0,0,0,0,AMZN181130P01425000
AMZN,1673.57,*,AMZN181130C01427500,,call,11/30/2018,11/29/2018,1427.5,92.85,243.75,251.5,0,12,0.5908,1,0,-33.537,0,AMZN181130C01427500
AMZN,1673.57,*,AMZN181130P01427500,,put,11/30/2018,11/29/2018,1427.5,0.1,0.01,0.26,16,103,0.5003,0,0,0,0,AMZN181130P01427500
AMZN,1673.57,*,AMZN181130C01430000,,call,11/30/2018,11/29/2018,1430,219.37,238.55,246.2,0,27,0.5908,1,0,-33.5957,0,AMZN181130C01430000
AMZN,1673.57,*,AMZN181130P01430000,,put,11/30/2018,11/29/2018,1430,0.05,0.05,0.06,30,383,0.5003,0,0,0,0,AMZN181130P01430000
AMZN,1673.57,*,AMZN181130C01432500,,call,11/30/2018,11/29/2018,1432.5,173.56,236,245.7,0,28,0.5908,1,0,-33.6544,0,AMZN181130C01432500
AMZN,1673.57,*,AMZN181130P01432500,,put,11/30/2018,11/29/2018,1432.5,0.14,0,0.28,0,70,0.5003,0,0,0,0,AMZN181130P01432500
AMZN,1673.57,*,AMZN181130C01435000,,call,11/30/2018,11/29/2018,1435,103.75,233.55,243.45,0,27,0.5908,1,0,-33.7132,0,AMZN181130C01435000
AMZN,1673.57,*,AMZN181130P01435000,,put,11/30/2018,11/29/2018,1435,0.08,0.05,0.28,22,311,0.5003,0,0,0,0,AMZN181130P01435000
AMZN,1673.57,*,AMZN181130C01437500,,call,11/30/2018,11/29/2018,1437.5,114.1,231,241,0,31,0.5908,1,0,-33.7719,0,AMZN181130C01437500
AMZN,1673.57,*,AMZN181130P01437500,,put,11/30/2018,11/29/2018,1437.5,0.08,0,0.08,1,203,0.5003,0,0,0,0,AMZN181130P01437500
AMZN,1673.57,*,AMZN181130C01440000,,call,11/30/2018,11/29/2018,1440,139.15,228.8,238.5,0,43,0.5908,1,0,-33.8306,0,AMZN181130C01440000
AMZN,1673.57,*,AMZN181130P01440000,,put,11/30/2018,11/29/2018,1440,0.04,0.03,0.1,107,547,0.5003,0,0,0,0,AMZN181130P01440000
AMZN,1673.57,*,AMZN181130C01442500,,call,11/30/2018,11/29/2018,1442.5,116.77,225.5,233.7,0,20,0.5908,1,0,-33.8894,0,AMZN181130C01442500
AMZN,1673.57,*,AMZN181130P01442500,,put,11/30/2018,11/29/2018,1442.5,0.16,0.04,0.32,1,75,0.5003,0,0,0,0,AMZN181130P01442500
AMZN,1673.57,*,AMZN181130C01445000,,call,11/30/2018,11/29/2018,1445,241.62,223.2,231.2,5,44,0.5908,1,0,-33.9481,0,AMZN181130C01445000
AMZN,1673.57,*,AMZN181130P01445000,,put,11/30/2018,11/29/2018,1445,0.02,0,0.3,1,134,0.5003,0,0,0,0,AMZN181130P01445000
AMZN,1673.57,*,AMZN181130C01447500,,call,11/30/2018,11/29/2018,1447.5,239.14,220.7,228.7,1,27,0.5908,1,0,-34.0068,0,AMZN181130C01447500
AMZN,1673.57,*,AMZN181130P01447500,,put,11/30/2018,11/29/2018,1447.5,0.06,0,0.33,3,85,0.5003,0,0,0,0,AMZN181130P01447500
AMZN,1673.57,*,AMZN181130C01450000,,call,11/30/2018,11/29/2018,1450,234.7,218,227.75,13,207,0.5908,1,0,-34.0656,0,AMZN181130C01450000
AMZN,1673.57,*,AMZN181130P01450000,,put,11/30/2018,11/29/2018,1450,0.04,0.04,0.08,142,1539,0.5003,0,0,0,0,AMZN181130P01450000
AMZN,1673.57,*,AMZN181130C01452500,,call,11/30/2018,11/29/2018,1452.5,231.23,215.7,223.7,1,31,0.5908,1,0,-34.1243,0,AMZN181130C01452500
AMZN,1673.57,*,AMZN181130P01452500,,put,11/30/2018,11/29/2018,1452.5,0.13,0.03,0.23,0,53,0.5003,0,0,0,0,AMZN181130P01452500
AMZN,1673.57,*,AMZN181130C01455000,,call,11/30/2018,11/29/2018,1455,138.63,213.2,221.2,0,27,0.5908,1,0,-34.183,0,AMZN181130C01455000
AMZN,1673.57,*,AMZN181130P01455000,,put,11/30/2018,11/29/2018,1455,0.1,0,0.16,0,113,0.5003,0,0,0,0,AMZN181130P01455000
AMZN,1673.57,*,AMZN181130C01457500,,call,11/30/2018,11/29/2018,1457.5,86.1,211.5,218.7,0,14,0.5908,1,0,-34.2418,0,AMZN181130C01457500
AMZN,1673.57,*,AMZN181130P01457500,,put,11/30/2018,11/29/2018,1457.5,0.1,0.05,0.31,12,150,0.5003,0,0,0,0,AMZN181130P01457500
AMZN,1673.57,*,AMZN181130C01460000,,call,11/30/2018,11/29/2018,1460,212.23,208.5,216.2,0,104,0.5908,1,0,-34.3005,0,AMZN181130C01460000
AMZN,1673.57,*,AMZN181130P01460000,,put,11/30/2018,11/29/2018,1460,0.08,0.05,0.1,116,376,0.5003,0,0,0,0,AMZN181130P01460000
AMZN,1673.57,*,AMZN181130C01462500,,call,11/30/2018,11/29/2018,1462.5,79.35,206,213.7,0,31,0.5908,1,0,-34.3592,0,AMZN181130C01462500
AMZN,1673.57,*,AMZN181130P01462500,,put,11/30/2018,11/29/2018,1462.5,0.1,0.05,0.31,10,55,0.5003,0,0,0,0,AMZN181130P01462500
AMZN,1673.57,*,AMZN181130C01465000,,call,11/30/2018,11/29/2018,1465,212.65,203.55,211.2,1,44,0.5908,1,0,-34.418,0,AMZN181130C01465000
AMZN,1673.57,*,AMZN181130P01465000,,put,11/30/2018,11/29/2018,1465,0.05,0,0.31,2,166,0.5003,0,0,0,0,AMZN181130P01465000
AMZN,1673.57,*,AMZN181130C01467500,,call,11/30/2018,11/29/2018,1467.5,112.5,201,208.7,0,23,0.5908,1,0,-34.4767,0,AMZN181130C01467500
AMZN,1673.57,*,AMZN181130P01467500,,put,11/30/2018,11/29/2018,1467.5,0.17,0,0.35,1,59,0.5003,0,0,0,0,AMZN181130P01467500
AMZN,1673.57,*,AMZN181130C01470000,,call,11/30/2018,11/29/2018,1470,195.7,201.25,208.75,1,66,0.5908,1,0,-34.5354,0,AMZN181130C01470000
AMZN,1673.57,*,AMZN181130P01470000,,put,11/30/2018,11/29/2018,1470,0.07,0.03,0.1,119,714,0.5003,0,0,0,0,AMZN181130P01470000
AMZN,1673.57,*,AMZN181130C01472500,,call,11/30/2018,11/29/2018,1472.5,161.54,198.75,205.4,0,28,0.5908,1,0,-34.5942,0,AMZN181130C01472500
AMZN,1673.57,*,AMZN181130P01472500,,put,11/30/2018,11/29/2018,1472.5,0.07,0,0.2,1,100,0.5003,0,0,0,0,AMZN181130P01472500
AMZN,1673.57,*,AMZN181130C01475000,,call,11/30/2018,11/29/2018,1475,152.75,194,203.65,0,43,0.5908,1,0,-34.6529,0,AMZN181130C01475000
AMZN,1673.57,*,AMZN181130P01475000,,put,11/30/2018,11/29/2018,1475,0.1,0.01,0.31,28,370,0.5003,0,0,0,0,AMZN181130P01475000
AMZN,1673.57,*,AMZN181130C01477500,,call,11/30/2018,11/29/2018,1477.5,79,191.5,200.95,0,19,0.5908,1,0,-34.7116,0,AMZN181130C01477500
AMZN,1673.57,*,AMZN181130P01477500,,put,11/30/2018,11/29/2018,1477.5,0.06,0,0.3,14,104,0.5003,0,0,0,0,AMZN181130P01477500
AMZN,1673.57,*,AMZN181130C01480000,,call,11/30/2018,11/29/2018,1480,209.48,189,197.2,20,188,0.5908,1,0,-34.7704,0,AMZN181130C01480000
AMZN,1673.57,*,AMZN181130P01480000,,put,11/30/2018,11/29/2018,1480,0.07,0.04,0.1,32,457,0.5003,0,0,0,0,AMZN181130P01480000
AMZN,1673.57,*,AMZN181130C01482500,,call,11/30/2018,11/29/2018,1482.5,207,187.05,195.7,15,34,0.5908,1,0,-34.8291,0,AMZN181130C01482500
AMZN,1673.57,*,AMZN181130P01482500,,put,11/30/2018,11/29/2018,1482.5,0.2,0,0.32,13,195,0.5003,0,0,0,0,AMZN181130P01482500
AMZN,1673.57,*,AMZN181130C01485000,,call,11/30/2018,11/29/2018,1485,173.6,184.5,193.3,5,126,0.5908,1,0,-34.8878,0,AMZN181130C01485000
AMZN,1673.57,*,AMZN181130P01485000,,put,11/30/2018,11/29/2018,1485,0.09,0.05,0.2,25,199,0.5003,0,0,0,0,AMZN181130P01485000
AMZN,1673.57,*,AMZN181130C01487500,,call,11/30/2018,11/29/2018,1487.5,107.11,181,188.7,0,24,0.5908,1,0,-34.9466,0,AMZN181130C01487500
AMZN,1673.57,*,AMZN181130P01487500,,put,11/30/2018,11/29/2018,1487.5,0.08,0,0.29,12,100,0.5003,0,0,0,0,AMZN181130P01487500
AMZN,1673.57,*,AMZN181130C01490000,,call,11/30/2018,11/29/2018,1490,188,178.5,186.2,0,45,0.5908,1,0,-35.0053,0,AMZN181130C01490000
AMZN,1673.57,*,AMZN181130P01490000,,put,11/30/2018,11/29/2018,1490,0.1,0.05,0.12,9,651,0.5003,0,0,0,0,AMZN181130P01490000
AMZN,1673.57,*,AMZN181130C01492500,,call,11/30/2018,11/29/2018,1492.5,152.1,176,183.7,0,28,0.5908,1,0,-35.064,0,AMZN181130C01492500
AMZN,1673.57,*,AMZN181130P01492500,,put,11/30/2018,11/29/2018,1492.5,0.12,0,0.22,5,98,0.5003,0,0,0,0,AMZN181130P01492500
AMZN,1673.57,*,AMZN181130C01495000,,call,11/30/2018,11/29/2018,1495,184.68,173.5,181.2,1,59,0.5908,1,0,-35.1228,0,AMZN181130C01495000
AMZN,1673.57,*,AMZN181130P01495000,,put,11/30/2018,11/29/2018,1495,0.11,0.02,0.09,36,248,0.5003,0,0,0,0,AMZN181130P01495000
AMZN,1673.57,*,AMZN181130C01497500,,call,11/30/2018,11/29/2018,1497.5,183,171,178.7,1,94,0.5908,1,0,-35.1815,0,AMZN181130C01497500
AMZN,1673.57,*,AMZN181130P01497500,,put,11/30/2018,11/29/2018,1497.5,0.05,0.05,0.12,8,220,0.5003,0,0,0,0,AMZN181130P01497500
AMZN,1673.57,*,AMZN181130C01500000,,call,11/30/2018,11/29/2018,1500,183.77,169.3,176.2,120,639,0.5908,1,0,-35.2403,0,AMZN181130C01500000
AMZN,1673.57,*,AMZN181130P01500000,,put,11/30/2018,11/29/2018,1500,0.14,0.04,0.08,678,2069,0.5003,0,0,0,0,AMZN181130P01500000
AMZN,1673.57,*,AMZN181130C01502500,,call,11/30/2018,11/29/2018,1502.5,181.09,166,173.7,1,44,0.5908,1,0,-35.2991,0,AMZN181130C01502500
AMZN,1673.57,*,AMZN181130P01502500,,put,11/30/2018,11/29/2018,1502.5,0.15,0,0.3,11,71,0.5003,0,0,0,0,AMZN181130P01502500
AMZN,1673.57,*,AMZN181130C01505000,,call,11/30/2018,11/29/2018,1505,153.57,164,173.3,3,91,0.5908,1,0,-35.3578,0,AMZN181130C01505000
AMZN,1673.57,*,AMZN181130P01505000,,put,11/30/2018,11/29/2018,1505,0.08,0,0.29,26,320,0.5003,0,0,0,0,AMZN181130P01505000
AMZN,1673.57,*,AMZN181130C01507500,,call,11/30/2018,11/29/2018,1507.5,109.27,161.5,170.8,0,13,0.5908,1,0,-35.4167,0,AMZN181130C01507500
AMZN,1673.57,*,AMZN181130P01507500,,put,11/30/2018,11/29/2018,1507.5,0.2,0,0.32,0,228,0.5003,0,0,0,0,AMZN181130P01507500
AMZN,1673.57,*,AMZN181130C01510000,,call,11/30/2018,11/29/2018,1510,177.22,159.95,169,27,177,0.5908,1,0,-35.4756,0,AMZN181130C01510000
AMZN,1673.57,*,AMZN181130P01510000,,put,11/30/2018,11/29/2018,1510,0.05,0.05,0.13,180,671,0.5003,0,0,0,0,AMZN181130P01510000
AMZN,1673.57,*,AMZN181130C01512500,,call,11/30/2018,11/29/2018,1512.5,173.5,156.5,165.75,4,37,0.5908,1,0,-35.5346,0,AMZN181130C01512500
AMZN,1673.57,*,AMZN181130P01512500,,put,11/30/2018,11/29/2018,1512.5,0.06,0.05,0.3,12,219,0.5003,0,0,0,0,AMZN181130P01512500
AMZN,1673.57,*,AMZN181130C01515000,,call,11/30/2018,11/29/2018,1515,144.43,154.7,161.45,4,104,0.5908,1,0,-35.5937,0,AMZN181130C01515000
AMZN,1673.57,*,AMZN181130P01515000,,put,11/30/2018,11/29/2018,1515,0.1,0.05,0.15,15,375,0.5003,0,0,0,0,AMZN181130P01515000
AMZN,1673.57,*,AMZN181130C01517500,,call,11/30/2018,11/29/2018,1517.5,141.72,151.5,158.95,1,27,0.5908,1,0,-35.6532,0,AMZN181130C01517500
AMZN,1673.57,*,AMZN181130P01517500,,put,11/30/2018,11/29/2018,1517.5,0.15,0,0.3,3,174,0.5003,0,0,0,0,AMZN181130P01517500
AMZN,1673.57,*,AMZN181130C01520000,,call,11/30/2018,11/29/2018,1520,151.25,149,156.45,40,604,0.5908,1,0,-35.7131,0,AMZN181130C01520000
AMZN,1673.57,*,AMZN181130P01520000,,put,11/30/2018,11/29/2018,1520,0.08,0.05,0.31,213,627,0.5003,0,0,0,0,AMZN181130P01520000
AMZN,1673.57,*,AMZN181130C01522500,,call,11/30/2018,11/29/2018,1522.5,164.07,148.8,155.6,4,67,0.5908,1,0,-35.7738,0,AMZN181130C01522500
AMZN,1673.57,*,AMZN181130P01522500,,put,11/30/2018,11/29/2018,1522.5,0.15,0,0.31,2,86,0.5003,0,0,0,0,AMZN181130P01522500
AMZN,1673.57,*,AMZN181130C01525000,,call,11/30/2018,11/29/2018,1525,161,144.6,151,10,155,0.5908,1,0,-35.8356,0,AMZN181130C01525000
AMZN,1673.57,*,AMZN181130P01525000,,put,11/30/2018,11/29/2018,1525,0.08,0.02,0.12,127,523,0.5003,0,0,0,0,AMZN181130P01525000
AMZN,1673.57,*,AMZN181130C01527500,,call,11/30/2018,11/29/2018,1527.5,144.15,141.5,148.95,3,34,0.5908,1,0,-35.8992,0,AMZN181130C01527500
AMZN,1673.57,*,AMZN181130P01527500,,put,11/30/2018,11/29/2018,1527.5,0.13,0,0.27,12,134,0.5003,0,0,-0.0001,0,AMZN181130P01527500
AMZN,1673.57,*,AMZN181130C01530000,,call,11/30/2018,11/29/2018,1530,156,140,149,40,407,0.5908,1,0,-35.9656,0.0001,AMZN181130C01530000
AMZN,1673.57,*,AMZN181130P01530000,,put,11/30/2018,11/29/2018,1530,0.1,0.07,0.23,82,799,0.5003,0,0,-0.0001,0,AMZN181130P01530000
AMZN,1673.57,*,AMZN181130C01532500,,call,11/30/2018,11/29/2018,1532.5,138,136.5,146.05,4,72,0.5908,1,0,-36.0362,0.0001,AMZN181130C01532500
AMZN,1673.57,*,AMZN181130P01532500,,put,11/30/2018,11/29/2018,1532.5,0.23,0,0.41,5,158,0.5003,0,0,-0.0002,0,AMZN181130P01532500
AMZN,1673.57,*,AMZN181130C01535000,,call,11/30/2018,11/29/2018,1535,146.78,134.6,141.45,29,442,0.5908,1,0,-36.1132,0.0002,AMZN181130C01535000
AMZN,1673.57,*,AMZN181130P01535000,,put,11/30/2018,11/29/2018,1535,0.16,0,0.45,64,314,0.5003,0,0,-0.0004,0,AMZN181130P01535000
AMZN,1673.57,*,AMZN181130C01537500,,call,11/30/2018,11/29/2018,1537.5,145.58,132.45,139.15,3,119,0.5908,1,0,-36.1997,0.0002,AMZN181130C01537500
AMZN,1673.57,*,AMZN181130P01537500,,put,11/30/2018,11/29/2018,1537.5,0.27,0,0.46,5,73,0.5003,0,0,-0.0008,0,AMZN181130P01537500
AMZN,1673.57,*,AMZN181130C01540000,,call,11/30/2018,11/29/2018,1540,145,129.95,139,20,333,0.5908,1,0,-36.3005,0.0004,AMZN181130C01540000
AMZN,1673.57,*,AMZN181130P01540000,,put,11/30/2018,11/29/2018,1540,0.12,0,0.35,172,739,0.5003,0,0,-0.0014,0,AMZN181130P01540000
AMZN,1673.57,*,AMZN181130C01542500,,call,11/30/2018,11/29/2018,1542.5,131,126.5,135.25,7,119,0.5908,1,0,-36.4221,0.0006,AMZN181130C01542500
AMZN,1673.57,*,AMZN181130P01542500,,put,11/30/2018,11/29/2018,1542.5,0.16,0,0.4,6,98,0.5003,0,0,-0.0025,0,AMZN181130P01542500
AMZN,1673.57,*,AMZN181130C01545000,,call,11/30/2018,11/29/2018,1545,132.7,124,133.5,5,187,0.5908,1,0,-36.5741,0.0009,AMZN181130C01545000
AMZN,1673.57,*,AMZN181130P01545000,,put,11/30/2018,11/29/2018,1545,0.1,0,0.35,47,252,0.5003,0,0,-0.0045,0,AMZN181130P01545000
AMZN,1673.57,*,AMZN181130C01547500,,call,11/30/2018,11/29/2018,1547.5,117.35,121.5,130.9,1,107,0.5908,1,0,-36.7699,0.0013,AMZN181130C01547500
AMZN,1673.57,*,AMZN181130P01547500,,put,11/30/2018,11/29/2018,1547.5,0.14,0,0.35,26,194,0.5003,0,0,-0.0079,0,AMZN181130P01547500
AMZN,1673.57,*,AMZN181130C01550000,,call,11/30/2018,11/29/2018,1550,121.3,119,126.5,435,1735,0.5908,1,0,-37.028,0.0019,AMZN181130C01550000
AMZN,1673.57,*,AMZN181130P01550000,,put,11/30/2018,11/29/2018,1550,0.11,0.09,0.15,541,1450,0.5003,0,0,-0.0136,0,AMZN181130P01550000
AMZN,1673.57,*,AMZN181130C01552500,,call,11/30/2018,11/29/2018,1552.5,127.75,117.5,124,15,117,0.5908,1,0,-37.3744,0.0028,AMZN181130C01552500
AMZN,1673.57,*,AMZN181130P01552500,,put,11/30/2018,11/29/2018,1552.5,0.1,0.01,0.11,26,180,0.5003,0,0,-0.0232,0.0001,AMZN181130P01552500
AMZN,1673.57,*,AMZN181130C01555000,,call,11/30/2018,11/29/2018,1555,126.92,114.65,124,10,201,0.5908,1,0,-37.8441,0.0041,AMZN181130C01555000
AMZN,1673.57,*,AMZN181130P01555000,,put,11/30/2018,11/29/2018,1555,0.1,0,0.11,97,218,0.5003,0,0,-0.0392,0.0001,AMZN181130P01555000
AMZN,1673.57,*,AMZN181130C01557500,,call,11/30/2018,11/29/2018,1557.5,126.04,111.5,120.1,9,101,0.5908,1,0,-38.4847,0.0059,AMZN181130C01557500
AMZN,1673.57,*,AMZN181130P01557500,,put,11/30/2018,11/29/2018,1557.5,0.24,0.01,0.64,28,154,0.5003,0,0,-0.0654,0.0002,AMZN181130P01557500
AMZN,1673.57,*,AMZN181130C01560000,,call,11/30/2018,11/29/2018,1560,114,109.65,119,192,655,0.5908,1,0,-39.36,0.0084,AMZN181130C01560000
AMZN,1673.57,*,AMZN181130P01560000,,put,11/30/2018,11/29/2018,1560,0.1,0.05,0.17,84,527,0.5003,0,0,-0.1079,0.0004,AMZN181130P01560000
AMZN,1673.57,*,AMZN181130C01562500,,call,11/30/2018,11/29/2018,1562.5,120.14,106.5,114,3,141,0.5908,0.9999,0,-40.5541,0.0119,AMZN181130C01562500
AMZN,1673.57,*,AMZN181130P01562500,,put,11/30/2018,11/29/2018,1562.5,0.25,0.03,0.71,24,145,0.5003,0,0,-0.1756,0.0006,AMZN181130P01562500
AMZN,1673.57,*,AMZN181130C01565000,,call,11/30/2018,11/29/2018,1565,116,104.4,111.5,66,219,0.5908,0.9999,0,-42.177,0.0167,AMZN181130C01565000
AMZN,1673.57,*,AMZN181130P01565000,,put,11/30/2018,11/29/2018,1565,0.12,0,0.76,98,242,0.5003,0,0,-0.2826,0.001,AMZN181130P01565000
AMZN,1673.57,*,AMZN181130C01567500,,call,11/30/2018,11/29/2018,1567.5,110.14,103.85,111.5,4,95,0.5908,0.9999,0,-44.3716,0.0233,AMZN181130C01567500
AMZN,1673.57,*,AMZN181130P01567500,,put,11/30/2018,11/29/2018,1567.5,0.15,0,0.2,22,202,0.5003,0,0,-0.4493,0.0016,AMZN181130P01567500
AMZN,1673.57,*,AMZN181130C01570000,,call,11/30/2018,11/29/2018,1570,117.6,100.1,107.75,73,818,0.5908,0.9998,0,-47.3203,0.0323,AMZN181130C01570000
AMZN,1673.57,*,AMZN181130P01570000,,put,11/30/2018,11/29/2018,1570,0.11,0.05,0.15,453,1287,0.5003,0,0,-0.706,0.0026,AMZN181130P01570000
AMZN,1673.57,*,AMZN181130C01572500,,call,11/30/2018,11/29/2018,1572.5,96.35,97.35,106.2,2,129,0.5908,0.9998,0,-51.2541,0.0443,AMZN181130C01572500
AMZN,1673.57,*,AMZN181130P01572500,,put,11/30/2018,11/29/2018,1572.5,0.18,0,0.13,17,123,0.5003,0,0,-1.0962,0.004,AMZN181130P01572500
AMZN,1673.57,*,AMZN181130C01575000,,call,11/30/2018,11/29/2018,1575,106.49,94.95,103.85,87,322,0.5908,0.9997,0,-56.4623,0.0602,AMZN181130C01575000
AMZN,1673.57,*,AMZN181130P01575000,,put,11/30/2018,11/29/2018,1575,0.15,0.12,0.2,205,572,0.5003,0,0,-1.6824,0.0061,AMZN181130P01575000
AMZN,1673.57,*,AMZN181130C01577500,,call,11/30/2018,11/29/2018,1577.5,99.18,92.6,101.1,4,192,0.5908,0.9996,0.0001,-63.3025,0.0812,AMZN181130C01577500
AMZN,1673.57,*,AMZN181130P01577500,,put,11/30/2018,11/29/2018,1577.5,0.23,0,0.89,68,172,0.5003,0,0,-2.5519,0.0093,AMZN181130P01577500
AMZN,1673.57,*,AMZN181130C01580000,,call,11/30/2018,11/29/2018,1580,97,89.55,98.25,111,1057,0.5908,0.9994,0.0001,-72.2117,0.1086,AMZN181130C01580000
AMZN,1673.57,*,AMZN181130P01580000,,put,11/30/2018,11/29/2018,1580,0.2,0.1,0.2,354,1386,0.5003,-0.0001,0,-3.8259,0.014,AMZN181130P01580000
AMZN,1673.57,*,AMZN181130C01582500,,call,11/30/2018,11/29/2018,1582.5,88,87.65,96.25,10,360,0.5908,0.9992,0.0001,-83.7178,0.144,AMZN181130C01582500
AMZN,1673.57,*,AMZN181130P01582500,,put,11/30/2018,11/29/2018,1582.5,0.17,0.05,0.93,57,116,0.5003,-0.0001,0,-5.6701,0.0207,AMZN181130P01582500
AMZN,1673.57,*,AMZN181130C01585000,,call,11/30/2018,11/29/2018,1585,100.05,85.25,93.05,74,434,0.5908,0.9989,0.0001,-98.4496,0.1894,AMZN181130C01585000
AMZN,1673.57,*,AMZN181130P01585000,,put,11/30/2018,11/29/2018,1585,0.15,0.14,0.24,538,593,0.5003,-0.0002,0,-8.3067,0.0303,AMZN181130P01585000
AMZN,1673.57,*,AMZN181130C01587500,,call,11/30/2018,11/29/2018,1587.5,96.59,82.1,90.7,36,109,0.5908,0.9985,0.0002,-117.1477,0.247,AMZN181130C01587500
AMZN,1673.57,*,AMZN181130P01587500,,put,11/30/2018,11/29/2018,1587.5,0.45,0,0.97,53,100,0.5003,-0.0002,0,-12.0306,0.044,AMZN181130P01587500
AMZN,1673.57,*,AMZN181130C01590000,,call,11/30/2018,11/29/2018,1590,99.44,79.65,88.75,121,1057,0.5908,0.998,0.0002,-140.6716,0.3197,AMZN181130C01590000
AMZN,1673.57,*,AMZN181130P01590000,,put,11/30/2018,11/29/2018,1590,0.2,0,0.97,815,834,0.5003,-0.0003,0,-17.2259,0.0629,AMZN181130P01590000
AMZN,1673.57,*,AMZN181130C01592500,,call,11/30/2018,11/29/2018,1592.5,91.54,77.35,86.5,17,133,0.5908,0.9974,0.0003,-170.0052,0.4102,AMZN181130C01592500
AMZN,1673.57,*,AMZN181130P01592500,,put,11/30/2018,11/29/2018,1592.5,0.35,0,0.97,78,131,0.5003,-0.0005,0.0001,-24.3858,0.0891,AMZN181130P01592500
AMZN,1673.57,*,AMZN181130C01595000,,call,11/30/2018,11/29/2018,1595,93.42,74.8,83.3,100,232,0.5908,0.9966,0.0003,-206.2581,0.5222,AMZN181130C01595000
AMZN,1673.57,*,AMZN181130P01595000,,put,11/30/2018,11/29/2018,1595,0.24,0,0.98,518,300,0.5003,-0.0007,0.0001,-34.1332,0.1247,AMZN181130P01595000
AMZN,1673.57,*,AMZN181130C01597500,,call,11/30/2018,11/29/2018,1597.5,73.67,73.05,81.4,61,161,0.5908,0.9955,0.0004,-250.662,0.6594,AMZN181130C01597500
AMZN,1673.57,*,AMZN181130P01597500,,put,11/30/2018,11/29/2018,1597.5,0.32,0,1.02,60,87,0.5003,-0.001,0.0001,-47.2415,0.1726,AMZN181130P01597500
AMZN,1673.57,*,AMZN181130C01600000,,call,11/30/2018,11/29/2018,1600,74.14,69.75,78.65,911,2150,0.5908,0.9943,0.0005,-304.5607,0.8261,AMZN181130C01600000
AMZN,1673.57,*,AMZN181130P01600000,,put,11/30/2018,11/29/2018,1600,0.31,0.25,0.32,3628,1274,0.5003,-0.0014,0.0002,-64.6547,0.2362,AMZN181130P01600000
AMZN,1673.57,*,AMZN181130C01602500,,call,11/30/2018,11/29/2018,1602.5,78.35,68.15,75.85,33,161,0.5908,0.9927,0.0007,-369.3936,1.0265,AMZN181130C01602500
AMZN,1673.57,*,AMZN181130P01602500,,put,11/30/2018,11/29/2018,1602.5,0.25,0.23,0.75,190,187,0.5003,-0.002,0.0002,-87.504,0.3197,AMZN181130P01602500
AMZN,1673.57,*,AMZN181130C01605000,,call,11/30/2018,11/29/2018,1605,76.9,64.85,73.6,81,202,0.5908,0.9907,0.0008,-446.6703,1.2655,AMZN181130C01605000
AMZN,1673.57,*,AMZN181130P01605000,,put,11/30/2018,11/29/2018,1605,0.4,0.3,0.6,257,216,0.5003,-0.0028,0.0003,-117.1196,0.428,AMZN181130P01605000
AMZN,1673.57,*,AMZN181130C01607500,,call,11/30/2018,11/29/2018,1607.5,78.9,62.3,70.7,16,170,0.5908,0.9883,0.001,-537.9371,1.5477,AMZN181130C01607500
AMZN,1673.57,*,AMZN181130P01607500,,put,11/30/2018,11/29/2018,1607.5,0.37,0.2,0.65,128,142,0.5003,-0.0038,0.0004,-155.0343,0.5665,AMZN181130P01607500
AMZN,1673.57,*,AMZN181130C01610000,,call,11/30/2018,11/29/2018,1610,70.69,60.45,69.15,325,1056,0.5908,0.9853,0.0012,-644.734,1.8781,AMZN181130C01610000
AMZN,1673.57,*,AMZN181130P01610000,,put,11/30/2018,11/29/2018,1610,0.44,0.3,0.57,1062,1000,0.5003,-0.0051,0.0006,-202.9757,0.7418,AMZN181130P01610000
AMZN,1673.57,*,AMZN181130C01612500,,call,11/30/2018,11/29/2018,1612.5,68.61,58,66.45,32,245,0.5908,0.9818,0.0015,-768.5435,2.2611,AMZN181130C01612500
AMZN,1673.57,*,AMZN181130P01612500,,put,11/30/2018,11/29/2018,1612.5,0.31,0.18,0.73,157,122,0.5003,-0.0068,0.0008,-262.8454,0.9606,AMZN181130P01612500
AMZN,1673.57,*,AMZN181130C01615000,,call,11/30/2018,11/29/2018,1615,67,55,63.95,141,395,0.5908,0.9775,0.0018,-910.7305,2.701,AMZN181130C01615000
AMZN,1673.57,*,AMZN181130P01615000,,put,11/30/2018,11/29/2018,1615,0.63,0.36,0.8,241,576,0.5003,-0.009,0.001,-336.6809,1.2304,AMZN181130P01615000
AMZN,1673.57,*,AMZN181130C01617500,,call,11/30/2018,11/29/2018,1617.5,71,53.1,61.85,97,275,0.5908,0.9725,0.0021,-1072.4759,3.2015,AMZN181130C01617500
AMZN,1673.57,*,AMZN181130P01617500,,put,11/30/2018,11/29/2018,1617.5,0.71,0,0.87,214,79,0.5003,-0.0118,0.0012,-426.5993,1.5591,AMZN181130P01617500
AMZN,1673.57,*,AMZN181130C01620000,,call,11/30/2018,11/29/2018,1620,56.15,50.75,58.85,368,1068,0.5908,0.9665,0.0025,-1254.7049,3.7654,AMZN181130C01620000
AMZN,1673.57,*,AMZN181130P01620000,,put,11/30/2018,11/29/2018,1620,0.76,0.56,1,1808,647,0.5003,-0.0154,0.0015,-534.7204,1.9544,AMZN181130P01620000
AMZN,1673.57,*,AMZN181130C01622500,,call,11/30/2018,11/29/2018,1622.5,59.2,48.5,56.75,20,110,0.5908,0.9596,0.0029,-1458.0132,4.3946,AMZN181130C01622500
AMZN,1673.57,*,AMZN181130P01622500,,put,11/30/2018,11/29/2018,1622.5,1.07,0.01,1.45,152,68,0.5003,-0.0198,0.0019,-663.0704,2.4236,AMZN181130P01622500
AMZN,1673.57,*,AMZN181130C01625000,,call,11/30/2018,11/29/2018,1625,48.55,46.35,54.4,165,790,0.5908,0.9515,0.0034,-1682.5936,5.0897,AMZN181130C01625000
AMZN,1673.57,*,AMZN181130P01625000,,put,11/30/2018,11/29/2018,1625,0.96,0.81,1.5,1333,435,0.5003,-0.0252,0.0023,-813.4674,2.9734,AMZN181130P01625000
AMZN,1673.57,*,AMZN181130C01627500,,call,11/30/2018,11/29/2018,1627.5,50.93,43.65,51.3,16,170,0.5908,0.9422,0.0039,-1928.1672,5.8499,AMZN181130C01627500
AMZN,1673.57,*,AMZN181130P01627500,,put,11/30/2018,11/29/2018,1627.5,0.99,0.94,1.66,480,90,0.5003,-0.0318,0.0028,-987.3913,3.6093,AMZN181130P01627500
AMZN,1673.57,*,AMZN181130C01630000,,call,11/30/2018,11/29/2018,1630,44.4,41.3,49.35,370,753,0.5908,0.9316,0.0044,-2193.9228,6.6726,AMZN181130C01630000
AMZN,1673.57,*,AMZN181130P01630000,,put,11/30/2018,11/29/2018,1630,1.31,1,1.89,1356,927,0.5003,-0.0397,0.0034,-1185.8453,4.335,AMZN181130P01630000
AMZN,1673.57,*,AMZN181130C01632500,,call,11/30/2018,11/29/2018,1632.5,43.1,40.65,47.05,82,200,0.5908,0.9195,0.005,-2478.4678,7.5536,AMZN181130C01632500
AMZN,1673.57,*,AMZN181130P01632500,,put,11/30/2018,11/29/2018,1632.5,1.35,0.1,2.18,669,61,0.5003,-0.0492,0.004,-1409.2149,5.1518,AMZN181130P01632500
AMZN,1673.57,*,AMZN181130C01635000,,call,11/30/2018,11/29/2018,1635,42.6,38.05,44,168,739,0.5908,0.9059,0.0056,-2779.7965,8.4866,AMZN181130C01635000
AMZN,1673.57,*,AMZN181130P01635000,,put,11/30/2018,11/29/2018,1635,1.66,1.1,2.5,609,798,0.5003,-0.0604,0.0047,-1657.1337,6.0586,AMZN181130P01635000
AMZN,1673.57,*,AMZN181130C01637500,,call,11/30/2018,11/29/2018,1637.5,51.7,35.7,41.5,28,186,0.5908,0.8907,0.0063,-3095.2761,9.4636,AMZN181130C01637500
AMZN,1673.57,*,AMZN181130P01637500,,put,11/30/2018,11/29/2018,1637.5,1.75,0,2.78,392,378,0.5003,-0.0735,0.0055,-1928.3664,7.0507,AMZN181130P01637500
AMZN,1673.57,*,AMZN181130C01640000,,call,11/30/2018,11/29/2018,1640,37.8,33.65,39.5,456,1178,0.5908,0.8739,0.0069,-3421.6569,10.4746,AMZN181130C01640000
AMZN,1673.57,*,AMZN181130P01640000,,put,11/30/2018,11/29/2018,1640,2.5,2.25,2.75,1868,554,0.5003,-0.0886,0.0063,-2220.7192,8.1202,AMZN181130P01640000
AMZN,1673.57,*,AMZN181130C01642500,,call,11/30/2018,11/29/2018,1642.5,40.5,31.65,37,75,169,0.5908,0.8554,0.0076,-3755.106,11.5075,AMZN181130C01642500
AMZN,1673.57,*,AMZN181130P01642500,,put,11/30/2018,11/29/2018,1642.5,2.9,0.1,3.65,218,88,0.5003,-0.1059,0.0072,-2530.9878,9.2554,AMZN181130P01642500
AMZN,1673.57,*,AMZN181130C01645000,,call,11/30/2018,11/29/2018,1645,35,29.15,35,147,492,0.5908,0.8351,0.0083,-4091.2659,12.5491,AMZN181130C01645000
AMZN,1673.57,*,AMZN181130P01645000,,put,11/30/2018,11/29/2018,1645,3.5,1,3.5,1001,331,0.5477,-0.1469,0.0083,-3480.9269,11.6277,AMZN181130P01645000
AMZN,1673.57,*,AMZN181130C01647500,,call,11/30/2018,11/29/2018,1647.5,39,27.3,33,267,140,0.5908,0.8131,0.009,-4425.3392,13.5844,AMZN181130C01647500
AMZN,1673.57,*,AMZN181130P01647500,,put,11/30/2018,11/29/2018,1647.5,3.62,3.25,3.85,843,125,0.6241,-0.1996,0.0089,-4824.4984,14.1425,AMZN181130P01647500
AMZN,1673.57,*,AMZN181130C01650000,,call,11/30/2018,11/29/2018,1650,28,26.65,31,2662,2561,0.5908,0.7895,0.0097,-4752.1955,14.5976,AMZN181130C01650000
AMZN,1673.57,*,AMZN181130P01650000,,put,11/30/2018,11/29/2018,1650,4,3.8,4.5,4808,967,0.628,-0.2242,0.0094,-5196.1607,15.1385,AMZN181130P01650000
AMZN,1673.57,*,AMZN181130C01652500,,call,11/30/2018,11/29/2018,1652.5,32,23.1,28.85,86,246,0.5908,0.7642,0.0103,-5066.4993,15.5723,AMZN181130C01652500
AMZN,1673.57,*,AMZN181130P01652500,,put,11/30/2018,11/29/2018,1652.5,4.35,4,5.85,503,225,0.6376,-0.252,0.0099,-5623.7216,16.1386,AMZN181130P01652500
AMZN,1673.57,*,AMZN181130C01655000,,call,11/30/2018,11/29/2018,1655,26.6,21,26.25,372,346,0.5908,0.7373,0.0109,-5362.8534,16.4916,AMZN181130C01655000
AMZN,1673.57,*,AMZN181130P01655000,,put,11/30/2018,11/29/2018,1655,5.15,3.4,5.8,945,143,0.5766,-0.2577,0.0111,-5145.3255,16.3312,AMZN181130P01655000
AMZN,1673.57,*,AMZN181130C01657500,,call,11/30/2018,11/29/2018,1657.5,27.29,19.8,24.5,263,250,0.5908,0.709,0.0115,-5635.9532,17.3392,AMZN181130C01657500
AMZN,1673.57,*,AMZN181130P01657500,,put,11/30/2018,11/29/2018,1657.5,6.05,5.35,6.3,408,116,0.6088,-0.2964,0.0112,-5817.2539,17.4879,AMZN181130P01657500
AMZN,1673.57,*,AMZN181130C01660000,,call,11/30/2018,11/29/2018,1660,21,18,22.75,2083,1324,0.5908,0.6794,0.012,-5880.7458,18.0994,AMZN181130C01660000
AMZN,1673.57,*,AMZN181130P01660000,,put,11/30/2018,11/29/2018,1660,6.7,5.6,7.1,2602,909,0.5939,-0.3214,0.0119,-5878.8373,18.1191,AMZN181130P01660000
AMZN,1673.57,*,AMZN181130C01662500,,call,11/30/2018,11/29/2018,1662.5,18.5,16.5,21.05,335,113,0.5908,0.6487,0.0124,-6092.5858,18.758,AMZN181130C01662500
AMZN,1673.57,*,AMZN181130P01662500,,put,11/30/2018,11/29/2018,1662.5,6.3,7,9.1,389,118,0.6386,-0.3614,0.0116,-6610.0132,18.9467,AMZN181130P01662500
AMZN,1673.57,*,AMZN181130C01665000,,call,11/30/2018,11/29/2018,1665,17.5,14.55,18.15,1344,311,0.5728,0.6204,0.0131,-6061.2273,19.2508,AMZN181130C01665000
AMZN,1673.57,*,AMZN181130P01665000,,put,11/30/2018,11/29/2018,1665,8.2,7.8,8.9,1693,216,0.6048,-0.3854,0.0125,-6388.3064,19.3389,AMZN181130P01665000
AMZN,1673.57,*,AMZN181130C01667500,,call,11/30/2018,11/29/2018,1667.5,20,13.35,18,444,216,0.5908,0.5846,0.0131,-6401.7361,19.7213,AMZN181130C01667500
AMZN,1673.57,*,AMZN181130P01667500,,put,11/30/2018,11/29/2018,1667.5,8.5,6.5,10.05,540,66,0.5488,-0.4096,0.014,-5889.6514,19.6558,AMZN181130P01667500
AMZN,1673.57,*,AMZN181130C01670000,,call,11/30/2018,11/29/2018,1670,14,12.5,15,2983,1443,0.5888,0.5518,0.0133,-6470.819,20.0065,AMZN181130C01670000
AMZN,1673.57,*,AMZN181130P01670000,,put,11/30/2018,11/29/2018,1670,9.81,8.55,11,3442,311,0.57,-0.4468,0.0137,-6222.6653,19.9967,AMZN181130P01670000
AMZN,1673.57,*,AMZN181130C01672500,,call,11/30/2018,11/29/2018,1672.5,12.33,11.3,13.55,614,245,0.5883,0.5184,0.0134,-6511.9474,20.1551,AMZN181130C01672500
AMZN,1673.57,*,AMZN181130P01672500,,put,11/30/2018,11/29/2018,1672.5,11.55,9.8,12.15,816,66,0.5711,-0.4813,0.0138,-6282.6231,20.1543,AMZN181130P01672500
AMZN,1673.57,*,AMZN181130C01675000,,call,11/30/2018,11/29/2018,1675,11.4,11,12.3,1843,534,0.5908,0.485,0.0133,-6540.5325,20.1622,AMZN181130C01675000
AMZN,1673.57,*,AMZN181130P01675000,,put,11/30/2018,11/29/2018,1675,12.11,10.95,13.35,1278,226,0.5667,-0.516,0.0139,-6234.5492,20.1604,AMZN181130P01675000
AMZN,1673.57,*,AMZN181130C01677500,,call,11/30/2018,11/29/2018,1677.5,10.1,9.3,12,1042,168,0.5908,0.4517,0.0133,-6496.0989,20.0288,AMZN181130C01677500
AMZN,1673.57,*,AMZN181130P01677500,,put,11/30/2018,11/29/2018,1677.5,13.75,11.5,15.75,582,136,0.5728,-0.55,0.0137,-6255.8641,20.018,AMZN181130P01677500
AMZN,1673.57,*,AMZN181130C01680000,,call,11/30/2018,11/29/2018,1680,9.5,8.5,9.5,4957,1092,0.5899,0.4188,0.0131,-6397.1898,19.757,AMZN181130C01680000
AMZN,1673.57,*,AMZN181130P01680000,,put,11/30/2018,11/29/2018,1680,15.2,14.55,17.35,2464,291,0.6179,-0.5773,0.0125,-6674.271,19.797,AMZN181130P01680000
AMZN,1673.57,*,AMZN181130C01682500,,call,11/30/2018,11/29/2018,1682.5,7.9,6,8.9,589,102,0.5604,0.3804,0.0134,-5924.8775,19.2625,AMZN181130C01682500
AMZN,1673.57,*,AMZN181130P01682500,,put,11/30/2018,11/29/2018,1682.5,16.55,14.5,19.1,506,16,0.5834,-0.6148,0.013,-6151.4091,19.3355,AMZN181130P01682500
AMZN,1673.57,*,AMZN181130C01685000,,call,11/30/2018,11/29/2018,1685,7.25,6.75,7.9,1707,284,0.5908,0.3553,0.0125,-6105.893,18.834,AMZN181130C01685000
AMZN,1673.57,*,AMZN181130P01685000,,put,11/30/2018,11/29/2018,1685,19,16,19.4,885,74,0.5462,-0.6565,0.0133,-5537.2905,18.6043,AMZN181130P01685000
AMZN,1673.57,*,AMZN181130C01687500,,call,11/30/2018,11/29/2018,1687.5,5.9,4.3,8.3,812,87,0.5895,0.3245,0.0121,-5883.7657,18.191,AMZN181130C01687500
AMZN,1673.57,*,AMZN181130P01687500,,put,11/30/2018,11/29/2018,1687.5,18.5,17.5,22.3,321,19,0.5718,-0.6808,0.0124,-5629.2253,18.0683,AMZN181130P01687500
AMZN,1673.57,*,AMZN181130C01690000,,call,11/30/2018,11/29/2018,1690,5.62,5.3,6,2874,864,0.5908,0.2956,0.0116,-5661.3701,17.4668,AMZN181130C01690000
AMZN,1673.57,*,AMZN181130P01690000,,put,11/30/2018,11/29/2018,1690,22.68,19.1,23.95,410,142,0.5619,-0.7142,0.012,-5261.0952,17.1944,AMZN181130P01690000
AMZN,1673.57,*,AMZN181130C01692500,,call,11/30/2018,11/29/2018,1692.5,4.9,4.6,5.45,305,194,0.5908,0.2677,0.011,-5396.077,16.65,AMZN181130C01692500
AMZN,1673.57,*,AMZN181130P01692500,,put,11/30/2018,11/29/2018,1692.5,22.75,20.5,25.7,26,17,0.5398,-0.7518,0.0116,-4701.9145,16.0114,AMZN181130P01692500
AMZN,1673.57,*,AMZN181130C01695000,,call,11/30/2018,11/29/2018,1695,4.5,4,4.75,2395,441,0.5908,0.2412,0.0104,-5108.561,15.7643,AMZN181130C01695000
AMZN,1673.57,*,AMZN181130P01695000,,put,11/30/2018,11/29/2018,1695,24.6,22.5,27.55,107,60,0.5349,-0.7816,0.0109,-4335.4731,14.911,AMZN181130P01695000
AMZN,1673.57,*,AMZN181130C01697500,,call,11/30/2018,11/29/2018,1697.5,3.83,3.6,4.2,317,185,0.5908,0.2162,0.0098,-4803.9175,14.8255,AMZN181130C01697500
AMZN,1673.57,*,AMZN181130P01697500,,put,11/30/2018,11/29/2018,1697.5,27.55,24.95,30.5,35,8,0.5801,-0.7881,0.0099,-4622.0898,14.6526,AMZN181130P01697500
AMZN,1673.57,*,AMZN181130C01700000,,call,11/30/2018,11/29/2018,1700,3.4,3.2,3.5,10646,2899,0.5908,0.1928,0.0092,-4487.2642,13.8494,AMZN181130C01700000
AMZN,1673.57,*,AMZN181130P01700000,,put,11/30/2018,11/29/2018,1700,27.9,26.5,31.1,391,311,0.4766,-0.8598,0.0092,-2906.3198,11.27,AMZN181130P01700000
AMZN,1673.57,*,AMZN181130C01702500,,call,11/30/2018,11/29/2018,1702.5,3.32,2.6,4.1,341,260,0.5908,0.1711,0.0085,-4163.6049,12.8514,AMZN181130C01702500
AMZN,1673.57,*,AMZN181130P01702500,,put,11/30/2018,11/29/2018,1702.5,24.7,28.5,34.3,45,9,0.4766,-0.8813,0.0082,-2585.1197,10.0425,AMZN181130P01702500
AMZN,1673.57,*,AMZN181130C01705000,,call,11/30/2018,11/29/2018,1705,2.5,2.3,3.7,555,291,0.5908,0.151,0.0078,-3837.7061,11.8462,AMZN181130C01705000
AMZN,1673.57,*,AMZN181130P01705000,,put,11/30/2018,11/29/2018,1705,25.95,30.7,36.5,37,26,0.4766,-0.9003,0.0073,-2275.1641,8.8577,AMZN181130P01705000
AMZN,1673.57,*,AMZN181130C01707500,,call,11/30/2018,11/29/2018,1707.5,2.1,2,3.3,218,92,0.5908,0.1326,0.0072,-3513.9921,10.8477,AMZN181130C01707500
AMZN,1673.57,*,AMZN181130P01707500,,put,11/30/2018,11/29/2018,1707.5,24.45,32.95,38.5,18,24,0.4766,-0.917,0.0063,-1981.1396,7.7337,AMZN181130P01707500
AMZN,1673.57,*,AMZN181130C01710000,,call,11/30/2018,11/29/2018,1710,1.7,1.5,2,3610,519,0.5908,0.1158,0.0065,-3196.4595,9.868,AMZN181130C01710000
AMZN,1673.57,*,AMZN181130P01710000,,put,11/30/2018,11/29/2018,1710,32.7,35,41,30,52,0.4766,-0.9314,0.0055,-1706.6695,6.6842,AMZN181130P01710000
AMZN,1673.57,*,AMZN181130C01712500,,call,11/30/2018,11/29/2018,1712.5,1.57,1,1.95,214,95,0.5908,0.1007,0.0059,-2888.6136,8.9181,AMZN181130C01712500
AMZN,1673.57,*,AMZN181130P01712500,,put,11/30/2018,11/29/2018,1712.5,40.55,37,42.65,0,12,0.4766,-0.9438,0.0047,-1454.3166,5.7192,AMZN181130P01712500
AMZN,1673.57,*,AMZN181130C01715000,,call,11/30/2018,11/29/2018,1715,1.29,0.05,2.11,1030,293,0.5153,0.0592,0.0045,-1685.1288,5.9647,AMZN181130C01715000
AMZN,1673.57,*,AMZN181130P01715000,,put,11/30/2018,11/29/2018,1715,36.96,39.6,45.5,15,52,0.4766,-0.9544,0.004,-1225.6362,4.8446,AMZN181130P01715000
AMZN,1673.57,*,AMZN181130C01717500,,call,11/30/2018,11/29/2018,1717.5,1.18,1.05,1.65,336,148,0.5153,0.049,0.0039,-1449.7301,5.1318,AMZN181130C01717500
AMZN,1673.57,*,AMZN181130P01717500,,put,11/30/2018,11/29/2018,1717.5,75,41.3,48.6,0,23,0.4766,-0.9633,0.0033,-1021.2693,4.063,AMZN181130P01717500
AMZN,1673.57,*,AMZN181130C01720000,,call,11/30/2018,11/29/2018,1720,1.05,0.7,1.22,2292,528,0.5153,0.0402,0.0033,-1236.6475,4.3777,AMZN181130C01720000
AMZN,1673.57,*,AMZN181130P01720000,,put,11/30/2018,11/29/2018,1720,37.15,43,50.75,41,54,0.4766,-0.9707,0.0028,-841.0644,3.3737,AMZN181130P01720000
AMZN,1673.57,*,AMZN181130C01722500,,call,11/30/2018,11/29/2018,1722.5,0.95,0.4,1.14,329,156,0.5153,0.0328,0.0028,-1045.9853,3.703,AMZN181130C01722500
AMZN,1673.57,*,AMZN181130P01722500,,put,11/30/2018,11/29/2018,1722.5,46.7,44.7,51,10,57,0.4766,-0.9768,0.0023,-684.2161,2.7737,AMZN181130P01722500
AMZN,1673.57,*,AMZN181130C01725000,,call,11/30/2018,11/29/2018,1725,0.7,0.16,1.2,1305,618,0.5153,0.0265,0.0024,-877.2879,3.1059,AMZN181130C01725000
AMZN,1673.57,*,AMZN181130P01725000,,put,11/30/2018,11/29/2018,1725,41.9,47.05,55.6,2,71,0.4766,-0.9818,0.0019,-549.4107,2.2581,AMZN181130P01725000
AMZN,1673.57,*,AMZN181130C01727500,,call,11/30/2018,11/29/2018,1727.5,0.7,0.6,1.26,145,54,0.5153,0.0213,0.002,-729.6448,2.5833,AMZN181130C01727500
AMZN,1673.57,*,AMZN181130P01727500,,put,11/30/2018,11/29/2018,1727.5,78.9,50.5,57.85,0,21,0.4766,-0.9859,0.0015,-434.9683,1.8204,AMZN181130P01727500
AMZN,1673.57,*,AMZN181130C01730000,,call,11/30/2018,11/29/2018,1730,0.58,0.2,0.9,1097,474,0.5153,0.017,0.0016,-601.7964,2.1307,AMZN181130C01730000
AMZN,1673.57,*,AMZN181130P01730000,,put,11/30/2018,11/29/2018,1730,75,52.9,60.2,4,37,0.4766,-0.9891,0.0012,-338.9752,1.4532,AMZN181130P01730000
AMZN,1673.57,*,AMZN181130C01732500,,call,11/30/2018,11/29/2018,1732.5,0.64,0.2,0.68,90,59,0.5153,0.0134,0.0013,-492.2347,1.7429,AMZN181130C01732500
AMZN,1673.57,*,AMZN181130P01732500,,put,11/30/2018,11/29/2018,1732.5,54.75,55.05,63.7,0,21,0.4766,-0.9917,0.0009,-259.4003,1.1488,AMZN181130P01732500
AMZN,1673.57,*,AMZN181130C01735000,,call,11/30/2018,11/29/2018,1735,0.59,0,0.97,326,168,0.5153,0.0106,0.0011,-399.2961,1.4138,AMZN181130C01735000
AMZN,1673.57,*,AMZN181130P01735000,,put,11/30/2018,11/29/2018,1735,55.83,57.05,65.85,1,19,0.4766,-0.9937,0.0007,-194.1935,0.8995,AMZN181130P01735000
AMZN,1673.57,*,AMZN181130C01737500,,call,11/30/2018,11/29/2018,1737.5,0.43,0,0.87,95,65,0.5153,0.0082,0.0009,-321.2431,1.1375,AMZN181130C01737500
AMZN,1673.57,*,AMZN181130P01737500,,put,11/30/2018,11/29/2018,1737.5,60.82,60,68.45,1,9,0.4766,-0.9953,0.0006,-141.3633,0.6975,AMZN181130P01737500
AMZN,1673.57,*,AMZN181130C01740000,,call,11/30/2018,11/29/2018,1740,0.3,0.25,0.61,453,335,0.5153,0.0064,0.0007,-256.3328,0.9077,AMZN181130C01740000
AMZN,1673.57,*,AMZN181130P01740000,,put,11/30/2018,11/29/2018,1740,70.43,61.9,70.6,10,128,0.4766,-0.9965,0.0004,-99.0354,0.5357,AMZN181130P01740000
AMZN,1673.57,*,AMZN181130C01742500,,call,11/30/2018,11/29/2018,1742.5,0.25,0,0.48,201,93,0.5153,0.0049,0.0005,-202.8717,0.7184,AMZN181130C01742500
AMZN,1673.57,*,AMZN181130P01742500,,put,11/30/2018,11/29/2018,1742.5,181.95,64.2,73.4,0,3,0.4766,-0.9974,0.0003,-65.4918,0.4075,AMZN181130P01742500
AMZN,1673.57,*,AMZN181130C01745000,,call,11/30/2018,11/29/2018,1745,0.76,0,0.44,229,202,0.5153,0.0037,0.0004,-159.258,0.564,AMZN181130C01745000
AMZN,1673.57,*,AMZN181130P01745000,,put,11/30/2018,11/29/2018,1745,127,66.7,75.65,0,3,0.4766,-0.9981,0.0003,-39.1947,0.307,AMZN181130P01745000
AMZN,1673.57,*,AMZN181130C01747500,,call,11/30/2018,11/29/2018,1747.5,0.28,0,0.81,83,56,0.5153,0.0028,0.0003,-124.0106,0.4392,AMZN181130C01747500
AMZN,1673.57,*,AMZN181130P01747500,,put,11/30/2018,11/29/2018,1747.5,194.94,69.2,78.1,0,0,0.4766,-0.9986,0.0002,-18.7961,0.2292,AMZN181130P01747500
AMZN,1673.57,*,AMZN181130C01750000,,call,11/30/2018,11/29/2018,1750,0.25,0.2,0.25,1992,1491,0.5153,0.0021,0.0003,-95.7876,0.3392,AMZN181130C01750000
AMZN,1673.57,*,AMZN181130P01750000,,put,11/30/2018,11/29/2018,1750,76.7,72.75,80.25,3,90,0.4766,-0.999,0.0001,-3.1369,0.1694,AMZN181130P01750000
AMZN,1673.57,*,AMZN181130C01752500,,call,11/30/2018,11/29/2018,1752.5,0.31,0.05,0.73,91,64,0.5153,0.0016,0.0002,-73.3953,0.2599,AMZN181130C01752500
AMZN,1673.57,*,AMZN181130P01752500,,put,11/30/2018,11/29/2018,1752.5,166.29,74.45,83.1,0,37,0.4766,-0.9993,0.0001,8.762,0.1241,AMZN181130P01752500
AMZN,1673.57,*,AMZN181130C01755000,,call,11/30/2018,11/29/2018,1755,0.21,0,0.34,169,131,0.5153,0.0012,0.0001,-55.7892,0.1976,AMZN181130C01755000
AMZN,1673.57,*,AMZN181130P01755000,,put,11/30/2018,11/29/2018,1755,78,77.15,85.85,0,19,0.4766,-0.9995,0.0001,17.714,0.09,AMZN181130P01755000
AMZN,1673.57,*,AMZN181130C01757500,,call,11/30/2018,11/29/2018,1757.5,0.27,0,0.32,17,32,0.5153,0.0009,0.0001,-42.0698,0.149,AMZN181130C01757500
AMZN,1673.57,*,AMZN181130P01757500,,put,11/30/2018,11/29/2018,1757.5,175.1,79.5,88.15,0,2,0.4766,-0.9996,0.0001,24.3839,0.0647,AMZN181130P01757500
AMZN,1673.57,*,AMZN181130C01760000,,call,11/30/2018,11/29/2018,1760,0.15,0,0.23,129,232,0.5153,0.0006,0.0001,-31.4735,0.1115,AMZN181130C01760000
AMZN,1673.57,*,AMZN181130P01760000,,put,11/30/2018,11/29/2018,1760,80.4,82.1,90.9,107,5,0.4766,-0.9998,0,29.3075,0.0461,AMZN181130P01760000
AMZN,1673.57,*,AMZN181130C01762500,,call,11/30/2018,11/29/2018,1762.5,0.3,0,0.66,23,79,0.5153,0.0005,0.0001,-23.3608,0.0827,AMZN181130C01762500
AMZN,1673.57,*,AMZN181130P01762500,,put,11/30/2018,11/29/2018,1762.5,152.15,84.7,93.3,0,6,0.4766,-0.9998,0,32.91,0.0325,AMZN181130P01762500
AMZN,1673.57,*,AMZN181130C01765000,,call,11/30/2018,11/29/2018,1765,0.3,0,0.66,51,105,0.5153,0.0003,0,-17.2033,0.0609,AMZN181130C01765000
AMZN,1673.57,*,AMZN181130P01765000,,put,11/30/2018,11/29/2018,1765,84.18,86.85,95.65,4,27,0.4766,-0.9999,0,35.5245,0.0228,AMZN181130P01765000
AMZN,1673.57,*,AMZN181130C01767500,,call,11/30/2018,11/29/2018,1767.5,0.4,0.1,0.63,32,17,0.5153,0.0002,0,-12.57,0.0445,AMZN181130C01767500
AMZN,1673.57,*,AMZN181130P01767500,,put,11/30/2018,11/29/2018,1767.5,181.8,89,98.1,0,4,0.4766,-0.9999,0,37.4081,0.0158,AMZN181130P01767500
AMZN,1673.57,*,AMZN181130C01770000,,call,11/30/2018,11/29/2018,1770,0.17,0,0.25,308,426,0.5153,0.0002,0,-9.1132,0.0323,AMZN181130C01770000
AMZN,1673.57,*,AMZN181130P01770000,,put,11/30/2018,11/29/2018,1770,92.24,91.7,100.35,16,12,0.4766,-0.9999,0,38.7572,0.0108,AMZN181130P01770000
AMZN,1673.57,*,AMZN181130C01772500,,call,11/30/2018,11/29/2018,1772.5,0.22,0.05,0.2,34,119,0.5153,0.0001,0,-6.5559,0.0232,AMZN181130C01772500
AMZN,1673.57,*,AMZN181130P01772500,,put,11/30/2018,11/29/2018,1772.5,127.45,93.8,103.05,0,21,0.4766,-1,0,39.7193,0.0074,AMZN181130P01772500
AMZN,1673.57,*,AMZN181130C01775000,,call,11/30/2018,11/29/2018,1775,0.31,0,0.19,56,194,0.5153,0.0001,0,-4.6799,0.0166,AMZN181130C01775000
AMZN,1673.57,*,AMZN181130P01775000,,put,11/30/2018,11/29/2018,1775,112.9,97.2,104.95,0,32,0.4766,-1,0,40.4044,0.005,AMZN181130P01775000
AMZN,1673.57,*,AMZN181130C01777500,,call,11/30/2018,11/29/2018,1777.5,0.19,0,0.4,6,55,0.5153,0.0001,0,-3.3151,0.0117,AMZN181130C01777500
AMZN,1673.57,*,AMZN181130P01777500,,put,11/30/2018,11/29/2018,1777.5,134.4,100.1,107.95,0,8,0.4766,-1,0,40.8934,0.0033,AMZN181130P01777500
AMZN,1673.57,*,AMZN181130C01780000,,call,11/30/2018,11/29/2018,1780,0.2,0.01,0.3,50,247,0.5153,0,0,-2.3304,0.0083,AMZN181130C01780000
AMZN,1673.57,*,AMZN181130P01780000,,put,11/30/2018,11/29/2018,1780,97.5,102.55,111,160,84,0.4766,-1,0,41.2447,0.0022,AMZN181130P01780000
AMZN,1673.57,*,AMZN181130C01782500,,call,11/30/2018,11/29/2018,1782.5,0.14,0,0.54,3,39,0.5153,0,0,-1.6257,0.0058,AMZN181130C01782500
AMZN,1673.57,*,AMZN181130P01782500,,put,11/30/2018,11/29/2018,1782.5,202.16,103.6,113.5,0,16,0.4766,-1,0,41.5006,0.0014,AMZN181130P01782500
AMZN,1673.57,*,AMZN181130C01785000,,call,11/30/2018,11/29/2018,1785,0.47,0,0.51,9,52,0.5153,0,0,-1.1255,0.004,AMZN181130C01785000
AMZN,1673.57,*,AMZN181130P01785000,,put,11/30/2018,11/29/2018,1785,121.87,106,116,0,1,0.4766,-1,0,41.6909,0.0009,AMZN181130P01785000
AMZN,1673.57,*,AMZN181130C01787500,,call,11/30/2018,11/29/2018,1787.5,0.15,0,0.51,4,23,0.5153,0,0,-0.7734,0.0027,AMZN181130C01787500
AMZN,1673.57,*,AMZN181130P01787500,,put,11/30/2018,11/29/2018,1787.5,263.35,108.5,118.5,0,2,0.4766,-1,0,41.8367,0.0006,AMZN181130P01787500
AMZN,1673.57,*,AMZN181130C01790000,,call,11/30/2018,11/29/2018,1790,0.08,0,0.51,48,219,0.5153,0,0,-0.5274,0.0019,AMZN181130C01790000
AMZN,1673.57,*,AMZN181130P01790000,,put,11/30/2018,11/29/2018,1790,208.62,111.3,121,0,0,0.4766,-1,0,41.9524,0.0004,AMZN181130P01790000
AMZN,1673.57,*,AMZN181130C01792500,,call,11/30/2018,11/29/2018,1792.5,0.49,0,0.5,0,16,0.5153,0,0,-0.357,0.0013,AMZN181130C01792500
AMZN,1673.57,*,AMZN181130P01792500,,put,11/30/2018,11/29/2018,1792.5,212.05,113.65,123.5,0,0,0.4766,-1,0,42.0481,0.0002,AMZN181130P01792500
AMZN,1673.57,*,AMZN181130C01795000,,call,11/30/2018,11/29/2018,1795,0.07,0,0.17,11,164,0.5153,0,0,-0.2398,0.0008,AMZN181130C01795000
AMZN,1673.57,*,AMZN181130P01795000,,put,11/30/2018,11/29/2018,1795,184.05,116.4,126,0,0,0.4766,-1,0,42.1306,0.0002,AMZN181130P01795000
AMZN,1673.57,*,AMZN181130C01797500,,call,11/30/2018,11/29/2018,1797.5,0.1,0,0.2,34,41,0.5153,0,0,-0.1599,0.0006,AMZN181130C01797500
AMZN,1673.57,*,AMZN181130P01797500,,put,11/30/2018,11/29/2018,1797.5,190.1,119.1,128.5,0,1,0.4766,-1,0,42.2045,0.0001,AMZN181130P01797500
AMZN,1673.57,*,AMZN181130C01800000,,call,11/30/2018,11/29/2018,1800,0.08,0.05,0.08,370,1401,0.5153,0,0,-0.1059,0.0004,AMZN181130C01800000
AMZN,1673.57,*,AMZN181130P01800000,,put,11/30/2018,11/29/2018,1800,120,121.35,131,10,4,0.4766,-1,0,42.2729,0.0001,AMZN181130P01800000
AMZN,1673.57,*,AMZN181130C01802500,,call,11/30/2018,11/29/2018,1802.5,0.12,0.05,0.49,3,49,0.5153,0,0,-0.0696,0.0002,AMZN181130C01802500
AMZN,1673.57,*,AMZN181130P01802500,,put,11/30/2018,11/29/2018,1802.5,223.35,123.5,133.45,0,2,0.4766,-1,0,42.3376,0,AMZN181130P01802500
AMZN,1673.57,*,AMZN181130C01805000,,call,11/30/2018,11/29/2018,1805,0.13,0,0.17,17,76,0.5153,0,0,-0.0454,0.0002,AMZN181130C01805000
AMZN,1673.57,*,AMZN181130P01805000,,put,11/30/2018,11/29/2018,1805,194.55,126.35,136,0,11,0.4766,-1,0,42.4,0,AMZN181130P01805000
AMZN,1673.57,*,AMZN181130C01807500,,call,11/30/2018,11/29/2018,1807.5,0.23,0,0.3,1,37,0.5153,0,0,-0.0294,0.0001,AMZN181130C01807500
AMZN,1673.57,*,AMZN181130P01807500,,put,11/30/2018,11/29/2018,1807.5,197.05,128.85,138.5,0,1,0.4766,-1,0,42.461,0,AMZN181130P01807500
AMZN,1673.57,*,AMZN181130C01810000,,call,11/30/2018,11/29/2018,1810,0.12,0,0.14,26,156,0.5153,0,0,-0.0189,0.0001,AMZN181130C01810000
AMZN,1673.57,*,AMZN181130P01810000,,put,11/30/2018,11/29/2018,1810,136.2,131.1,141,4,25,0.4766,-1,0,42.5212,0,AMZN181130P01810000
AMZN,1673.57,*,AMZN181130C01812500,,call,11/30/2018,11/29/2018,1812.5,1.25,0,0.49,0,15,0.5153,0,0,-0.012,0,AMZN181130C01812500
AMZN,1673.57,*,AMZN181130P01812500,,put,11/30/2018,11/29/2018,1812.5,205.1,133.6,143.5,0,1,0.4766,-1,0,42.5807,0,AMZN181130P01812500
AMZN,1673.57,*,AMZN181130C01815000,,call,11/30/2018,11/29/2018,1815,0.14,0,0.49,0,47,0.5153,0,0,-0.0076,0,AMZN181130C01815000
AMZN,1673.57,*,AMZN181130P01815000,,put,11/30/2018,11/29/2018,1815,197.18,136.2,146,0,1,0.4766,-1,0,42.64,0,AMZN181130P01815000
AMZN,1673.57,*,AMZN181130C01817500,,call,11/30/2018,11/29/2018,1817.5,0.1,0,0.49,1,33,0.5153,0,0,-0.0048,0,AMZN181130C01817500
AMZN,1673.57,*,AMZN181130P01817500,,put,11/30/2018,11/29/2018,1817.5,282.95,138.6,148.5,0,0,0.4766,-1,0,42.699,0,AMZN181130P01817500
AMZN,1673.57,*,AMZN181130C01820000,,call,11/30/2018,11/29/2018,1820,0.05,0,0.35,29,405,0.5153,0,0,-0.003,0,AMZN181130C01820000
AMZN,1673.57,*,AMZN181130P01820000,,put,11/30/2018,11/29/2018,1820,241.86,141.1,151,0,3,0.4766,-1,0,42.7579,0,AMZN181130P01820000
AMZN,1673.57,*,AMZN181130C01822500,,call,11/30/2018,11/29/2018,1822.5,0.14,0,0.47,1,46,0.5153,0,0,-0.0019,0,AMZN181130C01822500
AMZN,1673.57,*,AMZN181130P01822500,,put,11/30/2018,11/29/2018,1822.5,297.85,143.7,153.5,0,0,0.4766,-1,0,42.8168,0,AMZN181130P01822500
AMZN,1673.57,*,AMZN181130C01825000,,call,11/30/2018,11/29/2018,1825,0.12,0,0.17,1,114,0.5153,0,0,-0.0011,0,AMZN181130C01825000
AMZN,1673.57,*,AMZN181130P01825000,,put,11/30/2018,11/29/2018,1825,246.42,146.1,156,0,12,0.4766,-1,0,42.8756,0,AMZN181130P01825000
AMZN,1673.57,*,AMZN181130C01827500,,call,11/30/2018,11/29/2018,1827.5,0.12,0,0.46,2,34,0.5153,0,0,-0.0007,0,AMZN181130C01827500
AMZN,1673.57,*,AMZN181130P01827500,,put,11/30/2018,11/29/2018,1827.5,301.3,148.85,158.5,0,0,0.4766,-1,0,42.9343,0,AMZN181130P01827500
AMZN,1673.57,*,AMZN181130C01830000,,call,11/30/2018,11/29/2018,1830,0.06,0.05,0.17,82,516,0.5153,0,0,-0.0004,0,AMZN181130C01830000
AMZN,1673.57,*,AMZN181130P01830000,,put,11/30/2018,11/29/2018,1830,242.45,151.1,161,0,2,0.4766,-1,0,42.9931,0,AMZN181130P01830000
AMZN,1673.57,*,AMZN181130C01832500,,call,11/30/2018,11/29/2018,1832.5,0.19,0,0.47,0,24,0.5153,0,0,-0.0003,0,AMZN181130C01832500
AMZN,1673.57,*,AMZN181130P01832500,,put,11/30/2018,11/29/2018,1832.5,186.35,153.6,163.5,0,0,0.4766,-1,0,43.0518,0,AMZN181130P01832500
AMZN,1673.57,*,AMZN181130C01835000,,call,11/30/2018,11/29/2018,1835,0.12,0,0.47,0,50,0.5153,0,0,-0.0002,0,AMZN181130C01835000
AMZN,1673.57,*,AMZN181130P01835000,,put,11/30/2018,11/29/2018,1835,178.95,156.05,166,2,129,0.4766,-1,0,43.1106,0,AMZN181130P01835000
AMZN,1673.57,*,AMZN181130C01837500,,call,11/30/2018,11/29/2018,1837.5,0.01,0,0.45,1,29,0.5153,0,0,-0.0001,0,AMZN181130C01837500
AMZN,1673.57,*,AMZN181130P01837500,,put,11/30/2018,11/29/2018,1837.5,227,158.5,168.4,0,0,0.4766,-1,0,43.1693,0,AMZN181130P01837500
AMZN,1673.57,*,AMZN181130C01840000,,call,11/30/2018,11/29/2018,1840,0.12,0,0.1,2,93,0.5153,0,0,-0.0001,0,AMZN181130C01840000
AMZN,1673.57,*,AMZN181130P01840000,,put,11/30/2018,11/29/2018,1840,287.98,161.35,171,0,0,0.4766,-1,0,43.228,0,AMZN181130P01840000
AMZN,1673.57,*,AMZN181130C01842500,,call,11/30/2018,11/29/2018,1842.5,0.83,0,0.47,0,41,0.5153,0,0,0,0,AMZN181130C01842500
AMZN,1673.57,*,AMZN181130P01842500,,put,11/30/2018,11/29/2018,1842.5,269.22,163.65,173.4,0,0,0.4766,-1,0,43.2868,0,AMZN181130P01842500
AMZN,1673.57,*,AMZN181130C01845000,,call,11/30/2018,11/29/2018,1845,0.05,0,0.51,1,63,0.5153,0,0,0,0,AMZN181130C01845000
AMZN,1673.57,*,AMZN181130P01845000,,put,11/30/2018,11/29/2018,1845,339.82,166,174.8,0,9,0.4766,-1,0,43.3455,0,AMZN181130P01845000
AMZN,1673.57,*,AMZN181130C01847500,,call,11/30/2018,11/29/2018,1847.5,1.28,0,0.53,0,25,0.5153,0,0,0,0,AMZN181130C01847500
AMZN,1673.57,*,AMZN181130P01847500,,put,11/30/2018,11/29/2018,1847.5,294.9,168.85,178.5,0,0,0.4766,-1,0,43.4042,0,AMZN181130P01847500
AMZN,1673.57,*,AMZN181130C01850000,,call,11/30/2018,11/29/2018,1850,0.06,0.04,0.07,79,598,0.5153,0,0,0,0,AMZN181130C01850000
AMZN,1673.57,*,AMZN181130P01850000,,put,11/30/2018,11/29/2018,1850,166.12,171.35,181,11,118,0.4766,-1,0,43.463,0,AMZN181130P01850000
AMZN,1673.57,*,AMZN181130C01852500,,call,11/30/2018,11/29/2018,1852.5,0.1,0,0.1,11,48,0.5153,0,0,0,0,AMZN181130C01852500
AMZN,1673.57,*,AMZN181130P01852500,,put,11/30/2018,11/29/2018,1852.5,314.6,173.85,183.5,0,2,0.4766,-1,0,43.5217,0,AMZN181130P01852500
AMZN,1673.57,*,AMZN181130C01855000,,call,11/30/2018,11/29/2018,1855,0.01,0,0.56,4,67,0.5153,0,0,0,0,AMZN181130C01855000
AMZN,1673.57,*,AMZN181130P01855000,,put,11/30/2018,11/29/2018,1855,333.93,176.55,186,0,0,0.4766,-1,0,43.5804,0,AMZN181130P01855000
AMZN,1673.57,*,AMZN181130C01857500,,call,11/30/2018,11/29/2018,1857.5,0.07,0,0.57,1,41,0.5153,0,0,0,0,AMZN181130C01857500
AMZN,1673.57,*,AMZN181130P01857500,,put,11/30/2018,11/29/2018,1857.5,317.4,179.05,188.5,0,1,0.4766,-1,0,43.6392,0,AMZN181130P01857500
AMZN,1673.57,*,AMZN181130C01860000,,call,11/30/2018,11/29/2018,1860,0.09,0,0.08,4,127,0.5153,0,0,0,0,AMZN181130C01860000
AMZN,1673.57,*,AMZN181130P01860000,,put,11/30/2018,11/29/2018,1860,179.5,181.6,191,0,16,0.4766,-1,0,43.6979,0,AMZN181130P01860000
AMZN,1673.57,*,AMZN181130C01862500,,call,11/30/2018,11/29/2018,1862.5,1.29,0,0.62,0,42,0.5153,0,0,0,0,AMZN181130C01862500
AMZN,1673.57,*,AMZN181130P01862500,,put,11/30/2018,11/29/2018,1862.5,181.6,184,193.5,0,14,0.4766,-1,0,43.7566,0,AMZN181130P01862500
AMZN,1673.57,*,AMZN181130C01865000,,call,11/30/2018,11/29/2018,1865,0.13,0,0.08,0,50,0.5153,0,0,0,0,AMZN181130C01865000
AMZN,1673.57,*,AMZN181130P01865000,,put,11/30/2018,11/29/2018,1865,327.05,186.35,196,0,3,0.4766,-1,0,43.8154,0,AMZN181130P01865000
AMZN,1673.57,*,AMZN181130C01867500,,call,11/30/2018,11/29/2018,1867.5,0.08,0,0.6,0,25,0.5153,0,0,0,0,AMZN181130C01867500
AMZN,1673.57,*,AMZN181130P01867500,,put,11/30/2018,11/29/2018,1867.5,186.6,188.95,198.5,0,13,0.4766,-1,0,43.8741,0,AMZN181130P01867500
AMZN,1673.57,*,AMZN181130C01870000,,call,11/30/2018,11/29/2018,1870,0.05,0,0.6,2,120,0.5153,0,0,0,0,AMZN181130C01870000
AMZN,1673.57,*,AMZN181130P01870000,,put,11/30/2018,11/29/2018,1870,290.46,191.35,201,0,0,0.4766,-1,0,43.9328,0,AMZN181130P01870000
AMZN,1673.57,*,AMZN181130C01872500,,call,11/30/2018,11/29/2018,1872.5,0.92,0,0.6,0,44,0.5153,0,0,0,0,AMZN181130C01872500
AMZN,1673.57,*,AMZN181130P01872500,,put,11/30/2018,11/29/2018,1872.5,191.3,194.1,203.5,0,18,0.4766,-1,0,43.9916,0,AMZN181130P01872500
AMZN,1673.57,*,AMZN181130C01875000,,call,11/30/2018,11/29/2018,1875,0.1,0,0.6,0,15,0.5153,0,0,0,0,AMZN181130C01875000
AMZN,1673.57,*,AMZN181130P01875000,,put,11/30/2018,11/29/2018,1875,325.62,196,205.95,0,9,0.4766,-1,0,44.0503,0,AMZN181130P01875000
AMZN,1673.57,*,AMZN181130C01880000,,call,11/30/2018,11/29/2018,1880,0.05,0,0.09,11,127,0.5153,0,0,0,0,AMZN181130C01880000
AMZN,1673.57,*,AMZN181130P01880000,,put,11/30/2018,11/29/2018,1880,198.35,201.35,211,0,49,0.4766,-1,0,44.1678,0,AMZN181130P01880000
AMZN,1673.57,*,AMZN181130C01885000,,call,11/30/2018,11/29/2018,1885,0.75,0,0.58,0,10,0.5153,0,0,0,0,AMZN181130C01885000
AMZN,1673.57,*,AMZN181130P01885000,,put,11/30/2018,11/29/2018,1885,208.1,206.65,215.45,0,0,0.4766,-1,0,44.2852,0,AMZN181130P01885000
AMZN,1673.57,*,AMZN181130C01890000,,call,11/30/2018,11/29/2018,1890,0.08,0,0.07,0,166,0.5153,0,0,0,0,AMZN181130C01890000
AMZN,1673.57,*,AMZN181130P01890000,,put,11/30/2018,11/29/2018,1890,208.35,211.5,221,0,43,0.4766,-1,0,44.4027,0,AMZN181130P01890000
AMZN,1673.57,*,AMZN181130C01895000,,call,11/30/2018,11/29/2018,1895,0,0,0.57,0,0,0.5153,0,0,0,0,AMZN181130C01895000
AMZN,1673.57,*,AMZN181130P01895000,,put,11/30/2018,11/29/2018,1895,315.5,216.55,226,0,1,0.4766,-1,0,44.5202,0,AMZN181130P01895000
AMZN,1673.57,*,AMZN181130C01900000,,call,11/30/2018,11/29/2018,1900,0.04,0.02,0.05,36,931,0.5153,0,0,0,0,AMZN181130C01900000
AMZN,1673.57,*,AMZN181130P01900000,,put,11/30/2018,11/29/2018,1900,315.08,221.2,231,0,3,0.4766,-1,0,44.6376,0,AMZN181130P01900000
AMZN,1673.57,*,AMZN181130C01905000,,call,11/30/2018,11/29/2018,1905,0.68,0,0.48,0,1,0.5153,0,0,0,0,AMZN181130C01905000
AMZN,1673.57,*,AMZN181130P01905000,,put,11/30/2018,11/29/2018,1905,341.65,226.2,236,0,1,0.4766,-1,0,44.7551,0,AMZN181130P01905000
AMZN,1673.57,*,AMZN181130C01910000,,call,11/30/2018,11/29/2018,1910,0.03,0,0.05,2,140,0.5153,0,0,0,0,AMZN181130C01910000
AMZN,1673.57,*,AMZN181130P01910000,,put,11/30/2018,11/29/2018,1910,380.35,231.2,241,0,0,0.4766,-1,0,44.8726,0,AMZN181130P01910000
AMZN,1673.57,*,AMZN181130C01915000,,call,11/30/2018,11/29/2018,1915,0.04,0,0.41,0,54,0.5153,0,0,0,0,AMZN181130C01915000
AMZN,1673.57,*,AMZN181130P01915000,,put,11/30/2018,11/29/2018,1915,234.79,236.2,245.95,0,0,0.4766,-1,0,44.99,0,AMZN181130P01915000
AMZN,1673.57,*,AMZN181130C01920000,,call,11/30/2018,11/29/2018,1920,0.06,0,0.36,0,147,0.5153,0,0,0,0,AMZN181130C01920000
AMZN,1673.57,*,AMZN181130P01920000,,put,11/30/2018,11/29/2018,1920,238.8,241.05,250.8,0,30,0.4766,-1,0,45.1075,0,AMZN181130P01920000
AMZN,1673.57,*,AMZN181130C01930000,,call,11/30/2018,11/29/2018,1930,0.03,0,0.08,4,80,0.5153,0,0,0,0,AMZN181130C01930000
AMZN,1673.57,*,AMZN181130P01930000,,put,11/30/2018,11/29/2018,1930,365.5,251.05,260.8,0,2,0.4766,-1,0,45.3424,0,AMZN181130P01930000
AMZN,1673.57,*,AMZN181130C01940000,,call,11/30/2018,11/29/2018,1940,0.05,0,0.05,3,62,0.5153,0,0,0,0,AMZN181130C01940000
AMZN,1673.57,*,AMZN181130P01940000,,put,11/30/2018,11/29/2018,1940,357.77,261.05,271,0,0,0.4766,-1,0,45.5774,0,AMZN181130P01940000
AMZN,1673.57,*,AMZN181130C01950000,,call,11/30/2018,11/29/2018,1950,0.03,0,0.05,7,319,0.5153,0,0,0,0,AMZN181130C01950000
AMZN,1673.57,*,AMZN181130P01950000,,put,11/30/2018,11/29/2018,1950,285.7,271,280.95,10,10,0.4766,-1,0,45.8123,0,AMZN181130P01950000
AMZN,1673.57,*,AMZN181130C01960000,,call,11/30/2018,11/29/2018,1960,0.17,0,0.3,5,160,0.5153,0,0,0,0,AMZN181130C01960000
AMZN,1673.57,*,AMZN181130P01960000,,put,11/30/2018,11/29/2018,1960,349.47,281,290.9,0,8,0.4766,-1,0,46.0473,0,AMZN181130P01960000
AMZN,1673.57,*,AMZN181130C01970000,,call,11/30/2018,11/29/2018,1970,0.02,0,0.05,10,99,0.5153,0,0,0,0,AMZN181130C01970000
AMZN,1673.57,*,AMZN181130P01970000,,put,11/30/2018,11/29/2018,1970,233.2,291.2,301,0,0,0.4766,-1,0,46.2822,0,AMZN181130P01970000
AMZN,1673.57,*,AMZN181130C01980000,,call,11/30/2018,11/29/2018,1980,0.02,0,0.04,2,110,0.5153,0,0,0,0,AMZN181130C01980000
AMZN,1673.57,*,AMZN181130P01980000,,put,11/30/2018,11/29/2018,1980,296.58,301.15,311,1,15,0.4766,-1,0,46.5171,0,AMZN181130P01980000
AMZN,1673.57,*,AMZN181130C01990000,,call,11/30/2018,11/29/2018,1990,0.51,0,0.03,0,98,0.5153,0,0,0,0,AMZN181130C01990000
AMZN,1673.57,*,AMZN181130P01990000,,put,11/30/2018,11/29/2018,1990,309.1,311,320.75,0,60,0.4766,-1,0,46.7521,0,AMZN181130P01990000
AMZN,1673.57,*,AMZN181130C02000000,,call,11/30/2018,11/29/2018,2000,0.01,0.01,0.03,89,706,0.5153,0,0,0,0,AMZN181130C02000000
AMZN,1673.57,*,AMZN181130P02000000,,put,11/30/2018,11/29/2018,2000,369.55,321.1,331,0,0,0.4766,-1,0,46.987,0,AMZN181130P02000000
AMZN,1673.57,*,AMZN181130C02010000,,call,11/30/2018,11/29/2018,2010,0.02,0,0.05,8,25,0.5153,0,0,0,0,AMZN181130C02010000
AMZN,1673.57,*,AMZN181130P02010000,,put,11/30/2018,11/29/2018,2010,330,331.15,341,0,12,0.4766,-1,0,47.2219,0,AMZN181130P02010000
AMZN,1673.57,*,AMZN181130C02020000,,call,11/30/2018,11/29/2018,2020,0.02,0,0.05,5,207,0.5153,0,0,0,0,AMZN181130C02020000
AMZN,1673.57,*,AMZN181130P02020000,,put,11/30/2018,11/29/2018,2020,339.85,341.2,350.95,0,11,0.4766,-1,0,47.4569,0,AMZN181130P02020000
AMZN,1673.57,*,AMZN181130C02030000,,call,11/30/2018,11/29/2018,2030,0.05,0,0.01,3,124,0.5153,0,0,0,0,AMZN181130C02030000
AMZN,1673.57,*,AMZN181130P02030000,,put,11/30/2018,11/29/2018,2030,349.85,351,360.9,0,13,0.4766,-1,0,47.6918,0,AMZN181130P02030000
AMZN,1673.57,*,AMZN181130C02040000,,call,11/30/2018,11/29/2018,2040,0.01,0,0.24,0,43,0.5153,0,0,0,0,AMZN181130C02040000
AMZN,1673.57,*,AMZN181130P02040000,,put,11/30/2018,11/29/2018,2040,358.8,361.5,371,0,7,0.4766,-1,0,47.9267,0,AMZN181130P02040000
AMZN,1673.57,*,AMZN181130C02050000,,call,11/30/2018,11/29/2018,2050,0.01,0,0.02,0,407,0.5153,0,0,0,0,AMZN181130C02050000
AMZN,1673.57,*,AMZN181130P02050000,,put,11/30/2018,11/29/2018,2050,368.8,371,380.8,0,23,0.4766,-1,0,48.1617,0,AMZN181130P02050000
AMZN,1673.57,*,AMZN181130C02060000,,call,11/30/2018,11/29/2018,2060,0.01,0,0.06,0,56,0.5153,0,0,0,0,AMZN181130C02060000
AMZN,1673.57,*,AMZN181130P02060000,,put,11/30/2018,11/29/2018,2060,379.8,381,390.7,0,18,0.4766,-1,0,48.3966,0,AMZN181130P02060000
AMZN,1673.57,*,AMZN181130C02070000,,call,11/30/2018,11/29/2018,2070,0.02,0,0.05,0,75,0.5153,0,0,0,0,AMZN181130C02070000
AMZN,1673.57,*,AMZN181130P02070000,,put,11/30/2018,11/29/2018,2070,406.87,391.1,400.95,0,0,0.4766,-1,0,48.6315,0,AMZN181130P02070000
AMZN,1673.57,*,AMZN181130C02080000,,call,11/30/2018,11/29/2018,2080,0.04,0,0.03,0,155,0.5153,0,0,0,0,AMZN181130C02080000
AMZN,1673.57,*,AMZN181130P02080000,,put,11/30/2018,11/29/2018,2080,398.8,401.15,410.95,0,18,0.4766,-1,0,48.8665,0,AMZN181130P02080000
AMZN,1673.57,*,AMZN181130C02090000,,call,11/30/2018,11/29/2018,2090,0.01,0,0.01,75,104,0.5153,0,0,0,0,AMZN181130C02090000
AMZN,1673.57,*,AMZN181130P02090000,,put,11/30/2018,11/29/2018,2090,403,411,420.35,18,33,0.4766,-1,0,49.1014,0,AMZN181130P02090000
AMZN,1673.57,*,AMZN181130C02100000,,call,11/30/2018,11/29/2018,2100,0.01,0,0.01,180,237,0.5153,0,0,0,0,AMZN181130C02100000
AMZN,1673.57,*,AMZN181130P02100000,,put,11/30/2018,11/29/2018,2100,418.8,421.5,431,0,25,0.4766,-1,0,49.3363,0,AMZN181130P02100000
AMZN,1673.57,*,AMZN181130C02110000,,call,11/30/2018,11/29/2018,2110,0.02,0,0.01,0,62,0.5153,0,0,0,0,AMZN181130C02110000
AMZN,1673.57,*,AMZN181130P02110000,,put,11/30/2018,11/29/2018,2110,423,431.1,440.95,10,19,0.4766,-1,0,49.5713,0,AMZN181130P02110000
AMZN,1673.57,*,AMZN181130C02120000,,call,11/30/2018,11/29/2018,2120,0.48,0,0.16,0,43,0.5153,0,0,0,0,AMZN181130C02120000
AMZN,1673.57,*,AMZN181130P02120000,,put,11/30/2018,11/29/2018,2120,444.57,441,450.7,0,0,0.4766,-1,0,49.8062,0,AMZN181130P02120000
AMZN,1673.57,*,AMZN181130C02130000,,call,11/30/2018,11/29/2018,2130,0.22,0,0.05,0,17,0.5153,0,0,0,0,AMZN181130C02130000
AMZN,1673.57,*,AMZN181130P02130000,,put,11/30/2018,11/29/2018,2130,467.94,451.6,461,0,5,0.4766,-1,0,50.0411,0,AMZN181130P02130000
AMZN,1673.57,*,AMZN181130C02140000,,call,11/30/2018,11/29/2018,2140,0.01,0,0.05,0,57,0.5153,0,0,0,0,AMZN181130C02140000
AMZN,1673.57,*,AMZN181130P02140000,,put,11/30/2018,11/29/2018,2140,477.62,461,470.9,0,1,0.4766,-1,0,50.2761,0,AMZN181130P02140000
AMZN,1673.57,*,AMZN181130C02150000,,call,11/30/2018,11/29/2018,2150,0.15,0,0.19,0,103,0.5153,0,0,0,0,AMZN181130C02150000
AMZN,1673.57,*,AMZN181130P02150000,,put,11/30/2018,11/29/2018,2150,488.47,471,480.35,0,2,0.4766,-1,0,50.511,0,AMZN181130P02150000
AMZN,1673.57,*,AMZN181130C02160000,,call,11/30/2018,11/29/2018,2160,0.03,0,0.01,0,189,0.5153,0,0,0,0,AMZN181130C02160000
AMZN,1673.57,*,AMZN181130P02160000,,put,11/30/2018,11/29/2018,2160,473,481,490.8,10,20,0.4766,-1,0,50.746,0,AMZN181130P02160000
AMZN,1673.57,*,AMZN181130C02170000,,call,11/30/2018,11/29/2018,2170,0.01,0,0.19,0,73,0.5153,0,0,0,0,AMZN181130C02170000
AMZN,1673.57,*,AMZN181130P02170000,,put,11/30/2018,11/29/2018,2170,509.74,491.15,501,0,0,0.4766,-1,0,50.9809,0,AMZN181130P02170000
AMZN,1673.57,*,AMZN181130C02180000,,call,11/30/2018,11/29/2018,2180,0.34,0,0.2,0,45,0.5153,0,0,0,0,AMZN181130C02180000
AMZN,1673.57,*,AMZN181130P02180000,,put,11/30/2018,11/29/2018,2180,494,501.2,510.9,16,37,0.4766,-1,0,51.2158,0,AMZN181130P02180000
AMZN,1673.57,*,AMZN181130C02190000,,call,11/30/2018,11/29/2018,2190,0.01,0,0.1,0,21,0.5153,0,0,0,0,AMZN181130C02190000
AMZN,1673.57,*,AMZN181130P02190000,,put,11/30/2018,11/29/2018,2190,529.68,511.15,520.95,0,0,0.4766,-1,0,51.4508,0,AMZN181130P02190000
AMZN,1673.57,*,AMZN181130C02200000,,call,11/30/2018,11/29/2018,2200,0.01,0,0.01,20,1085,0.5153,0,0,0,0,AMZN181130C02200000
AMZN,1673.57,*,AMZN181130P02200000,,put,11/30/2018,11/29/2018,2200,513,521.2,531,5,11,0.4766,-1,0,51.6857,0,AMZN181130P02200000
AMZN,1673.57,*,AMZN181130C02210000,,call,11/30/2018,11/29/2018,2210,0.71,0,0.15,0,6,0.5153,0,0,0,0,AMZN181130C02210000
AMZN,1673.57,*,AMZN181130P02210000,,put,11/30/2018,11/29/2018,2210,600.99,531,540.7,0,0,0.4766,-1,0,51.9206,0,AMZN181130P02210000
AMZN,1673.57,*,AMZN181130C02220000,,call,11/30/2018,11/29/2018,2220,0.02,0,0.18,0,30,0.5153,0,0,0,0,AMZN181130C02220000
AMZN,1673.57,*,AMZN181130P02220000,,put,11/30/2018,11/29/2018,2220,564.61,541,550.85,0,0,0.4766,-1,0,52.1556,0,AMZN181130P02220000
AMZN,1673.57,*,AMZN181130C02230000,,call,11/30/2018,11/29/2018,2230,0.42,0,0.16,0,80,0.5153,0,0,0,0,AMZN181130C02230000
AMZN,1673.57,*,AMZN181130P02230000,,put,11/30/2018,11/29/2018,2230,555.29,551.1,560.95,0,0,0.4766,-1,0,52.3905,0,AMZN181130P02230000
AMZN,1673.57,*,AMZN181130C02240000,,call,11/30/2018,11/29/2018,2240,0.1,0,0.16,0,96,0.5153,0,0,0,0,AMZN181130C02240000
AMZN,1673.57,*,AMZN181130P02240000,,put,11/30/2018,11/29/2018,2240,580.99,561,570.7,0,1,0.4766,-1,0,52.6254,0,AMZN181130P02240000
AMZN,1673.57,*,AMZN181130C02250000,,call,11/30/2018,11/29/2018,2250,0.01,0,0.03,0,223,0.5153,0,0,0,0,AMZN181130C02250000
AMZN,1673.57,*,AMZN181130P02250000,,put,11/30/2018,11/29/2018,2250,587.96,571,580.7,0,1,0.4766,-1,0,52.8604,0,AMZN181130P02250000
AMZN,1673.57,*,AMZN181130C02260000,,call,11/30/2018,11/29/2018,2260,0.01,0,0.03,0,133,0.5153,0,0,0,0,AMZN181130C02260000
AMZN,1673.57,*,AMZN181130P02260000,,put,11/30/2018,11/29/2018,2260,598.43,581.05,590.75,0,1,0.4766,-1,0,53.0953,0,AMZN181130P02260000
AMZN,1673.57,*,AMZN181130C02270000,,call,11/30/2018,11/29/2018,2270,0.09,0,0.16,0,40,0.5153,0,0,0,0,AMZN181130C02270000
AMZN,1673.57,*,AMZN181130P02270000,,put,11/30/2018,11/29/2018,2270,584,591.2,601,30,58,0.4766,-1,0,53.3302,0,AMZN181130P02270000
AMZN,1673.57,*,AMZN181130C02280000,,call,11/30/2018,11/29/2018,2280,0.04,0,0.15,0,24,0.5153,0,0,0,0,AMZN181130C02280000
AMZN,1673.57,*,AMZN181130P02280000,,put,11/30/2018,11/29/2018,2280,621.37,601,609.2,0,2,0.4766,-1,0,53.5652,0,AMZN181130P02280000
AMZN,1673.57,*,AMZN181130C02290000,,call,11/30/2018,11/29/2018,2290,0.01,0,0.02,0,354,0.5153,0,0,0,0,AMZN181130C02290000
AMZN,1673.57,*,AMZN181130P02290000,,put,11/30/2018,11/29/2018,2290,630.33,611,620.75,0,4,0.4766,-1,0,53.8001,0,AMZN181130P02290000
AMZN,1673.57,*,AMZN181130C02300000,,call,11/30/2018,11/29/2018,2300,0.01,0,0.01,0,89,0.5153,0,0,0,0,AMZN181130C02300000
AMZN,1673.57,*,AMZN181130P02300000,,put,11/30/2018,11/29/2018,2300,614,621.15,631,9,19,0.4766,-1,0,54.035,0,AMZN181130P02300000
AMZN,1673.57,*,AMZN181130C02310000,,call,11/30/2018,11/29/2018,2310,0.05,0,0.02,0,10,0.5153,0,0,0,0,AMZN181130C02310000
AMZN,1673.57,*,AMZN181130P02310000,,put,11/30/2018,11/29/2018,2310,656.59,631,640.9,0,0,0.4766,-1,0,54.27,0,AMZN181130P02310000
AMZN,1673.57,*,AMZN181130C02320000,,call,11/30/2018,11/29/2018,2320,0.02,0,0.17,0,89,0.5153,0,0,0,0,AMZN181130C02320000
AMZN,1673.57,*,AMZN181130P02320000,,put,11/30/2018,11/29/2018,2320,634,641.05,650.9,16,30,0.4766,-1,0,54.5049,0,AMZN181130P02320000
AMZN,1673.57,*,AMZN181130C02330000,,call,11/30/2018,11/29/2018,2330,0.02,0,0.17,0,27,0.5153,0,0,0,0,AMZN181130C02330000
AMZN,1673.57,*,AMZN181130P02330000,,put,11/30/2018,11/29/2018,2330,643,651.1,660.85,5,10,0.4766,-1,0,54.7398,0,AMZN181130P02330000
AMZN,1673.57,*,AMZN181130C02340000,,call,11/30/2018,11/29/2018,2340,0.02,0,0.17,0,60,0.5153,0,0,0,0,AMZN181130C02340000
AMZN,1673.57,*,AMZN181130P02340000,,put,11/30/2018,11/29/2018,2340,683.37,661,670.85,0,0,0.4766,-1,0,54.9748,0,AMZN181130P02340000
AMZN,1673.57,*,AMZN181130C02350000,,call,11/30/2018,11/29/2018,2350,0.02,0,0.03,0,202,0.5153,0,0,0,0,AMZN181130C02350000
AMZN,1673.57,*,AMZN181130P02350000,,put,11/30/2018,11/29/2018,2350,697.31,671,680.9,0,0,0.4766,-1,0,55.2097,0,AMZN181130P02350000
AMZN,1673.57,*,AMZN181130C02360000,,call,11/30/2018,11/29/2018,2360,0.45,0,0.19,0,40,0.5153,0,0,0,0,AMZN181130C02360000
AMZN,1673.57,*,AMZN181130P02360000,,put,11/30/2018,11/29/2018,2360,674,681.4,691,5,13,0.4766,-1,0,55.4447,0,AMZN181130P02360000
AMZN,1673.57,*,AMZN181130C02370000,,call,11/30/2018,11/29/2018,2370,0.01,0,0.02,0,194,0.5153,0,0,0,0,AMZN181130C02370000
AMZN,1673.57,*,AMZN181130P02370000,,put,11/30/2018,11/29/2018,2370,684,691.15,701,5,10,0.4766,-1,0,55.6796,0,AMZN181130P02370000
AMZN,1673.57,*,AMZN181130C02380000,,call,11/30/2018,11/29/2018,2380,0.01,0,0.17,0,110,0.5153,0,0,0,0,AMZN181130C02380000
AMZN,1673.57,*,AMZN181130P02380000,,put,11/30/2018,11/29/2018,2380,694,701,711,30,77,0.4766,-1,0,55.9145,0,AMZN181130P02380000
AMZN,1673.57,*,AMZN181130C02390000,,call,11/30/2018,11/29/2018,2390,0.01,0,0.08,0,16,0.5153,0,0,0,0,AMZN181130C02390000
AMZN,1673.57,*,AMZN181130P02390000,,put,11/30/2018,11/29/2018,2390,704,711.4,721,14,28,0.4766,-1,0,56.1495,0,AMZN181130P02390000
AMZN,1673.57,*,AMZN181130C02400000,,call,11/30/2018,11/29/2018,2400,0.01,0,0.01,0,277,0.5153,0,0,0,0,AMZN181130C02400000
AMZN,1673.57,*,AMZN181130P02400000,,put,11/30/2018,11/29/2018,2400,714,721,730.75,14,24,0.4766,-1,0,56.3844,0,AMZN181130P02400000
AMZN,1673.57,*,AMZN181130C02410000,,call,11/30/2018,11/29/2018,2410,0.01,0,0.19,0,77,0.5153,0,0,0,0,AMZN181130C02410000
AMZN,1673.57,*,AMZN181130P02410000,,put,11/30/2018,11/29/2018,2410,805.4,731.1,740.95,0,0,0.4766,-1,0,56.6193,0,AMZN181130P02410000
AMZN,1673.57,*,AMZN181130C02420000,,call,11/30/2018,11/29/2018,2420,0.01,0,0.19,0,129,0.5153,0,0,0,0,AMZN181130C02420000
AMZN,1673.57,*,AMZN181130P02420000,,put,11/30/2018,11/29/2018,2420,780.08,741.05,750.9,0,4,0.4766,-1,0,56.8543,0,AMZN181130P02420000
AMZN,1673.57,*,AMZN181130C02430000,,call,11/30/2018,11/29/2018,2430,0.01,0,0.17,0,165,0.5153,0,0,0,0,AMZN181130C02430000
AMZN,1673.57,*,AMZN181130P02430000,,put,11/30/2018,11/29/2018,2430,744,751.6,761,9,18,0.4766,-1,0,57.0892,0,AMZN181130P02430000
AMZN,1673.57,*,AMZN181130C02440000,,call,11/30/2018,11/29/2018,2440,0.01,0,0.01,0,372,0.5153,0,0,0,0,AMZN181130C02440000
AMZN,1673.57,*,AMZN181130P02440000,,put,11/30/2018,11/29/2018,2440,792.99,761,770.65,0,0,0.4766,-1,0,57.3241,0,AMZN181130P02440000
AMZN,1673.57,*,AMZN181130C02460000,,call,11/30/2018,11/29/2018,2460,0.31,0,0.19,0,80,0.5153,0,0,0,0,AMZN181130C02460000
AMZN,1673.57,*,AMZN181130P02460000,,put,11/30/2018,11/29/2018,2460,772,781.25,790.9,15,38,0.4766,-1,0,57.794,0,AMZN181130P02460000
AMZN,1673.57,*,AMZN181130C02480000,,call,11/30/2018,11/29/2018,2480,0.06,0,0.17,0,10,0.5153,0,0,0,0,AMZN181130C02480000
AMZN,1673.57,*,AMZN181130P02480000,,put,11/30/2018,11/29/2018,2480,794,801.2,810.9,5,9,0.4766,-1,0,58.2639,0,AMZN181130P02480000
AMZN,1673.57,*,AMZN181130C02500000,,call,11/30/2018,11/29/2018,2500,0.05,0,0.02,0,206,0.5153,0,0,0,0,AMZN181130C02500000
AMZN,1673.57,*,AMZN181130P02500000,,put,11/30/2018,11/29/2018,2500,814,821.1,831,9,17,0.4766,-1,0,58.7337,0,AMZN181130P02500000
AMZN,1673.57,*,AMZN181130C02520000,,call,11/30/2018,11/29/2018,2520,0.03,0,0.19,0,45,0.5153,0,0,0,0,AMZN181130C02520000
AMZN,1673.57,*,AMZN181130P02520000,,put,11/30/2018,11/29/2018,2520,832,841.15,850.9,30,30,0.4766,-1,0,59.2036,0,AMZN181130P02520000
AMZN,1673.57,*,AMZN181130C02540000,,call,11/30/2018,11/29/2018,2540,0.1,0,0.14,0,12,0.5153,0,0,0,0,AMZN181130C02540000
AMZN,1673.57,*,AMZN181130P02540000,,put,11/30/2018,11/29/2018,2540,854,861.2,870.9,9,18,0.4766,-1,0,59.6735,0,AMZN181130P02540000
AMZN,1673.57,*,AMZN181130C02560000,,call,11/30/2018,11/29/2018,2560,0.26,0,0.01,0,102,0.5153,0,0,0,0,AMZN181130C02560000
AMZN,1673.57,*,AMZN181130P02560000,,put,11/30/2018,11/29/2018,2560,880.45,881.15,890.9,34,66,0.4766,-1,0,60.1433,0,AMZN181130P02560000
AMZN,1673.57,*,AMZN181130C02580000,,call,11/30/2018,11/29/2018,2580,0.08,0,0.14,0,5,0.5153,0,0,0,0,AMZN181130C02580000
AMZN,1673.57,*,AMZN181130P02580000,,put,11/30/2018,11/29/2018,2580,894,901,910.9,7,12,0.4766,-1,0,60.6132,0,AMZN181130P02580000
AMZN,1673.57,*,AMZN181130C02600000,,call,11/30/2018,11/29/2018,2600,0.01,0,0.03,0,30,0.5153,0,0,0,0,AMZN181130C02600000
AMZN,1673.57,*,AMZN181130P02600000,,put,11/30/2018,11/29/2018,2600,912,921.5,931,30,53,0.4766,-1,0,61.0831,0,AMZN181130P02600000
AMZN,1673.57,*,AMZN181130C02620000,,call,11/30/2018,11/29/2018,2620,0,0,0.16,0,0,0.5153,0,0,0,0,AMZN181130C02620000
AMZN,1673.57,*,AMZN181130P02620000,,put,11/30/2018,11/29/2018,2620,932,941.15,950.65,47,76,0.4766,-1,0,61.553,0,AMZN181130P02620000
AMZN,1673.57,*,AMZN181130C02640000,,call,11/30/2018,11/29/2018,2640,0.14,0,0.14,0,22,0.5153,0,0,0,0,AMZN181130C02640000
AMZN,1673.57,*,AMZN181130P02640000,,put,11/30/2018,11/29/2018,2640,952,961,970.75,47,89,0.4766,-1,0,62.0228,0,AMZN181130P02640000
AMZN,1673.57,*,AMZN181130C02660000,,call,11/30/2018,11/29/2018,2660,0.01,0,0.18,0,25,0.5153,0,0,0,0,AMZN181130C02660000
AMZN,1673.57,*,AMZN181130P02660000,,put,11/30/2018,11/29/2018,2660,972,981.6,991,30,63,0.4766,-1,0,62.4927,0,AMZN181130P02660000
AMZN,1673.57,*,AMZN181130C02680000,,call,11/30/2018,11/29/2018,2680,0.01,0,0.02,0,85,0.5153,0,0,0,0,AMZN181130C02680000
AMZN,1673.57,*,AMZN181130P02680000,,put,11/30/2018,11/29/2018,2680,1004.35,1001.3,1011,2,0,0.4766,-1,0,62.9626,0,AMZN181130P02680000
AMZN,1673.57,*,AMZN181207C01020000,,call,12/07/2018,11/29/2018,1020,0,652.4,657.45,0,0,0.431,1,0,-23.9526,0,AMZN181207C01020000
AMZN,1673.57,*,AMZN181207P01020000,,put,12/07/2018,11/29/2018,1020,0.08,0,0.05,1,96,0.5185,0,0,0,0,AMZN181207P01020000
AMZN,1673.57,*,AMZN181207C01030000,,call,12/07/2018,11/29/2018,1030,0,642.4,647.5,0,1,0.431,1,0,-24.1874,0,AMZN181207C01030000
AMZN,1673.57,*,AMZN181207P01030000,,put,12/07/2018,11/29/2018,1030,0.53,0,0.23,0,3,0.5185,0,0,0,0,AMZN181207P01030000
AMZN,1673.57,*,AMZN181207C01040000,,call,12/07/2018,11/29/2018,1040,0,632.45,637.5,0,0,0.431,1,0,-24.4222,0,AMZN181207C01040000
AMZN,1673.57,*,AMZN181207P01040000,,put,12/07/2018,11/29/2018,1040,0.19,0,0.24,0,3,0.5185,0,0,0,0,AMZN181207P01040000
AMZN,1673.57,*,AMZN181207C01050000,,call,12/07/2018,11/29/2018,1050,0,619.4,629,0,0,0.431,1,0,-24.6571,0,AMZN181207C01050000
AMZN,1673.57,*,AMZN181207P01050000,,put,12/07/2018,11/29/2018,1050,0.05,0,0.05,0,90,0.5185,0,0,0,0,AMZN181207P01050000
AMZN,1673.57,*,AMZN181207C01060000,,call,12/07/2018,11/29/2018,1060,612.9,609.15,619,0,1,0.431,1,0,-24.8919,0,AMZN181207C01060000
AMZN,1673.57,*,AMZN181207P01060000,,put,12/07/2018,11/29/2018,1060,0.47,0,0.26,0,3,0.5185,0,0,0,0,AMZN181207P01060000
AMZN,1673.57,*,AMZN181207C01070000,,call,12/07/2018,11/29/2018,1070,0,599.2,609,0,0,0.431,1,0,-25.1267,0,AMZN181207C01070000
AMZN,1673.57,*,AMZN181207P01070000,,put,12/07/2018,11/29/2018,1070,0.35,0,0.26,0,13,0.5185,0,0,0,0,AMZN181207P01070000
AMZN,1673.57,*,AMZN181207C01080000,,call,12/07/2018,11/29/2018,1080,499.8,589.4,599,0,1,0.431,1,0,-25.3615,0,AMZN181207C01080000
AMZN,1673.57,*,AMZN181207P01080000,,put,12/07/2018,11/29/2018,1080,0.14,0,0.27,1,1,0.5185,0,0,0,0,AMZN181207P01080000
AMZN,1673.57,*,AMZN181207C01090000,,call,12/07/2018,11/29/2018,1090,403.5,579.4,589,0,3,0.431,1,0,-25.5964,0,AMZN181207C01090000
AMZN,1673.57,*,AMZN181207P01090000,,put,12/07/2018,11/29/2018,1090,0.24,0.01,0.05,0,3,0.5185,0,0,0,0,AMZN181207P01090000
AMZN,1673.57,*,AMZN181207C01100000,,call,12/07/2018,11/29/2018,1100,562.9,569.4,579,0,3,0.431,1,0,-25.8312,0,AMZN181207C01100000
AMZN,1673.57,*,AMZN181207P01100000,,put,12/07/2018,11/29/2018,1100,0.05,0.03,0.06,55,104,0.5185,0,0,-0.0001,0,AMZN181207P01100000
AMZN,1673.57,*,AMZN181207C01110000,,call,12/07/2018,11/29/2018,1110,410.4,559.4,569,0,1,0.431,1,0,-26.066,0,AMZN181207C01110000
AMZN,1673.57,*,AMZN181207P01110000,,put,12/07/2018,11/29/2018,1110,0.05,0,0.07,10,11,0.5185,0,0,-0.0002,0,AMZN181207P01110000
AMZN,1673.57,*,AMZN181207C01120000,,call,12/07/2018,11/29/2018,1120,460.25,549.25,559,0,2,0.431,1,0,-26.3009,0,AMZN181207C01120000
AMZN,1673.57,*,AMZN181207P01120000,,put,12/07/2018,11/29/2018,1120,0.89,0,0.31,0,0,0.5185,0,0,-0.0003,0,AMZN181207P01120000
AMZN,1673.57,*,AMZN181207C01130000,,call,12/07/2018,11/29/2018,1130,511.85,539.35,549,0,3,0.431,1,0,-26.5357,0,AMZN181207C01130000
AMZN,1673.57,*,AMZN181207P01130000,,put,12/07/2018,11/29/2018,1130,0.1,0,0.32,2,8,0.5185,0,0,-0.0006,0,AMZN181207P01130000
AMZN,1673.57,*,AMZN181207C01140000,,call,12/07/2018,11/29/2018,1140,440.5,529.4,539,0,3,0.431,1,0,-26.7705,0,AMZN181207C01140000
AMZN,1673.57,*,AMZN181207P01140000,,put,12/07/2018,11/29/2018,1140,0.91,0.01,0.33,0,26,0.5185,0,0,-0.0012,0.0001,AMZN181207P01140000
AMZN,1673.57,*,AMZN181207C01150000,,call,12/07/2018,11/29/2018,1150,360.65,519.4,529,0,2,0.431,1,0,-27.0054,0,AMZN181207C01150000
AMZN,1673.57,*,AMZN181207P01150000,,put,12/07/2018,11/29/2018,1150,0.14,0.02,0.17,14,175,0.5185,0,0,-0.0021,0.0002,AMZN181207P01150000
AMZN,1673.57,*,AMZN181207C01160000,,call,12/07/2018,11/29/2018,1160,368.35,509.45,519,0,5,0.431,1,0,-27.2402,0,AMZN181207C01160000
AMZN,1673.57,*,AMZN181207P01160000,,put,12/07/2018,11/29/2018,1160,0.48,0.03,0.36,0,5,0.5185,0,0,-0.0039,0.0003,AMZN181207P01160000
AMZN,1673.57,*,AMZN181207C01170000,,call,12/07/2018,11/29/2018,1170,335.85,499.45,509,0,1,0.431,1,0,-27.475,0,AMZN181207C01170000
AMZN,1673.57,*,AMZN181207P01170000,,put,12/07/2018,11/29/2018,1170,0.46,0.1,0.18,0,18,0.5185,0,0,-0.007,0.0005,AMZN181207P01170000
AMZN,1673.57,*,AMZN181207C01180000,,call,12/07/2018,11/29/2018,1180,324.1,489.25,499,0,2,0.431,1,0,-27.7099,0,AMZN181207C01180000
AMZN,1673.57,*,AMZN181207P01180000,,put,12/07/2018,11/29/2018,1180,0.24,0.06,0.38,0,16,0.5185,0,0,-0.0122,0.0009,AMZN181207P01180000
AMZN,1673.57,*,AMZN181207C01190000,,call,12/07/2018,11/29/2018,1190,0,479.25,489,0,0,0.431,1,0,-27.9448,0,AMZN181207C01190000
AMZN,1673.57,*,AMZN181207P01190000,,put,12/07/2018,11/29/2018,1190,0.26,0.07,0.4,0,18,0.5185,0,0,-0.0211,0.0016,AMZN181207P01190000
AMZN,1673.57,*,AMZN181207C01200000,,call,12/07/2018,11/29/2018,1200,390.41,469.45,479,0,4,0.431,1,0,-28.1798,0,AMZN181207C01200000
AMZN,1673.57,*,AMZN181207P01200000,,put,12/07/2018,11/29/2018,1200,0.14,0.14,0.16,11,270,0.5185,0,0,-0.0356,0.0028,AMZN181207P01200000
AMZN,1673.57,*,AMZN181207C01210000,,call,12/07/2018,11/29/2018,1210,375.37,459.5,469,0,0,0.431,1,0,-28.4149,0.0001,AMZN181207C01210000
AMZN,1673.57,*,AMZN181207P01210000,,put,12/07/2018,11/29/2018,1210,0.18,0.1,0.2,2,21,0.5185,0,0,-0.0593,0.0046,AMZN181207P01210000
AMZN,1673.57,*,AMZN181207C01220000,,call,12/07/2018,11/29/2018,1220,313,449.45,459,0,2,0.431,1,0,-28.6504,0.0001,AMZN181207C01220000
AMZN,1673.57,*,AMZN181207P01220000,,put,12/07/2018,11/29/2018,1220,0.19,0.12,0.25,20,37,0.5185,0,0,-0.0971,0.0075,AMZN181207P01220000
AMZN,1673.57,*,AMZN181207C01230000,,call,12/07/2018,11/29/2018,1230,492,439.35,449,0,1,0.431,1,0,-28.8865,0.0002,AMZN181207C01230000
AMZN,1673.57,*,AMZN181207P01230000,,put,12/07/2018,11/29/2018,1230,0.38,0.13,0.44,0,46,0.5185,0,0,-0.1564,0.0122,AMZN181207P01230000
AMZN,1673.57,*,AMZN181207C01240000,,call,12/07/2018,11/29/2018,1240,293.3,429.65,439.5,0,2,0.431,1,0,-29.1237,0.0005,AMZN181207C01240000
AMZN,1673.57,*,AMZN181207P01240000,,put,12/07/2018,11/29/2018,1240,0.29,0.14,0.23,5,15,0.5185,0,0,-0.2478,0.0193,AMZN181207P01240000
AMZN,1673.57,*,AMZN181207C01250000,,call,12/07/2018,11/29/2018,1250,333.1,419.5,429.45,0,0,0.431,1,0,-29.363,0.0009,AMZN181207C01250000
AMZN,1673.57,*,AMZN181207P01250000,,put,12/07/2018,11/29/2018,1250,0.25,0.18,0.35,5,152,0.5185,0,0,-0.3865,0.03,AMZN181207P01250000
AMZN,1673.57,*,AMZN181207C01260000,,call,12/07/2018,11/29/2018,1260,313.65,409.5,419.45,0,6,0.431,1,0,-29.6058,0.0016,AMZN181207C01260000
AMZN,1673.57,*,AMZN181207P01260000,,put,12/07/2018,11/29/2018,1260,0.36,0.17,0.28,0,40,0.5185,0,0,-0.5936,0.0462,AMZN181207P01260000
AMZN,1673.57,*,AMZN181207C01270000,,call,12/07/2018,11/29/2018,1270,303.7,399.5,409.45,0,2,0.431,1,0,-29.8549,0.003,AMZN181207C01270000
AMZN,1673.57,*,AMZN181207P01270000,,put,12/07/2018,11/29/2018,1270,0.27,0.19,0.31,31,28,0.5185,-0.0001,0,-0.8983,0.0698,AMZN181207P01270000
AMZN,1673.57,*,AMZN181207C01280000,,call,12/07/2018,11/29/2018,1280,299.6,389.55,399.5,0,3,0.431,1,0,-30.1143,0.0053,AMZN181207C01280000
AMZN,1673.57,*,AMZN181207P01280000,,put,12/07/2018,11/29/2018,1280,0.74,0.2,0.49,0,22,0.5185,-0.0001,0,-1.3394,0.1041,AMZN181207P01280000
AMZN,1673.57,*,AMZN181207C01290000,,call,12/07/2018,11/29/2018,1290,293.45,379.5,389.5,0,4,0.431,1,0,-30.3909,0.0092,AMZN181207C01290000
AMZN,1673.57,*,AMZN181207P01290000,,put,12/07/2018,11/29/2018,1290,0.39,0.22,0.48,1,28,0.5185,-0.0002,0,-1.9687,0.1531,AMZN181207P01290000
AMZN,1673.57,*,AMZN181207C01300000,,call,12/07/2018,11/29/2018,1300,366.45,370.1,379.35,21,23,0.431,1,0,-30.6951,0.0157,AMZN181207C01300000
AMZN,1673.57,*,AMZN181207P01300000,,put,12/07/2018,11/29/2018,1300,0.3,0.24,0.4,34,410,0.5185,-0.0003,0,-2.8533,0.2219,AMZN181207P01300000
AMZN,1673.57,*,AMZN181207C01310000,,call,12/07/2018,11/29/2018,1310,242.5,359.55,369.5,0,3,0.431,1,0,-31.0428,0.0262,AMZN181207C01310000
AMZN,1673.57,*,AMZN181207P01310000,,put,12/07/2018,11/29/2018,1310,0.5,0.25,0.51,0,50,0.5185,-0.0004,0,-4.0787,0.3172,AMZN181207P01310000
AMZN,1673.57,*,AMZN181207C01320000,,call,12/07/2018,11/29/2018,1320,289.5,349.6,359.25,0,13,0.431,1,0,-31.4576,0.0431,AMZN181207C01320000
AMZN,1673.57,*,AMZN181207P01320000,,put,12/07/2018,11/29/2018,1320,0.34,0.27,0.45,31,56,0.5185,-0.0005,0,-5.7525,0.4475,AMZN181207P01320000
AMZN,1673.57,*,AMZN181207C01330000,,call,12/07/2018,11/29/2018,1330,334.85,339.8,349.5,0,12,0.431,0.9999,0,-31.9736,0.0694,AMZN181207C01330000
AMZN,1673.57,*,AMZN181207P01330000,,put,12/07/2018,11/29/2018,1330,0.35,0.29,0.53,12,92,0.5185,-0.0008,0,-8.0069,0.6229,AMZN181207P01330000
AMZN,1673.57,*,AMZN181207C01340000,,call,12/07/2018,11/29/2018,1340,269.65,329.65,339,0,6,0.431,0.9999,0,-32.6393,0.1097,AMZN181207C01340000
AMZN,1673.57,*,AMZN181207P01340000,,put,12/07/2018,11/29/2018,1340,0.44,0.31,0.55,19,103,0.5185,-0.0011,0,-11.0018,0.856,AMZN181207P01340000
AMZN,1673.57,*,AMZN181207C01350000,,call,12/07/2018,11/29/2018,1350,195.05,319.95,329.5,0,2,0.431,0.9998,0,-33.522,0.1704,AMZN181207C01350000
AMZN,1673.57,*,AMZN181207P01350000,,put,12/07/2018,11/29/2018,1350,0.44,0.34,0.52,17,127,0.5185,-0.0015,0,-14.927,1.1615,AMZN181207P01350000
AMZN,1673.57,*,AMZN181207C01360000,,call,12/07/2018,11/29/2018,1360,220.9,309.9,319.5,0,4,0.431,0.9997,0,-34.7125,0.2599,AMZN181207C01360000
AMZN,1673.57,*,AMZN181207P01360000,,put,12/07/2018,11/29/2018,1360,0.4,0.36,0.58,30,61,0.5185,-0.0021,0.0001,-20.0035,1.5567,AMZN181207P01360000
AMZN,1673.57,*,AMZN181207C01370000,,call,12/07/2018,11/29/2018,1370,176.15,299.85,307.7,0,4,0.431,0.9995,0,-36.3313,0.3895,AMZN181207C01370000
AMZN,1673.57,*,AMZN181207P01370000,,put,12/07/2018,11/29/2018,1370,0.55,0.4,0.55,13,87,0.5185,-0.0028,0.0001,-26.4834,2.0612,AMZN181207P01370000
AMZN,1673.57,*,AMZN181207C01380000,,call,12/07/2018,11/29/2018,1380,132.16,290,297.75,0,4,0.431,0.9993,0,-38.534,0.5739,AMZN181207C01380000
AMZN,1673.57,*,AMZN181207P01380000,,put,12/07/2018,11/29/2018,1380,0.56,0.44,0.61,27,94,0.5185,-0.0038,0.0001,-34.6484,2.6971,AMZN181207P01380000
AMZN,1673.57,*,AMZN181207C01390000,,call,12/07/2018,11/29/2018,1390,159.15,279.5,287.8,0,5,0.431,0.999,0,-41.517,0.8314,AMZN181207C01390000
AMZN,1673.57,*,AMZN181207P01390000,,put,12/07/2018,11/29/2018,1390,0.58,0.49,0.7,33,82,0.5185,-0.0051,0.0001,-44.8063,3.4883,AMZN181207P01390000
AMZN,1673.57,*,AMZN181207C01400000,,call,12/07/2018,11/29/2018,1400,195.8,272.45,280.5,0,4,0.431,0.9985,0,-45.5223,1.1848,AMZN181207C01400000
AMZN,1673.57,*,AMZN181207P01400000,,put,12/07/2018,11/29/2018,1400,0.68,0.65,0.77,186,479,0.5185,-0.0067,0.0002,-57.2855,4.4605,AMZN181207P01400000
AMZN,1673.57,*,AMZN181207C01410000,,call,12/07/2018,11/29/2018,1410,182,260.25,267.95,0,6,0.431,0.9978,0.0001,-50.8407,1.6613,AMZN181207C01410000
AMZN,1673.57,*,AMZN181207P01410000,,put,12/07/2018,11/29/2018,1410,0.62,0.62,0.83,13,184,0.5185,-0.0088,0.0002,-72.4268,5.6403,AMZN181207P01410000
AMZN,1673.57,*,AMZN181207C01420000,,call,12/07/2018,11/29/2018,1420,119.2,249.6,258.05,0,4,0.431,0.9968,0.0001,-57.8121,2.2929,AMZN181207C01420000
AMZN,1673.57,*,AMZN181207P01420000,,put,12/07/2018,11/29/2018,1420,0.84,0.72,0.94,78,191,0.5185,-0.0113,0.0002,-90.5731,7.0547,AMZN181207P01420000
AMZN,1673.57,*,AMZN181207C01430000,,call,12/07/2018,11/29/2018,1430,187.55,239.5,248.15,0,22,0.431,0.9955,0.0001,-66.8235,3.1161,AMZN181207C01430000
AMZN,1673.57,*,AMZN181207P01430000,,put,12/07/2018,11/29/2018,1430,0.92,0.84,1.06,27,105,0.5185,-0.0145,0.0003,-112.0573,8.7296,AMZN181207P01430000
AMZN,1673.57,*,AMZN181207C01440000,,call,12/07/2018,11/29/2018,1440,243.99,230.55,238.25,3,25,0.431,0.9938,0.0002,-78.3016,4.1708,AMZN181207C01440000
AMZN,1673.57,*,AMZN181207P01440000,,put,12/07/2018,11/29/2018,1440,1.06,0.96,1.12,62,184,0.5185,-0.0184,0.0004,-137.1871,10.6892,AMZN181207P01440000
AMZN,1673.57,*,AMZN181207C01450000,,call,12/07/2018,11/29/2018,1450,174.8,220.7,228.4,0,44,0.431,0.9915,0.0002,-92.7013,5.5,AMZN181207C01450000
AMZN,1673.57,*,AMZN181207P01450000,,put,12/07/2018,11/29/2018,1450,1.1,1.12,1.3,395,349,0.5185,-0.0231,0.0004,-166.2299,12.9547,AMZN181207P01450000
AMZN,1673.57,*,AMZN181207C01460000,,call,12/07/2018,11/29/2018,1460,214.38,210.8,218.6,0,59,0.431,0.9885,0.0003,-110.4894,7.1477,AMZN181207C01460000
AMZN,1673.57,*,AMZN181207P01460000,,put,12/07/2018,11/29/2018,1460,1.32,1.29,1.5,49,145,0.5185,-0.0287,0.0005,-199.3953,15.5426,AMZN181207P01460000
AMZN,1673.57,*,AMZN181207C01467500,,call,12/07/2018,11/29/2018,1467.5,0,203.3,211.25,0,0,0.431,0.9857,0.0004,-126.3296,8.6186,AMZN181207C01467500
AMZN,1673.57,*,AMZN181207P01467500,,put,12/07/2018,11/29/2018,1467.5,1.4,1.44,1.69,17,79,0.5125,-0.032,0.0006,-216.0819,17.0436,AMZN181207P01467500
AMZN,1673.57,*,AMZN181207C01470000,,call,12/07/2018,11/29/2018,1470,211.5,200.85,208.85,0,35,0.431,0.9847,0.0004,-132.122,9.157,AMZN181207C01470000
AMZN,1673.57,*,AMZN181207P01470000,,put,12/07/2018,11/29/2018,1470,1.43,1.53,1.74,38,187,0.511,-0.0334,0.0006,-222.8148,17.6273,AMZN181207P01470000
AMZN,1673.57,*,AMZN181207C01472500,,call,12/07/2018,11/29/2018,1472.5,144.35,201.1,209,0,3,0.431,0.9836,0.0004,-138.1812,9.7206,AMZN181207C01472500
AMZN,1673.57,*,AMZN181207P01472500,,put,12/07/2018,11/29/2018,1472.5,1.57,1.62,1.83,3,47,0.5105,-0.035,0.0006,-231.5872,18.3404,AMZN181207P01472500
AMZN,1673.57,*,AMZN181207C01475000,,call,12/07/2018,11/29/2018,1475,209,197,203.95,26,54,0.431,0.9824,0.0004,-144.5132,10.3099,AMZN181207C01475000
AMZN,1673.57,*,AMZN181207P01475000,,put,12/07/2018,11/29/2018,1475,1.59,1.68,1.9,20,93,0.5085,-0.0363,0.0007,-237.7144,18.9009,AMZN181207P01475000
AMZN,1673.57,*,AMZN181207C01477500,,call,12/07/2018,11/29/2018,1477.5,137.45,193.75,203.5,0,2,0.431,0.9811,0.0005,-151.1238,10.9254,AMZN181207C01477500
AMZN,1673.57,*,AMZN181207P01477500,,put,12/07/2018,11/29/2018,1477.5,2.13,1.77,1.99,20,45,0.5074,-0.0379,0.0007,-245.7228,19.5812,AMZN181207P01477500
AMZN,1673.57,*,AMZN181207C01480000,,call,12/07/2018,11/29/2018,1480,201.5,191.5,201.2,0,64,0.431,0.9798,0.0005,-158.0183,11.5676,AMZN181207C01480000
AMZN,1673.57,*,AMZN181207P01480000,,put,12/07/2018,11/29/2018,1480,1.97,1.85,2.08,88,285,0.506,-0.0395,0.0007,-253.3252,20.2442,AMZN181207P01480000
AMZN,1673.57,*,AMZN181207C01482500,,call,12/07/2018,11/29/2018,1482.5,132.95,189,198.65,0,2,0.431,0.9784,0.0005,-165.2018,12.2371,AMZN181207C01482500
AMZN,1673.57,*,AMZN181207P01482500,,put,12/07/2018,11/29/2018,1482.5,1.75,1.92,2.13,24,44,0.5033,-0.0408,0.0007,-258.4811,20.7685,AMZN181207P01482500
AMZN,1673.57,*,AMZN181207C01485000,,call,12/07/2018,11/29/2018,1485,140.09,187.2,197,0,21,0.431,0.977,0.0005,-172.6789,12.9342,AMZN181207C01485000
AMZN,1673.57,*,AMZN181207P01485000,,put,12/07/2018,11/29/2018,1485,1.81,2,2.23,17,84,0.5018,-0.0425,0.0008,-266.1753,21.4522,AMZN181207P01485000
AMZN,1673.57,*,AMZN181207C01487500,,call,12/07/2018,11/29/2018,1487.5,104.05,184.8,194.5,0,2,0.431,0.9754,0.0006,-180.4539,13.6594,AMZN181207C01487500
AMZN,1673.57,*,AMZN181207P01487500,,put,12/07/2018,11/29/2018,1487.5,2.18,2.09,2.34,13,54,0.5006,-0.0443,0.0008,-274.6555,22.1902,AMZN181207P01487500
AMZN,1673.57,*,AMZN181207C01490000,,call,12/07/2018,11/29/2018,1490,193,181.85,191.5,2,42,0.431,0.9738,0.0006,-188.5305,14.4131,AMZN181207C01490000
AMZN,1673.57,*,AMZN181207P01490000,,put,12/07/2018,11/29/2018,1490,1.98,2.19,2.43,119,181,0.4991,-0.0461,0.0008,-282.6873,22.9094,AMZN181207P01490000
AMZN,1673.57,*,AMZN181207C01492500,,call,12/07/2018,11/29/2018,1492.5,102.5,179.05,188.85,0,7,0.431,0.9721,0.0006,-196.912,15.1955,AMZN181207C01492500
AMZN,1673.57,*,AMZN181207P01492500,,put,12/07/2018,11/29/2018,1492.5,2.1,2.28,2.53,9,35,0.4973,-0.0478,0.0008,-290.2417,23.6085,AMZN181207P01492500
AMZN,1673.57,*,AMZN181207C01495000,,call,12/07/2018,11/29/2018,1495,175.92,177.5,187,5,29,0.431,0.9703,0.0007,-205.6013,16.0069,AMZN181207C01495000
AMZN,1673.57,*,AMZN181207P01495000,,put,12/07/2018,11/29/2018,1495,2.18,2.38,2.64,112,209,0.4958,-0.0497,0.0009,-298.592,24.363,AMZN181207P01495000
AMZN,1673.57,*,AMZN181207C01497500,,call,12/07/2018,11/29/2018,1497.5,119.55,174.5,184.15,0,3,0.431,0.9684,0.0007,-214.6005,16.8476,AMZN181207C01497500
AMZN,1673.57,*,AMZN181207P01497500,,put,12/07/2018,11/29/2018,1497.5,2.44,2.48,2.75,23,28,0.4942,-0.0517,0.0009,-306.8859,25.1227,AMZN181207P01497500
AMZN,1673.57,*,AMZN181207C01500000,,call,12/07/2018,11/29/2018,1500,176.5,172.15,181.55,35,158,0.431,0.9664,0.0007,-223.9112,17.7176,AMZN181207C01500000
AMZN,1673.57,*,AMZN181207P01500000,,put,12/07/2018,11/29/2018,1500,2.74,2.57,2.82,345,689,0.4914,-0.0533,0.0009,-312.6661,25.7438,AMZN181207P01500000
AMZN,1673.57,*,AMZN181207C01502500,,call,12/07/2018,11/29/2018,1502.5,181.52,170.1,180,0,17,0.431,0.9643,0.0008,-233.5347,18.6172,AMZN181207C01502500
AMZN,1673.57,*,AMZN181207P01502500,,put,12/07/2018,11/29/2018,1502.5,2.9,2.69,2.94,8,38,0.49,-0.0555,0.001,-321.6884,26.5644,AMZN181207P01502500
AMZN,1673.57,*,AMZN181207C01505000,,call,12/07/2018,11/29/2018,1505,129.65,167.5,177.35,0,18,0.431,0.9621,0.0008,-243.4712,19.5464,AMZN181207C01505000
AMZN,1673.57,*,AMZN181207P01505000,,put,12/07/2018,11/29/2018,1505,2.94,2.84,3.1,8,34,0.4897,-0.0581,0.001,-333.3929,27.5499,AMZN181207P01505000
AMZN,1673.57,*,AMZN181207C01507500,,call,12/07/2018,11/29/2018,1507.5,128.15,165,174.75,0,10,0.431,0.9598,0.0008,-253.7206,20.5051,AMZN181207C01507500
AMZN,1673.57,*,AMZN181207P01507500,,put,12/07/2018,11/29/2018,1507.5,2.68,2.92,3.25,5,63,0.4877,-0.0602,0.001,-341.3916,28.3289,AMZN181207P01507500
AMZN,1673.57,*,AMZN181207C01510000,,call,12/07/2018,11/29/2018,1510,177,162.8,172.5,5,59,0.431,0.9574,0.0009,-264.2818,21.4934,AMZN181207C01510000
AMZN,1673.57,*,AMZN181207P01510000,,put,12/07/2018,11/29/2018,1510,2.85,3.05,3.35,43,333,0.4857,-0.0624,0.0011,-349.5212,29.1255,AMZN181207P01510000
AMZN,1673.57,*,AMZN181207C01512500,,call,12/07/2018,11/29/2018,1512.5,172.13,160.75,170.5,0,9,0.431,0.9549,0.0009,-275.1533,22.5109,AMZN181207C01512500
AMZN,1673.57,*,AMZN181207P01512500,,put,12/07/2018,11/29/2018,1512.5,2.97,3.2,3.5,10,41,0.4846,-0.065,0.0011,-359.9125,30.062,AMZN181207P01512500
AMZN,1673.57,*,AMZN181207C01515000,,call,12/07/2018,11/29/2018,1515,169.7,158.65,168,0,9,0.431,0.9523,0.001,-286.3328,23.5576,AMZN181207C01515000
AMZN,1673.57,*,AMZN181207P01515000,,put,12/07/2018,11/29/2018,1515,3.1,3.35,3.7,66,157,0.4842,-0.0679,0.0011,-372.1609,31.1132,AMZN181207P01515000
AMZN,1673.57,*,AMZN181207C01517500,,call,12/07/2018,11/29/2018,1517.5,121.15,156.2,165.5,0,53,0.431,0.9496,0.001,-297.817,24.6332,AMZN181207C01517500
AMZN,1673.57,*,AMZN181207P01517500,,put,12/07/2018,11/29/2018,1517.5,3.65,3.5,3.85,5,34,0.4827,-0.0705,0.0012,-381.9502,32.0337,AMZN181207P01517500
AMZN,1673.57,*,AMZN181207C01520000,,call,12/07/2018,11/29/2018,1520,161.5,153.2,163,3,45,0.431,0.9467,0.0011,-309.602,25.7373,AMZN181207C01520000
AMZN,1673.57,*,AMZN181207P01520000,,put,12/07/2018,11/29/2018,1520,3.3,3.65,4,90,264,0.481,-0.0732,0.0012,-391.3969,32.945,AMZN181207P01520000
AMZN,1673.57,*,AMZN181207C01522500,,call,12/07/2018,11/29/2018,1522.5,155.55,151.65,161,1,65,0.431,0.9437,0.0011,-321.6833,26.8694,AMZN181207C01522500
AMZN,1673.57,*,AMZN181207P01522500,,put,12/07/2018,11/29/2018,1522.5,3.15,3.8,4.15,19,20,0.4792,-0.0758,0.0013,-400.7311,33.8606,AMZN181207P01522500
AMZN,1673.57,*,AMZN181207C01525000,,call,12/07/2018,11/29/2018,1525,153.8,148.5,158.25,1,75,0.431,0.9406,0.0012,-334.0554,28.0292,AMZN181207C01525000
AMZN,1673.57,*,AMZN181207P01525000,,put,12/07/2018,11/29/2018,1525,3.55,4,4.35,29,95,0.4786,-0.0791,0.0013,-413.1935,34.9605,AMZN181207P01525000
AMZN,1673.57,*,AMZN181207C01527500,,call,12/07/2018,11/29/2018,1527.5,121.35,146.65,156.5,0,16,0.431,0.9374,0.0012,-346.7118,29.2159,AMZN181207C01527500
AMZN,1673.57,*,AMZN181207P01527500,,put,12/07/2018,11/29/2018,1527.5,3.8,4.15,4.5,12,32,0.4764,-0.0818,0.0013,-421.7961,35.8568,AMZN181207P01527500
AMZN,1673.57,*,AMZN181207C01530000,,call,12/07/2018,11/29/2018,1530,163.48,145.3,152.65,14,66,0.431,0.934,0.0013,-359.6456,30.429,AMZN181207C01530000
AMZN,1673.57,*,AMZN181207P01530000,,put,12/07/2018,11/29/2018,1530,4.52,4.35,4.65,183,341,0.4748,-0.0848,0.0014,-432.0283,36.854,AMZN181207P01530000
AMZN,1673.57,*,AMZN181207C01532500,,call,12/07/2018,11/29/2018,1532.5,89.85,142.05,151.5,0,15,0.431,0.9305,0.0013,-372.8487,31.6677,AMZN181207C01532500
AMZN,1673.57,*,AMZN181207P01532500,,put,12/07/2018,11/29/2018,1532.5,4,4.55,4.85,9,43,0.4736,-0.0881,0.0014,-443.411,37.9246,AMZN181207P01532500
AMZN,1673.57,*,AMZN181207C01535000,,call,12/07/2018,11/29/2018,1535,152.64,139.5,149.4,4,30,0.4247,0.9297,0.0013,-370.9028,31.9508,AMZN181207C01535000
AMZN,1673.57,*,AMZN181207P01535000,,put,12/07/2018,11/29/2018,1535,4.96,4.75,5.05,26,48,0.4722,-0.0915,0.0015,-454.4119,38.9847,AMZN181207P01535000
AMZN,1673.57,*,AMZN181207C01537500,,call,12/07/2018,11/29/2018,1537.5,120,137.7,147,0,29,0.4419,0.9181,0.0014,-427.3879,35.8812,AMZN181207C01537500
AMZN,1673.57,*,AMZN181207P01537500,,put,12/07/2018,11/29/2018,1537.5,4.35,4.95,5.35,26,43,0.4719,-0.0954,0.0015,-468.4012,40.2144,AMZN181207P01537500
AMZN,1673.57,*,AMZN181207C01540000,,call,12/07/2018,11/29/2018,1540,151.57,136.05,143.65,19,121,0.4419,0.9142,0.0015,-441.6617,37.1886,AMZN181207C01540000
AMZN,1673.57,*,AMZN181207P01540000,,put,12/07/2018,11/29/2018,1540,5.35,5.1,5.6,144,180,0.4701,-0.0988,0.0016,-478.6078,41.2525,AMZN181207P01540000
AMZN,1673.57,*,AMZN181207C01550000,,call,12/07/2018,11/29/2018,1550,128.05,127.55,135.8,38,182,0.4419,0.8968,0.0017,-500.7203,42.6018,AMZN181207C01550000
AMZN,1673.57,*,AMZN181207P01550000,,put,12/07/2018,11/29/2018,1550,6.1,6.15,6.5,871,545,0.4652,-0.1144,0.0018,-526.4841,45.8776,AMZN181207P01550000
AMZN,1673.57,*,AMZN181207C01560000,,call,12/07/2018,11/29/2018,1560,127.35,117.7,125.85,25,191,0.4419,0.8771,0.0019,-562.2401,48.2475,AMZN181207C01560000
AMZN,1673.57,*,AMZN181207P01560000,,put,12/07/2018,11/29/2018,1560,7.27,7.2,7.65,115,259,0.4597,-0.1317,0.002,-573.9819,50.64,AMZN181207P01560000
AMZN,1673.57,*,AMZN181207C01570000,,call,12/07/2018,11/29/2018,1570,122.53,110.15,118.2,9,133,0.4419,0.8551,0.0022,-625.1771,54.0309,AMZN181207C01570000
AMZN,1673.57,*,AMZN181207P01570000,,put,12/07/2018,11/29/2018,1570,8.04,8.45,9,153,270,0.4547,-0.1513,0.0022,-623.4091,55.6357,AMZN181207P01570000
AMZN,1673.57,*,AMZN181207C01572500,,call,12/07/2018,11/29/2018,1572.5,111.18,107.95,116,4,51,0.4419,0.8493,0.0022,-640.9962,55.4858,AMZN181207C01572500
AMZN,1673.57,*,AMZN181207P01572500,,put,12/07/2018,11/29/2018,1572.5,8.23,8.8,9.35,51,55,0.4534,-0.1565,0.0022,-635.63,56.8972,AMZN181207P01572500
AMZN,1673.57,*,AMZN181207C01575000,,call,12/07/2018,11/29/2018,1575,118.88,105.8,113.95,37,108,0.4419,0.8433,0.0023,-656.8104,56.9409,AMZN181207C01575000
AMZN,1673.57,*,AMZN181207P01575000,,put,12/07/2018,11/29/2018,1575,8.71,9.2,9.8,86,66,0.4531,-0.1624,0.0023,-650.5688,58.281,AMZN181207P01575000
AMZN,1673.57,*,AMZN181207C01577500,,call,12/07/2018,11/29/2018,1577.5,98.46,104.6,111.75,0,39,0.4419,0.8371,0.0023,-672.5995,58.3942,AMZN181207C01577500
AMZN,1673.57,*,AMZN181207P01577500,,put,12/07/2018,11/29/2018,1577.5,9.28,9.55,10.2,63,34,0.4518,-0.1679,0.0023,-662.7223,59.5496,AMZN181207P01577500
AMZN,1673.57,*,AMZN181207C01580000,,call,12/07/2018,11/29/2018,1580,110.72,102.55,107.75,54,156,0.4419,0.8308,0.0024,-688.343,59.844,AMZN181207C01580000
AMZN,1673.57,*,AMZN181207P01580000,,put,12/07/2018,11/29/2018,1580,9.03,10,10.6,355,282,0.4511,-0.1738,0.0024,-676.4641,60.8878,AMZN181207P01580000
AMZN,1673.57,*,AMZN181207C01582500,,call,12/07/2018,11/29/2018,1582.5,110.57,100.1,106.9,4,84,0.4419,0.8244,0.0025,-704.0203,61.2882,AMZN181207C01582500
AMZN,1673.57,*,AMZN181207P01582500,,put,12/07/2018,11/29/2018,1582.5,9.45,10.4,11.05,71,41,0.4501,-0.1797,0.0025,-689.3099,62.1915,AMZN181207P01582500
AMZN,1673.57,*,AMZN181207C01585000,,call,12/07/2018,11/29/2018,1585,113.11,97.35,104.5,31,81,0.4419,0.8178,0.0025,-719.6102,62.7251,AMZN181207C01585000
AMZN,1673.57,*,AMZN181207P01585000,,put,12/07/2018,11/29/2018,1585,11.25,10.85,11.5,55,142,0.4494,-0.186,0.0025,-702.8853,63.525,AMZN181207P01585000
AMZN,1673.57,*,AMZN181207C01587500,,call,12/07/2018,11/29/2018,1587.5,95.13,95.25,102.7,2,31,0.4419,0.8111,0.0026,-735.0918,64.1527,AMZN181207C01587500
AMZN,1673.57,*,AMZN181207P01587500,,put,12/07/2018,11/29/2018,1587.5,10.4,11.25,11.9,16,22,0.4475,-0.1917,0.0026,-713.0815,64.7315,AMZN181207P01587500
AMZN,1673.57,*,AMZN181207C01590000,,call,12/07/2018,11/29/2018,1590,100.85,93.15,101.05,5,135,0.4419,0.8042,0.0026,-750.4435,65.569,AMZN181207C01590000
AMZN,1673.57,*,AMZN181207P01590000,,put,12/07/2018,11/29/2018,1590,12.05,11.8,12.45,158,185,0.4478,-0.1987,0.0026,-729.1443,66.1553,AMZN181207P01590000
AMZN,1673.57,*,AMZN181207C01592500,,call,12/07/2018,11/29/2018,1592.5,101.2,91.3,99,104,128,0.4419,0.7972,0.0027,-765.6441,66.9721,AMZN181207C01592500
AMZN,1673.57,*,AMZN181207P01592500,,put,12/07/2018,11/29/2018,1592.5,11.4,12.3,12.95,38,32,0.447,-0.2053,0.0027,-742.0658,67.4596,AMZN181207P01592500
AMZN,1673.57,*,AMZN181207C01595000,,call,12/07/2018,11/29/2018,1595,104.49,88.5,96.75,8,48,0.4419,0.79,0.0027,-780.6721,68.36,AMZN181207C01595000
AMZN,1673.57,*,AMZN181207P01595000,,put,12/07/2018,11/29/2018,1595,13.27,12.75,13.35,103,150,0.4449,-0.2114,0.0027,-751.3167,68.6362,AMZN181207P01595000
AMZN,1673.57,*,AMZN181207C01597500,,call,12/07/2018,11/29/2018,1597.5,86,87.9,95.05,4,61,0.4419,0.7828,0.0028,-795.5061,69.7308,AMZN181207C01597500
AMZN,1673.57,*,AMZN181207P01597500,,put,12/07/2018,11/29/2018,1597.5,12.76,13.3,14,33,62,0.4452,-0.2188,0.0028,-766.8638,70.0207,AMZN181207P01597500
AMZN,1673.57,*,AMZN181207C01600000,,call,12/07/2018,11/29/2018,1600,89.1,85.1,91.75,127,570,0.4419,0.7753,0.0029,-810.1247,71.0825,AMZN181207C01600000
AMZN,1673.57,*,AMZN181207P01600000,,put,12/07/2018,11/29/2018,1600,14.06,13.85,14.6,1009,895,0.4448,-0.226,0.0028,-780.3129,71.3254,AMZN181207P01600000
AMZN,1673.57,*,AMZN181207C01602500,,call,12/07/2018,11/29/2018,1602.5,74.86,83.15,90.85,6,47,0.4419,0.7678,0.0029,-824.5067,72.4132,AMZN181207C01602500
AMZN,1673.57,*,AMZN181207P01602500,,put,12/07/2018,11/29/2018,1602.5,13.8,14.4,15.15,68,34,0.4438,-0.2331,0.0029,-791.9358,72.5648,AMZN181207P01602500
AMZN,1673.57,*,AMZN181207C01605000,,call,12/07/2018,11/29/2018,1605,95.23,81.7,88.35,27,115,0.4419,0.7601,0.003,-838.6311,73.721,AMZN181207C01605000
AMZN,1673.57,*,AMZN181207P01605000,,put,12/07/2018,11/29/2018,1605,13.52,14.9,15.7,101,65,0.4422,-0.24,0.003,-801.736,73.7438,AMZN181207P01605000
AMZN,1673.57,*,AMZN181207C01607500,,call,12/07/2018,11/29/2018,1607.5,90.55,81.95,84.6,44,66,0.4419,0.7524,0.003,-852.477,75.004,AMZN181207C01607500
AMZN,1673.57,*,AMZN181207P01607500,,put,12/07/2018,11/29/2018,1607.5,13.65,15.55,16.35,32,72,0.442,-0.2477,0.003,-814.9918,75.0111,AMZN181207P01607500
AMZN,1673.57,*,AMZN181207C01610000,,call,12/07/2018,11/29/2018,1610,92.5,80.1,82.4,74,129,0.4419,0.7444,0.0031,-866.024,76.2602,AMZN181207C01610000
AMZN,1673.57,*,AMZN181207P01610000,,put,12/07/2018,11/29/2018,1610,14.68,16.1,16.8,299,134,0.4397,-0.2546,0.0031,-822.4493,76.1109,AMZN181207P01610000
AMZN,1673.57,*,AMZN181207C01612500,,call,12/07/2018,11/29/2018,1612.5,86.65,78.2,80.55,7,30,0.4419,0.7364,0.0031,-879.2518,77.4879,AMZN181207C01612500
AMZN,1673.57,*,AMZN181207P01612500,,put,12/07/2018,11/29/2018,1612.5,15.3,16.75,17.5,42,36,0.4394,-0.2625,0.0031,-834.8709,77.3288,AMZN181207P01612500
AMZN,1673.57,*,AMZN181207C01615000,,call,12/07/2018,11/29/2018,1615,84.7,76.3,78.95,4,70,0.4419,0.7283,0.0032,-892.1407,78.6852,AMZN181207C01615000
AMZN,1673.57,*,AMZN181207P01615000,,put,12/07/2018,11/29/2018,1615,15.85,17.45,18.2,77,79,0.4392,-0.2706,0.0032,-847.223,78.5247,AMZN181207P01615000
AMZN,1673.57,*,AMZN181207C01617500,,call,12/07/2018,11/29/2018,1617.5,85,74.5,77.15,20,65,0.4419,0.72,0.0032,-904.6713,79.8504,AMZN181207C01617500
AMZN,1673.57,*,AMZN181207P01617500,,put,12/07/2018,11/29/2018,1617.5,16,18.05,19.05,55,44,0.439,-0.2788,0.0032,-859.224,79.69,AMZN181207P01617500
AMZN,1673.57,*,AMZN181207C01620000,,call,12/07/2018,11/29/2018,1620,81.1,72.8,75.25,101,137,0.4419,0.7117,0.0033,-916.8246,80.9817,AMZN181207C01620000
AMZN,1673.57,*,AMZN181207P01620000,,put,12/07/2018,11/29/2018,1620,17.4,18.75,19.65,175,123,0.4376,-0.2867,0.0033,-867.7836,80.7607,AMZN181207P01620000
AMZN,1673.57,*,AMZN181207C01622500,,call,12/07/2018,11/29/2018,1622.5,75.6,71.1,73.4,9,82,0.4419,0.7032,0.0033,-928.5825,82.0774,AMZN181207C01622500
AMZN,1673.57,*,AMZN181207P01622500,,put,12/07/2018,11/29/2018,1622.5,16.55,19.45,20.4,65,85,0.4369,-0.2949,0.0033,-877.7733,81.8403,AMZN181207P01622500
AMZN,1673.57,*,AMZN181207C01625000,,call,12/07/2018,11/29/2018,1625,70.8,69.25,71.85,63,87,0.4419,0.6946,0.0033,-939.9271,83.136,AMZN181207C01625000
AMZN,1673.57,*,AMZN181207P01625000,,put,12/07/2018,11/29/2018,1625,20.85,20.2,21.15,88,68,0.4363,-0.3034,0.0034,-887.6249,82.8923,AMZN181207P01625000
AMZN,1673.57,*,AMZN181207C01627500,,call,12/07/2018,11/29/2018,1627.5,79.01,67.55,69.95,46,68,0.4412,0.6862,0.0034,-949.0861,84.1285,AMZN181207C01627500
AMZN,1673.57,*,AMZN181207P01627500,,put,12/07/2018,11/29/2018,1627.5,18.8,20.95,21.9,75,22,0.4354,-0.3118,0.0034,-896.311,83.8975,AMZN181207P01627500
AMZN,1673.57,*,AMZN181207C01630000,,call,12/07/2018,11/29/2018,1630,71.99,65.8,68.25,79,261,0.4403,0.6778,0.0034,-957.3217,85.0788,AMZN181207C01630000
AMZN,1673.57,*,AMZN181207P01630000,,put,12/07/2018,11/29/2018,1630,21.87,21.7,22.55,197,152,0.4337,-0.3201,0.0035,-902.5797,84.8389,AMZN181207P01630000
AMZN,1673.57,*,AMZN181207C01632500,,call,12/07/2018,11/29/2018,1632.5,65.55,64.3,66.35,46,48,0.4394,0.6692,0.0035,-965.1217,85.9935,AMZN181207C01632500
AMZN,1673.57,*,AMZN181207P01632500,,put,12/07/2018,11/29/2018,1632.5,20.5,22.5,23.4,51,24,0.4332,-0.3289,0.0035,-911.4134,85.7901,AMZN181207P01632500
AMZN,1673.57,*,AMZN181207C01635000,,call,12/07/2018,11/29/2018,1635,71.28,62.6,64.8,92,92,0.4392,0.6603,0.0035,-974.1939,86.8912,AMZN181207C01635000
AMZN,1673.57,*,AMZN181207P01635000,,put,12/07/2018,11/29/2018,1635,21.2,23.35,24.3,74,47,0.433,-0.3379,0.0036,-920.5206,86.7096,AMZN181207P01635000
AMZN,1673.57,*,AMZN181207C01637500,,call,12/07/2018,11/29/2018,1637.5,66.04,60.9,63.2,47,61,0.4384,0.6515,0.0036,-981.3096,87.7302,AMZN181207C01637500
AMZN,1673.57,*,AMZN181207P01637500,,put,12/07/2018,11/29/2018,1637.5,22.15,24.15,25.15,57,17,0.432,-0.3467,0.0036,-927.1755,87.5636,AMZN181207P01637500
AMZN,1673.57,*,AMZN181207C01640000,,call,12/07/2018,11/29/2018,1640,59.35,59.4,61.5,353,233,0.4379,0.6425,0.0036,-988.6707,88.5348,AMZN181207C01640000
AMZN,1673.57,*,AMZN181207P01640000,,put,12/07/2018,11/29/2018,1640,25.23,25.05,26.1,109,151,0.4319,-0.3559,0.0036,-935.5412,88.3979,AMZN181207P01640000
AMZN,1673.57,*,AMZN181207C01642500,,call,12/07/2018,11/29/2018,1642.5,58.99,57.8,59.85,33,34,0.4369,0.6335,0.0036,-994.3133,89.2853,AMZN181207C01642500
AMZN,1673.57,*,AMZN181207P01642500,,put,12/07/2018,11/29/2018,1642.5,23.74,25.9,26.9,20,92,0.4304,-0.3649,0.0037,-939.9899,89.1559,AMZN181207P01642500
AMZN,1673.57,*,AMZN181207C01645000,,call,12/07/2018,11/29/2018,1645,63.2,56.1,58.1,92,108,0.4345,0.6248,0.0037,-996.0729,89.9693,AMZN181207C01645000
AMZN,1673.57,*,AMZN181207P01645000,,put,12/07/2018,11/29/2018,1645,24.98,26.8,27.9,61,143,0.4301,-0.3742,0.0037,-946.8328,89.8938,AMZN181207P01645000
AMZN,1673.57,*,AMZN181207C01647500,,call,12/07/2018,11/29/2018,1647.5,60.65,54.7,56.75,30,77,0.4358,0.6151,0.0037,-1006.2186,90.6684,AMZN181207C01647500
AMZN,1673.57,*,AMZN181207P01647500,,put,12/07/2018,11/29/2018,1647.5,28.09,27.75,28.85,39,32,0.4295,-0.3836,0.0037,-952.4118,90.5778,AMZN181207P01647500
AMZN,1673.57,*,AMZN181207C01650000,,call,12/07/2018,11/29/2018,1650,53.37,53.2,54.5,2120,434,0.4313,0.6065,0.0038,-1001.9244,91.2416,AMZN181207C01650000
AMZN,1673.57,*,AMZN181207P01650000,,put,12/07/2018,11/29/2018,1650,29.85,28.7,29.8,379,241,0.4286,-0.393,0.0038,-956.7247,91.209,AMZN181207P01650000
AMZN,1673.57,*,AMZN181207C01652500,,call,12/07/2018,11/29/2018,1652.5,57.8,51.6,53.7,53,0,0.434,0.5965,0.0038,-1014.2833,91.8521,AMZN181207C01652500
AMZN,1673.57,*,AMZN181207P01652500,,put,12/07/2018,11/29/2018,1652.5,30.15,29.7,30.75,72,0,0.4277,-0.4024,0.0038,-960.483,91.7912,AMZN181207P01652500
AMZN,1673.57,*,AMZN181207C01655000,,call,12/07/2018,11/29/2018,1655,56.6,50.25,52,82,166,0.4328,0.5872,0.0038,-1016.7704,92.3686,AMZN181207C01655000
AMZN,1673.57,*,AMZN181207P01655000,,put,12/07/2018,11/29/2018,1655,28.3,30.7,31.85,112,60,0.4274,-0.4121,0.0038,-965.0983,92.3274,AMZN181207P01655000
AMZN,1673.57,*,AMZN181207C01657500,,call,12/07/2018,11/29/2018,1657.5,54.7,48.75,50.4,48,0,0.4317,0.5777,0.0038,-1018.9282,92.8362,AMZN181207C01657500
AMZN,1673.57,*,AMZN181207P01657500,,put,12/07/2018,11/29/2018,1657.5,32.4,31.7,32.95,49,0,0.427,-0.4217,0.0039,-968.8911,92.809,AMZN181207P01657500
AMZN,1673.57,*,AMZN181207C01660000,,call,12/07/2018,11/29/2018,1660,51.6,47.25,49.05,337,268,0.431,0.5681,0.0038,-1021.4519,93.2542,AMZN181207C01660000
AMZN,1673.57,*,AMZN181207P01660000,,put,12/07/2018,11/29/2018,1660,33.3,32.8,34,383,140,0.4264,-0.4314,0.0039,-971.6198,93.235,AMZN181207P01660000
AMZN,1673.57,*,AMZN181207C01662500,,call,12/07/2018,11/29/2018,1662.5,45.95,45.85,47.7,56,0,0.4301,0.5585,0.0039,-1022.9143,93.6182,AMZN181207C01662500
AMZN,1673.57,*,AMZN181207P01662500,,put,12/07/2018,11/29/2018,1662.5,32.3,33.85,35.1,70,0,0.4256,-0.4412,0.0039,-973.2802,93.6056,AMZN181207P01662500
AMZN,1673.57,*,AMZN181207C01665000,,call,12/07/2018,11/29/2018,1665,45,44.45,46.35,429,193,0.4291,0.5488,0.0039,-1023.5455,93.9281,AMZN181207C01665000
AMZN,1673.57,*,AMZN181207P01665000,,put,12/07/2018,11/29/2018,1665,36.1,34.95,36.15,170,49,0.4245,-0.451,0.0039,-973.6324,93.9203,AMZN181207P01665000
AMZN,1673.57,*,AMZN181207C01667500,,call,12/07/2018,11/29/2018,1667.5,45,43.1,44.8,73,0,0.4276,0.5391,0.0039,-1022.3996,94.1827,AMZN181207C01667500
AMZN,1673.57,*,AMZN181207P01667500,,put,12/07/2018,11/29/2018,1667.5,34.6,36.15,37.55,85,0,0.4256,-0.4609,0.0039,-978.544,94.181,AMZN181207P01667500
AMZN,1673.57,*,AMZN181207C01670000,,call,12/07/2018,11/29/2018,1670,41.9,41.9,43.45,887,305,0.4281,0.5292,0.0039,-1025.3424,94.3824,AMZN181207C01670000
AMZN,1673.57,*,AMZN181207P01670000,,put,12/07/2018,11/29/2018,1670,38.15,37.2,38.55,384,174,0.4235,-0.4707,0.004,-975.3234,94.3815,AMZN181207P01670000
AMZN,1673.57,*,AMZN181207C01672500,,call,12/07/2018,11/29/2018,1672.5,44.65,40.45,42.25,231,0,0.4273,0.5194,0.0039,-1024.6192,94.5245,AMZN181207C01672500
AMZN,1673.57,*,AMZN181207P01672500,,put,12/07/2018,11/29/2018,1672.5,38.75,38.35,39.75,107,0,0.4227,-0.4807,0.004,-974.5375,94.5251,AMZN181207P01672500
AMZN,1673.57,*,AMZN181207C01675000,,call,12/07/2018,11/29/2018,1675,40.05,39.5,40.9,616,339,0.4281,0.5096,0.0039,-1027.043,94.6091,AMZN181207C01675000
AMZN,1673.57,*,AMZN181207P01675000,,put,12/07/2018,11/29/2018,1675,40.1,39.25,41.15,320,163,0.4214,-0.4906,0.004,-971.9536,94.6103,AMZN181207P01675000
AMZN,1673.57,*,AMZN181207C01677500,,call,12/07/2018,11/29/2018,1677.5,43,38.1,39.65,269,0,0.4268,0.4997,0.0039,-1023.9151,94.6364,AMZN181207C01677500
AMZN,1673.57,*,AMZN181207P01677500,,put,12/07/2018,11/29/2018,1677.5,39.1,40.8,42.3,114,0,0.4219,-0.5006,0.004,-972.9814,94.6363,AMZN181207P01677500
AMZN,1673.57,*,AMZN181207C01680000,,call,12/07/2018,11/29/2018,1680,37.49,36.8,38.4,596,330,0.4258,0.4898,0.0039,-1020.8739,94.6055,AMZN181207C01680000
AMZN,1673.57,*,AMZN181207P01680000,,put,12/07/2018,11/29/2018,1680,42.55,42,43.45,224,89,0.4204,-0.5106,0.004,-968.6753,94.6028,AMZN181207P01680000
AMZN,1673.57,*,AMZN181207C01682500,,call,12/07/2018,11/29/2018,1682.5,36.29,35.6,36.9,221,0,0.4228,0.4797,0.004,-1012.4786,94.5136,AMZN181207C01682500
AMZN,1673.57,*,AMZN181207P01682500,,put,12/07/2018,11/29/2018,1682.5,43.8,43.3,44.8,74,0,0.4201,-0.5206,0.004,-966.5767,94.5102,AMZN181207P01682500
AMZN,1673.57,*,AMZN181207C01685000,,call,12/07/2018,11/29/2018,1685,34.77,34.4,35.85,261,164,0.4233,0.4699,0.004,-1011.7454,94.3665,AMZN181207C01685000
AMZN,1673.57,*,AMZN181207P01685000,,put,12/07/2018,11/29/2018,1685,45.55,44.55,46.1,80,30,0.4191,-0.5307,0.004,-962.1996,94.3568,AMZN181207P01685000
AMZN,1673.57,*,AMZN181207C01687500,,call,12/07/2018,11/29/2018,1687.5,33.95,33.2,34.65,111,35,0.4227,0.46,0.004,-1007.7968,94.1596,AMZN181207C01687500
AMZN,1673.57,*,AMZN181207P01687500,,put,12/07/2018,11/29/2018,1687.5,41.85,45.9,47.5,41,33,0.4189,-0.5406,0.004,-959.1063,94.1457,AMZN181207P01687500
AMZN,1673.57,*,AMZN181207C01690000,,call,12/07/2018,11/29/2018,1690,33.4,32.1,33.5,230,183,0.4229,0.4502,0.0039,-1005.1578,93.8984,AMZN181207C01690000
AMZN,1673.57,*,AMZN181207P01690000,,put,12/07/2018,11/29/2018,1690,45.32,47.25,48.8,39,91,0.4179,-0.5507,0.004,-953.492,93.8722,AMZN181207P01690000
AMZN,1673.57,*,AMZN181207C01692500,,call,12/07/2018,11/29/2018,1692.5,31.1,31,32.2,88,47,0.4206,0.44,0.004,-995.9173,93.5645,AMZN181207C01692500
AMZN,1673.57,*,AMZN181207P01692500,,put,12/07/2018,11/29/2018,1692.5,49.6,48.55,50.1,22,19,0.4163,-0.5608,0.004,-945.8158,93.5336,AMZN181207P01692500
AMZN,1673.57,*,AMZN181207C01695000,,call,12/07/2018,11/29/2018,1695,34.45,29.9,31.35,195,99,0.4212,0.4304,0.0039,-993.0591,93.1924,AMZN181207C01695000
AMZN,1673.57,*,AMZN181207P01695000,,put,12/07/2018,11/29/2018,1695,50.6,49.65,51.65,44,52,0.4147,-0.571,0.004,-937.5116,93.1317,AMZN181207P01695000
AMZN,1673.57,*,AMZN181207C01697500,,call,12/07/2018,11/29/2018,1697.5,33.8,28.85,30.15,70,45,0.4199,0.4204,0.0039,-985.0195,92.7467,AMZN181207C01697500
AMZN,1673.57,*,AMZN181207P01697500,,put,12/07/2018,11/29/2018,1697.5,52.55,51.35,53,24,36,0.415,-0.5808,0.004,-933.2159,92.6891,AMZN181207P01697500
AMZN,1673.57,*,AMZN181207C01700000,,call,12/07/2018,11/29/2018,1700,28.25,27.95,28.95,1733,1580,0.4191,0.4106,0.0039,-977.6057,92.2477,AMZN181207C01700000
AMZN,1673.57,*,AMZN181207P01700000,,put,12/07/2018,11/29/2018,1700,54,52.8,54.8,165,103,0.4161,-0.5902,0.0039,-930.3264,92.2046,AMZN181207P01700000
AMZN,1673.57,*,AMZN181207C01702500,,call,12/07/2018,11/29/2018,1702.5,27.65,26.85,27.9,136,78,0.4179,0.4006,0.0039,-968.6285,91.6845,AMZN181207C01702500
AMZN,1673.57,*,AMZN181207P01702500,,put,12/07/2018,11/29/2018,1702.5,55.35,54,56.15,28,19,0.4132,-0.6007,0.0039,-917.0372,91.6024,AMZN181207P01702500
AMZN,1673.57,*,AMZN181207C01705000,,call,12/07/2018,11/29/2018,1705,30.2,25.8,27.05,84,137,0.4177,0.391,0.0039,-961.5591,91.0825,AMZN181207C01705000
AMZN,1673.57,*,AMZN181207P01705000,,put,12/07/2018,11/29/2018,1705,51.5,55.75,57.75,31,23,0.4144,-0.61,0.0039,-913.3096,91.0149,AMZN181207P01705000
AMZN,1673.57,*,AMZN181207C01707500,,call,12/07/2018,11/29/2018,1707.5,25.65,25,26.05,62,49,0.4178,0.3816,0.0038,-954.7101,90.4357,AMZN181207C01707500
AMZN,1673.57,*,AMZN181207P01707500,,put,12/07/2018,11/29/2018,1707.5,58.55,56.95,59.1,16,21,0.4109,-0.6207,0.0039,-897.3076,90.2694,AMZN181207P01707500
AMZN,1673.57,*,AMZN181207C01710000,,call,12/07/2018,11/29/2018,1710,24.2,24,25.05,132,160,0.4165,0.3717,0.0038,-943.8194,89.7023,AMZN181207C01710000
AMZN,1673.57,*,AMZN181207P01710000,,put,12/07/2018,11/29/2018,1710,60.15,58.85,60.65,31,32,0.4121,-0.6298,0.0039,-892.5416,89.5806,AMZN181207P01710000
AMZN,1673.57,*,AMZN181207C01712500,,call,12/07/2018,11/29/2018,1712.5,27.6,23.1,24.1,62,85,0.4158,0.3622,0.0038,-933.9091,88.9298,AMZN181207C01712500
AMZN,1673.57,*,AMZN181207P01712500,,put,12/07/2018,11/29/2018,1712.5,52.76,60.3,62.2,10,23,0.4105,-0.6398,0.0038,-880.1854,88.7622,AMZN181207P01712500
AMZN,1673.57,*,AMZN181207C01715000,,call,12/07/2018,11/29/2018,1715,23,22.2,23.2,155,146,0.4151,0.3527,0.0038,-923.4904,88.1054,AMZN181207C01715000
AMZN,1673.57,*,AMZN181207P01715000,,put,12/07/2018,11/29/2018,1715,63.55,61.65,64.05,13,18,0.4097,-0.6495,0.0038,-869.3364,87.9124,AMZN181207P01715000
AMZN,1673.57,*,AMZN181207C01717500,,call,12/07/2018,11/29/2018,1717.5,24.55,21.4,22.35,97,91,0.415,0.3435,0.0037,-914.1328,87.2537,AMZN181207C01717500
AMZN,1673.57,*,AMZN181207P01717500,,put,12/07/2018,11/29/2018,1717.5,64.35,63.5,65.6,25,14,0.4099,-0.6587,0.0038,-860.582,87.0506,AMZN181207P01717500
AMZN,1673.57,*,AMZN181207C01720000,,call,12/07/2018,11/29/2018,1720,20.9,20.55,21.4,484,183,0.4138,0.3339,0.0037,-901.4523,86.3098,AMZN181207C01720000
AMZN,1673.57,*,AMZN181207P01720000,,put,12/07/2018,11/29/2018,1720,66.4,64.9,67.25,29,29,0.4077,-0.6688,0.0038,-845.1077,86.0378,AMZN181207P01720000
AMZN,1673.57,*,AMZN181207C01722500,,call,12/07/2018,11/29/2018,1722.5,22.35,19.65,20.55,41,34,0.4126,0.3244,0.0037,-888.2903,85.3134,AMZN181207C01722500
AMZN,1673.57,*,AMZN181207P01722500,,put,12/07/2018,11/29/2018,1722.5,60.95,66.45,68.95,10,8,0.4064,-0.6784,0.0037,-831.48,85.007,AMZN181207P01722500
AMZN,1673.57,*,AMZN181207C01725000,,call,12/07/2018,11/29/2018,1725,22.6,18.8,19.75,101,72,0.4117,0.3151,0.0036,-875.4621,84.2816,AMZN181207C01725000
AMZN,1673.57,*,AMZN181207P01725000,,put,12/07/2018,11/29/2018,1725,69.25,68.15,70.65,14,82,0.4058,-0.6877,0.0037,-819.2482,83.9614,AMZN181207P01725000
AMZN,1673.57,*,AMZN181207C01727500,,call,12/07/2018,11/29/2018,1727.5,20.45,18.2,18.95,46,47,0.4121,0.3065,0.0036,-865.6888,83.2781,AMZN181207C01727500
AMZN,1673.57,*,AMZN181207P01727500,,put,12/07/2018,11/29/2018,1727.5,64.15,69.75,72.25,22,8,0.4036,-0.6976,0.0036,-802.296,82.774,AMZN181207P01727500
AMZN,1673.57,*,AMZN181207C01730000,,call,12/07/2018,11/29/2018,1730,18,17.35,18.25,268,113,0.4113,0.2975,0.0036,-852.3192,82.1668,AMZN181207C01730000
AMZN,1673.57,*,AMZN181207P01730000,,put,12/07/2018,11/29/2018,1730,68,71.95,74.2,17,46,0.4069,-0.7047,0.0036,-799.7864,81.8872,AMZN181207P01730000
AMZN,1673.57,*,AMZN181207C01732500,,call,12/07/2018,11/29/2018,1732.5,18.9,16.6,17.5,43,30,0.4105,0.2886,0.0035,-838.5633,81.0131,AMZN181207C01732500
AMZN,1673.57,*,AMZN181207P01732500,,put,12/07/2018,11/29/2018,1732.5,74.65,73.35,75.95,18,11,0.4038,-0.7149,0.0035,-779.5844,80.5491,AMZN181207P01732500
AMZN,1673.57,*,AMZN181207C01735000,,call,12/07/2018,11/29/2018,1735,17.05,15.95,16.8,288,131,0.4104,0.2801,0.0035,-826.3662,79.8696,AMZN181207C01735000
AMZN,1673.57,*,AMZN181207P01735000,,put,12/07/2018,11/29/2018,1735,68.7,75.45,77.75,10,87,0.4052,-0.7226,0.0035,-771.316,79.4856,AMZN181207P01735000
AMZN,1673.57,*,AMZN181207C01737500,,call,12/07/2018,11/29/2018,1737.5,19.06,15.25,16.1,67,42,0.4098,0.2715,0.0034,-812.471,78.6556,AMZN181207C01737500
AMZN,1673.57,*,AMZN181207P01737500,,put,12/07/2018,11/29/2018,1737.5,70.4,76.5,79.7,7,12,0.4004,-0.7336,0.0035,-745.5752,77.9021,AMZN181207P01737500
AMZN,1673.57,*,AMZN181207C01740000,,call,12/07/2018,11/29/2018,1740,14.89,14.6,15.35,87,99,0.4089,0.2629,0.0034,-797.4251,77.382,AMZN181207C01740000
AMZN,1673.57,*,AMZN181207P01740000,,put,12/07/2018,11/29/2018,1740,72.2,79.15,81.5,35,86,0.4049,-0.7393,0.0034,-745.3878,77.0452,AMZN181207P01740000
AMZN,1673.57,*,AMZN181207C01742500,,call,12/07/2018,11/29/2018,1742.5,14.25,14,14.7,45,22,0.4087,0.2548,0.0033,-784.044,76.1343,AMZN181207C01742500
AMZN,1673.57,*,AMZN181207P01742500,,put,12/07/2018,11/29/2018,1742.5,76.95,78.05,85.5,11,17,0.3974,-0.7517,0.0034,-711.2709,75.102,AMZN181207P01742500
AMZN,1673.57,*,AMZN181207C01745000,,call,12/07/2018,11/29/2018,1745,13.65,13.45,14.25,70,63,0.4099,0.2476,0.0033,-774.3725,74.9899,AMZN181207C01745000
AMZN,1673.57,*,AMZN181207P01745000,,put,12/07/2018,11/29/2018,1745,78.86,80.15,87.4,2,19,0.3983,-0.7592,0.0033,-700.4906,73.879,AMZN181207P01745000
AMZN,1673.57,*,AMZN181207C01747500,,call,12/07/2018,11/29/2018,1747.5,15.2,12.8,13.5,57,26,0.4077,0.2386,0.0032,-754.835,73.5021,AMZN181207C01747500
AMZN,1673.57,*,AMZN181207P01747500,,put,12/07/2018,11/29/2018,1747.5,125.65,82.05,89.6,0,9,0.3994,-0.7664,0.0032,-690.1005,72.6634,AMZN181207P01747500
AMZN,1673.57,*,AMZN181207C01750000,,call,12/07/2018,11/29/2018,1750,12.35,12.35,12.95,1664,658,0.4078,0.231,0.0031,-741.61,72.2089,AMZN181207C01750000
AMZN,1673.57,*,AMZN181207P01750000,,put,12/07/2018,11/29/2018,1750,78.5,84,91.5,14,50,0.3987,-0.7745,0.0032,-674.3761,71.2428,AMZN181207P01750000
AMZN,1673.57,*,AMZN181207C01752500,,call,12/07/2018,11/29/2018,1752.5,12.7,11.7,12.45,86,48,0.4071,0.2231,0.0031,-725.9004,70.8117,AMZN181207C01752500
AMZN,1673.57,*,AMZN181207P01752500,,put,12/07/2018,11/29/2018,1752.5,82.15,85.4,93.5,1,16,0.3938,-0.785,0.0031,-646.2949,69.3102,AMZN181207P01752500
AMZN,1673.57,*,AMZN181207C01755000,,call,12/07/2018,11/29/2018,1755,11.55,11.2,11.9,113,45,0.4068,0.2157,0.003,-711.1692,69.4366,AMZN181207C01755000
AMZN,1673.57,*,AMZN181207P01755000,,put,12/07/2018,11/29/2018,1755,84.99,87.35,95.65,30,71,0.394,-0.7923,0.0031,-632.7686,67.9295,AMZN181207P01755000
AMZN,1673.57,*,AMZN181207C01757500,,call,12/07/2018,11/29/2018,1757.5,12.05,10.75,11.4,42,15,0.407,0.2086,0.003,-697.7471,68.1036,AMZN181207C01757500
AMZN,1673.57,*,AMZN181207P01757500,,put,12/07/2018,11/29/2018,1757.5,98.4,89.15,97.2,0,8,0.3884,-0.8031,0.003,-602.1552,65.7898,AMZN181207P01757500
AMZN,1673.57,*,AMZN181207C01760000,,call,12/07/2018,11/29/2018,1760,10.3,10.25,10.85,231,86,0.4063,0.2012,0.0029,-681.5801,66.6497,AMZN181207C01760000
AMZN,1673.57,*,AMZN181207P01760000,,put,12/07/2018,11/29/2018,1760,84.74,91.5,99.7,8,112,0.3939,-0.8066,0.0029,-603.9237,65.0715,AMZN181207P01760000
AMZN,1673.57,*,AMZN181207C01762500,,call,12/07/2018,11/29/2018,1762.5,12,9.85,10.35,39,33,0.4063,0.1943,0.0029,-667.3546,65.2684,AMZN181207C01762500
AMZN,1673.57,*,AMZN181207P01762500,,put,12/07/2018,11/29/2018,1762.5,89.85,93.2,101.7,1,46,0.3896,-0.8163,0.0029,-576.8581,63.0418,AMZN181207P01762500
AMZN,1673.57,*,AMZN181207C01765000,,call,12/07/2018,11/29/2018,1765,9.65,9.4,9.9,58,125,0.4062,0.1876,0.0028,-652.7573,63.8658,AMZN181207C01765000
AMZN,1673.57,*,AMZN181207P01765000,,put,12/07/2018,11/29/2018,1765,106.35,95.4,103.8,36,27,0.3904,-0.8225,0.0028,-564.7298,61.6946,AMZN181207P01765000
AMZN,1673.57,*,AMZN181207C01767500,,call,12/07/2018,11/29/2018,1767.5,9.35,8.9,9.55,600,145,0.4061,0.181,0.0027,-638.1007,62.456,AMZN181207C01767500
AMZN,1673.57,*,AMZN181207P01767500,,put,12/07/2018,11/29/2018,1767.5,100.96,97.7,105.9,0,2,0.3921,-0.828,0.0027,-555.2406,60.482,AMZN181207P01767500
AMZN,1673.57,*,AMZN181207C01770000,,call,12/07/2018,11/29/2018,1770,8.7,8.55,9.1,223,149,0.4063,0.1747,0.0027,-624.291,61.0829,AMZN181207C01770000
AMZN,1673.57,*,AMZN181207P01770000,,put,12/07/2018,11/29/2018,1770,106.6,101.6,108,14,73,0.3921,-0.8344,0.0027,-540.7199,59.0248,AMZN181207P01770000
AMZN,1673.57,*,AMZN181207C01775000,,call,12/07/2018,11/29/2018,1775,7.8,7.75,8.25,102,134,0.4054,0.1618,0.0025,-592.7816,58.1437,AMZN181207C01775000
AMZN,1673.57,*,AMZN181207P01775000,,put,12/07/2018,11/29/2018,1775,106.72,103.5,111.9,0,22,0.3802,-0.8546,0.0025,-476.522,54.18,AMZN181207P01775000
AMZN,1673.57,*,AMZN181207C01780000,,call,12/07/2018,11/29/2018,1780,8.8,7.1,7.55,195,98,0.4061,0.1505,0.0024,-566.0713,55.4428,AMZN181207C01780000
AMZN,1673.57,*,AMZN181207P01780000,,put,12/07/2018,11/29/2018,1780,104.5,107.8,116.75,8,109,0.3812,-0.8655,0.0024,-450.7485,51.3773,AMZN181207P01780000
AMZN,1673.57,*,AMZN181207C01785000,,call,12/07/2018,11/29/2018,1785,8.4,6.4,6.9,84,44,0.4058,0.1393,0.0023,-536.5958,52.6075,AMZN181207C01785000
AMZN,1673.57,*,AMZN181207P01785000,,put,12/07/2018,11/29/2018,1785,110.9,112.1,120.6,1,44,0.3717,-0.8826,0.0022,-394.7598,46.7206,AMZN181207P01785000
AMZN,1673.57,*,AMZN181207C01790000,,call,12/07/2018,11/29/2018,1790,6,5.85,6.25,319,84,0.4061,0.1289,0.0022,-509.2089,49.8975,AMZN181207C01790000
AMZN,1673.57,*,AMZN181207P01790000,,put,12/07/2018,11/29/2018,1790,132.5,116.5,125.15,0,45,0.3659,-0.8965,0.0021,-350.6959,42.6929,AMZN181207P01790000
AMZN,1673.57,*,AMZN181207C01795000,,call,12/07/2018,11/29/2018,1795,6.65,5.25,5.65,36,57,0.4054,0.1186,0.0021,-479.3302,47.061,AMZN181207C01795000
AMZN,1673.57,*,AMZN181207P01795000,,put,12/07/2018,11/29/2018,1795,131.78,121,129.8,2,16,0.3573,-0.9112,0.0019,-300.2743,38.1264,AMZN181207P01795000
AMZN,1673.57,*,AMZN181207C01800000,,call,12/07/2018,11/29/2018,1800,4.9,4.75,5.2,1043,951,0.4064,0.1099,0.0019,-454.9246,44.565,AMZN181207C01800000
AMZN,1673.57,*,AMZN181207P01800000,,put,12/07/2018,11/29/2018,1800,138.1,125.5,134.95,0,35,0.3573,-0.9197,0.0018,-275.1561,35.3514,AMZN181207P01800000
AMZN,1673.57,*,AMZN181207C01810000,,call,12/07/2018,11/29/2018,1810,5,4,4.3,329,173,0.409,0.0943,0.0017,-409.5284,39.8799,AMZN181207C01810000
AMZN,1673.57,*,AMZN181207P01810000,,put,12/07/2018,11/29/2018,1810,140.2,134.5,143.7,5,32,0.3573,-0.9348,0.0015,-228.0005,30.1395,AMZN181207P01810000
AMZN,1673.57,*,AMZN181207C01820000,,call,12/07/2018,11/29/2018,1820,4.2,3.3,3.65,263,263,0.411,0.0804,0.0015,-365.0679,35.391,AMZN181207C01820000
AMZN,1673.57,*,AMZN181207P01820000,,put,12/07/2018,11/29/2018,1820,143.5,144,153.4,1,23,0.3573,-0.9475,0.0013,-185.27,25.4152,AMZN181207P01820000
AMZN,1673.57,*,AMZN181207C01830000,,call,12/07/2018,11/29/2018,1830,3.37,2.71,3,41,113,0.4122,0.0678,0.0013,-321.5236,31.0897,AMZN181207C01830000
AMZN,1673.57,*,AMZN181207P01830000,,put,12/07/2018,11/29/2018,1830,280.34,153.5,163.05,0,30,0.3573,-0.9582,0.0011,-147.1567,21.2012,AMZN181207P01830000
AMZN,1673.57,*,AMZN181207C01840000,,call,12/07/2018,11/29/2018,1840,3.66,2.26,2.5,93,134,0.4151,0.0578,0.0012,-285.5369,27.4262,AMZN181207C01840000
AMZN,1673.57,*,AMZN181207P01840000,,put,12/07/2018,11/29/2018,1840,190.35,163.3,173,0,9,0.3573,-0.9669,0.0009,-113.6656,17.499,AMZN181207P01840000
AMZN,1673.57,*,AMZN181207C01850000,,call,12/07/2018,11/29/2018,1850,1.93,1.86,2.12,552,215,0.4183,0.0492,0.001,-253.2595,24.1473,AMZN181207C01850000
AMZN,1673.57,*,AMZN181207P01850000,,put,12/07/2018,11/29/2018,1850,210.8,172.95,182.5,0,36,0.3573,-0.9741,0.0007,-84.6501,14.2932,AMZN181207P01850000
AMZN,1673.57,*,AMZN181207C01860000,,call,12/07/2018,11/29/2018,1860,1.75,1.57,1.83,29,128,0.4233,0.0425,0.0009,-227.8099,21.4705,AMZN181207C01860000
AMZN,1673.57,*,AMZN181207P01860000,,put,12/07/2018,11/29/2018,1860,311.43,182.5,192.35,0,11,0.3573,-0.9799,0.0006,-59.8487,11.5554,AMZN181207P01860000
AMZN,1673.57,*,AMZN181207C01870000,,call,12/07/2018,11/29/2018,1870,1.77,1.25,1.57,54,70,0.426,0.0359,0.0008,-199.9599,18.7312,AMZN181207C01870000
AMZN,1673.57,*,AMZN181207P01870000,,put,12/07/2018,11/29/2018,1870,194.03,192.25,202,0,4,0.3573,-0.9845,0.0005,-38.9198,9.2481,AMZN181207P01870000
AMZN,1673.57,*,AMZN181207C01880000,,call,12/07/2018,11/29/2018,1880,1.51,1.06,1.39,32,61,0.4322,0.0314,0.0007,-181.6048,16.772,AMZN181207C01880000
AMZN,1673.57,*,AMZN181207P01880000,,put,12/07/2018,11/29/2018,1880,348.75,202.15,211.55,0,0,0.3573,-0.9882,0.0004,-21.4738,7.3284,AMZN181207P01880000
AMZN,1673.57,*,AMZN181207C01890000,,call,12/07/2018,11/29/2018,1890,1.22,0.96,1.2,22,88,0.4389,0.0277,0.0006,-165.8954,15.091,AMZN181207C01890000
AMZN,1673.57,*,AMZN181207P01890000,,put,12/07/2018,11/29/2018,1890,341.46,212,221.6,0,2,0.3573,-0.991,0.0003,-7.0995,5.7508,AMZN181207P01890000
AMZN,1673.57,*,AMZN181207C01900000,,call,12/07/2018,11/29/2018,1900,0.89,0.82,1.02,252,280,0.4419,0.0235,0.0005,-145.4385,13.143,AMZN181207C01900000
AMZN,1673.57,*,AMZN181207P01900000,,put,12/07/2018,11/29/2018,1900,222,221.7,231.5,0,12,0.3573,-0.9933,0.0002,4.6136,4.4696,AMZN181207P01900000
AMZN,1673.57,*,AMZN181207C01910000,,call,12/07/2018,11/29/2018,1910,0.81,0.66,0.85,150,76,0.4419,0.0192,0.0004,-122.6739,11.0879,AMZN181207C01910000
AMZN,1673.57,*,AMZN181207P01910000,,put,12/07/2018,11/29/2018,1910,380,231.6,241.5,0,2,0.3573,-0.995,0.0002,14.0594,3.4412,AMZN181207P01910000
AMZN,1673.57,*,AMZN181207C01920000,,call,12/07/2018,11/29/2018,1920,0.94,0.55,0.85,74,41,0.4419,0.0156,0.0004,-102.8463,9.2974,AMZN181207C01920000
AMZN,1673.57,*,AMZN181207P01920000,,put,12/07/2018,11/29/2018,1920,377.25,241.5,251.4,0,0,0.3573,-0.9963,0.0001,21.6034,2.6249,AMZN181207P01920000
AMZN,1673.57,*,AMZN181207C01930000,,call,12/07/2018,11/29/2018,1930,0.84,0.48,0.69,9,44,0.4419,0.0126,0.0003,-85.7101,7.7495,AMZN181207C01930000
AMZN,1673.57,*,AMZN181207P01930000,,put,12/07/2018,11/29/2018,1930,387.2,251.5,261.3,0,1,0.3573,-0.9973,0.0001,27.5752,1.984,AMZN181207P01930000
AMZN,1673.57,*,AMZN181207C01940000,,call,12/07/2018,11/29/2018,1940,0.75,0.45,0.6,17,47,0.4419,0.0102,0.0003,-71.0107,6.4215,AMZN181207C01940000
AMZN,1673.57,*,AMZN181207P01940000,,put,12/07/2018,11/29/2018,1940,369.73,261.5,271.25,0,1,0.3573,-0.998,0.0001,32.2654,1.4862,AMZN181207P01940000
AMZN,1673.57,*,AMZN181207C01950000,,call,12/07/2018,11/29/2018,1950,0.49,0.49,0.59,314,103,0.4419,0.0082,0.0002,-58.4932,5.2903,AMZN181207C01950000
AMZN,1673.57,*,AMZN181207P01950000,,put,12/07/2018,11/29/2018,1950,419.08,271.65,281.5,0,4,0.3573,-0.9986,0.0001,35.9246,1.1035,AMZN181207P01950000
AMZN,1673.57,*,AMZN181207C01960000,,call,12/07/2018,11/29/2018,1960,0.63,0.34,0.55,15,68,0.4419,0.0065,0.0002,-47.909,4.3336,AMZN181207C01960000
AMZN,1673.57,*,AMZN181207P01960000,,put,12/07/2018,11/29/2018,1960,216.8,281.5,290.85,0,0,0.3573,-0.999,0,38.765,0.8122,AMZN181207P01960000
AMZN,1673.57,*,AMZN181207C01970000,,call,12/07/2018,11/29/2018,1970,0.55,0.31,0.52,13,24,0.4419,0.0052,0.0001,-39.021,3.5301,AMZN181207C01970000
AMZN,1673.57,*,AMZN181207P01970000,,put,12/07/2018,11/29/2018,1970,294.5,291.5,301.1,0,0,0.3573,-0.9993,0,40.9629,0.5927,AMZN181207P01970000
AMZN,1673.57,*,AMZN181207C01980000,,call,12/07/2018,11/29/2018,1980,0.51,0.28,0.52,3,41,0.4419,0.0041,0.0001,-31.6074,2.8598,AMZN181207C01980000
AMZN,1673.57,*,AMZN181207P01980000,,put,12/07/2018,11/29/2018,1980,296.63,301.7,311.4,1,4,0.3573,-0.9995,0,42.6625,0.4289,AMZN181207P01980000
AMZN,1673.57,*,AMZN181207C01990000,,call,12/07/2018,11/29/2018,1990,0.41,0.26,0.52,0,52,0.4419,0.0032,0.0001,-25.464,2.3042,AMZN181207C01990000
AMZN,1673.57,*,AMZN181207P01990000,,put,12/07/2018,11/29/2018,1990,326.15,311.7,321.5,0,0,0.3573,-0.9996,0,43.98,0.3078,AMZN181207P01990000
AMZN,1673.57,*,AMZN181207C02000000,,call,12/07/2018,11/29/2018,2000,0.28,0.24,0.5,46,313,0.4419,0.0025,0.0001,-20.4055,1.8467,AMZN181207C02000000
AMZN,1673.57,*,AMZN181207P02000000,,put,12/07/2018,11/29/2018,2000,319.38,321.5,330.85,57,65,0.3573,-0.9998,0,45.0078,0.2191,AMZN181207P02000000
AMZN,1673.57,*,AMZN181207C02010000,,call,12/07/2018,11/29/2018,2010,0.32,0.22,0.5,2,100,0.4419,0.002,0.0001,-16.2664,1.4723,AMZN181207C02010000
AMZN,1673.57,*,AMZN181207P02010000,,put,12/07/2018,11/29/2018,2010,484.43,331.75,341.4,0,0,0.3573,-0.9998,0,45.8182,0.1547,AMZN181207P02010000
AMZN,1673.57,*,AMZN181207C02020000,,call,12/07/2018,11/29/2018,2020,0.33,0.21,0.49,1,27,0.4419,0.0015,0,-12.9,1.1677,AMZN181207C02020000
AMZN,1673.57,*,AMZN181207P02020000,,put,12/07/2018,11/29/2018,2020,0,341.75,351.4,0,0,0.3573,-0.9999,0,46.467,0.1084,AMZN181207P02020000
AMZN,1673.57,*,AMZN181207C02030000,,call,12/07/2018,11/29/2018,2030,0.39,0.2,0.48,16,30,0.4419,0.0012,0,-10.1785,0.9214,AMZN181207C02030000
AMZN,1673.57,*,AMZN181207P02030000,,put,12/07/2018,11/29/2018,2030,292.4,351,360.45,0,0,0.3573,-0.9999,0,46.9972,0.0754,AMZN181207P02030000
AMZN,1673.57,*,AMZN181207C02040000,,call,12/07/2018,11/29/2018,2040,0.25,0.18,0.47,3,12,0.4419,0.0009,0,-7.9911,0.7235,AMZN181207C02040000
AMZN,1673.57,*,AMZN181207P02040000,,put,12/07/2018,11/29/2018,2040,530.83,361.5,369.4,0,0,0.3573,-0.9999,0,47.4408,0.052,AMZN181207P02040000
AMZN,1673.57,*,AMZN181207C02050000,,call,12/07/2018,11/29/2018,2050,0.2,0.17,0.47,4,140,0.4419,0.0007,0,-6.2429,0.5653,AMZN181207C02050000
AMZN,1673.57,*,AMZN181207P02050000,,put,12/07/2018,11/29/2018,2050,374,371,380.75,0,2,0.3573,-1,0,47.8221,0.0356,AMZN181207P02050000
AMZN,1673.57,*,AMZN181207C02060000,,call,12/07/2018,11/29/2018,2060,0.23,0.16,0.46,3,18,0.4419,0.0005,0,-4.8536,0.4395,AMZN181207C02060000
AMZN,1673.57,*,AMZN181207P02060000,,put,12/07/2018,11/29/2018,2060,379.4,381.5,390.8,57,0,0.3573,-1,0,48.1588,0.0242,AMZN181207P02060000
AMZN,1673.57,*,AMZN181207C02070000,,call,12/07/2018,11/29/2018,2070,0.17,0.15,0.45,6,29,0.4419,0.0004,0,-3.7556,0.3401,AMZN181207C02070000
AMZN,1673.57,*,AMZN181207P02070000,,put,12/07/2018,11/29/2018,2070,395,391.65,401.5,0,1,0.3573,-1,0,48.4639,0.0163,AMZN181207P02070000
AMZN,1673.57,*,AMZN181207C02080000,,call,12/07/2018,11/29/2018,2080,0.24,0.14,0.22,17,21,0.4419,0.0003,0,-2.8923,0.2619,AMZN181207C02080000
AMZN,1673.57,*,AMZN181207P02080000,,put,12/07/2018,11/29/2018,2080,0,401.5,409.65,0,0,0.3573,-1,0,48.7468,0.0109,AMZN181207P02080000
AMZN,1673.57,*,AMZN181207C02090000,,call,12/07/2018,11/29/2018,2090,0.24,0.12,0.19,0,43,0.4419,0.0002,0,-2.2172,0.2008,AMZN181207C02090000
AMZN,1673.57,*,AMZN181207P02090000,,put,12/07/2018,11/29/2018,2090,415.5,411.65,421.5,0,2,0.3573,-1,0,49.0144,0.0073,AMZN181207P02090000
AMZN,1673.57,*,AMZN181207C02100000,,call,12/07/2018,11/29/2018,2100,0.17,0.12,0.2,3,152,0.4419,0.0002,0,-1.692,0.1533,AMZN181207C02100000
AMZN,1673.57,*,AMZN181207P02100000,,put,12/07/2018,11/29/2018,2100,460,421,430.7,0,1,0.3573,-1,0,49.2712,0.0048,AMZN181207P02100000
AMZN,1673.57,*,AMZN181207C02110000,,call,12/07/2018,11/29/2018,2110,0.26,0.11,0.44,0,16,0.4419,0.0001,0,-1.2854,0.1164,AMZN181207C02110000
AMZN,1673.57,*,AMZN181207P02110000,,put,12/07/2018,11/29/2018,2110,470,431.25,441.2,0,1,0.3573,-1,0,49.5208,0.0032,AMZN181207P02110000
AMZN,1673.57,*,AMZN181207C02120000,,call,12/07/2018,11/29/2018,2120,0.15,0.1,0.43,3,38,0.4419,0.0001,0,-0.9722,0.0881,AMZN181207C02120000
AMZN,1673.57,*,AMZN181207P02120000,,put,12/07/2018,11/29/2018,2120,0,441.5,451.35,0,0,0.3573,-1,0,49.7654,0.0021,AMZN181207P02120000
AMZN,1673.57,*,AMZN181207C02130000,,call,12/07/2018,11/29/2018,2130,0.1,0.09,0.19,0,42,0.4419,0.0001,0,-0.7321,0.0663,AMZN181207C02130000
AMZN,1673.57,*,AMZN181207P02130000,,put,12/07/2018,11/29/2018,2130,0,451.5,461.45,0,0,0.3573,-1,0,50.0067,0.0013,AMZN181207P02130000
AMZN,1673.57,*,AMZN181207C02140000,,call,12/07/2018,11/29/2018,2140,0.45,0.08,0.21,0,3,0.4419,0.0001,0,-0.549,0.0497,AMZN181207C02140000
AMZN,1673.57,*,AMZN181207P02140000,,put,12/07/2018,11/29/2018,2140,0,461.75,471.25,0,0,0.3573,-1,0,50.2458,0.0009,AMZN181207P02140000
AMZN,1673.57,*,AMZN181207C02150000,,call,12/07/2018,11/29/2018,2150,0.11,0.1,0.15,81,22,0.4419,0,0,-0.4099,0.0371,AMZN181207C02150000
AMZN,1673.57,*,AMZN181207P02150000,,put,12/07/2018,11/29/2018,2150,0,471.5,481.25,0,0,0.3573,-1,0,50.4834,0.0005,AMZN181207P02150000
AMZN,1673.57,*,AMZN181207C02160000,,call,12/07/2018,11/29/2018,2160,0.08,0.06,0.39,0,9,0.4419,0,0,-0.3048,0.0276,AMZN181207C02160000
AMZN,1673.57,*,AMZN181207P02160000,,put,12/07/2018,11/29/2018,2160,0,481,490.8,0,0,0.3573,-1,0,50.72,0.0003,AMZN181207P02160000
AMZN,1673.57,*,AMZN181207C02170000,,call,12/07/2018,11/29/2018,2170,0.1,0.05,0.13,0,15,0.4419,0,0,-0.2258,0.0205,AMZN181207C02170000
AMZN,1673.57,*,AMZN181207P02170000,,put,12/07/2018,11/29/2018,2170,0,491.5,501.05,0,0,0.3573,-1,0,50.956,0.0002,AMZN181207P02170000
AMZN,1673.57,*,AMZN181207C02180000,,call,12/07/2018,11/29/2018,2180,0.1,0.04,0.37,0,18,0.4419,0,0,-0.1665,0.0151,AMZN181207C02180000
AMZN,1673.57,*,AMZN181207P02180000,,put,12/07/2018,11/29/2018,2180,0,501.5,511.15,0,0,0.3573,-1,0,51.1915,0.0001,AMZN181207P02180000
AMZN,1673.57,*,AMZN181207C02190000,,call,12/07/2018,11/29/2018,2190,0.08,0.04,0.36,0,8,0.4419,0,0,-0.1224,0.0111,AMZN181207C02190000
AMZN,1673.57,*,AMZN181207P02190000,,put,12/07/2018,11/29/2018,2190,0,511.5,521.2,0,0,0.3573,-1,0,51.4268,0.0001,AMZN181207P02190000
AMZN,1673.57,*,AMZN181207C02200000,,call,12/07/2018,11/29/2018,2200,0.07,0.04,0.1,0,56,0.4419,0,0,-0.0895,0.0081,AMZN181207C02200000
AMZN,1673.57,*,AMZN181207P02200000,,put,12/07/2018,11/29/2018,2200,0,521.5,531,0,0,0.3573,-1,0,51.6619,0.0001,AMZN181207P02200000
AMZN,1673.57,*,AMZN181207C02210000,,call,12/07/2018,11/29/2018,2210,0.05,0.03,0.1,30,13,0.4419,0,0,-0.0653,0.0059,AMZN181207C02210000
AMZN,1673.57,*,AMZN181207P02210000,,put,12/07/2018,11/29/2018,2210,0,531.55,541.45,0,0,0.3573,-1,0,51.8969,0,AMZN181207P02210000
AMZN,1673.57,*,AMZN181207C02220000,,call,12/07/2018,11/29/2018,2220,0.03,0.01,0.1,0,16,0.4419,0,0,-0.0474,0.0043,AMZN181207C02220000
AMZN,1673.57,*,AMZN181207P02220000,,put,12/07/2018,11/29/2018,2220,608.95,541.5,551.2,0,0,0.3573,-1,0,52.1319,0,AMZN181207P02220000
AMZN,1673.57,*,AMZN181207C02230000,,call,12/07/2018,11/29/2018,2230,0.03,0.01,0.08,0,15,0.4419,0,0,-0.0343,0.0031,AMZN181207C02230000
AMZN,1673.57,*,AMZN181207P02230000,,put,12/07/2018,11/29/2018,2230,0,551.5,561.3,0,0,0.3573,-1,0,52.3668,0,AMZN181207P02230000
AMZN,1673.57,*,AMZN181207C02240000,,call,12/07/2018,11/29/2018,2240,0.04,0.01,0.06,0,45,0.4419,0,0,-0.0247,0.0022,AMZN181207C02240000
AMZN,1673.57,*,AMZN181207P02240000,,put,12/07/2018,11/29/2018,2240,0,561.2,570.65,0,0,0.3573,-1,0,52.6017,0,AMZN181207P02240000
AMZN,1673.57,*,AMZN181207C02250000,,call,12/07/2018,11/29/2018,2250,0.06,0.01,0.06,5,13,0.4419,0,0,-0.0178,0.0016,AMZN181207C02250000
AMZN,1673.57,*,AMZN181207P02250000,,put,12/07/2018,11/29/2018,2250,0,571.3,581.15,0,0,0.3573,-1,0,52.8365,0,AMZN181207P02250000
AMZN,1673.57,*,AMZN181207C02260000,,call,12/07/2018,11/29/2018,2260,0.02,0.01,0.05,1,150,0.4419,0,0,-0.0127,0.0012,AMZN181207C02260000
AMZN,1673.57,*,AMZN181207P02260000,,put,12/07/2018,11/29/2018,2260,0,581.35,590.95,0,0,0.3573,-1,0,53.0714,0,AMZN181207P02260000
AMZN,1673.57,*,AMZN181207C02270000,,call,12/07/2018,11/29/2018,2270,0.06,0.01,0.06,0,27,0.4419,0,0,-0.0091,0.0008,AMZN181207C02270000
AMZN,1673.57,*,AMZN181207P02270000,,put,12/07/2018,11/29/2018,2270,0,591.5,601.4,0,0,0.3573,-1,0,53.3062,0,AMZN181207P02270000
AMZN,1673.57,*,AMZN181207C02280000,,call,12/07/2018,11/29/2018,2280,0.3,0.01,0.06,0,6,0.4419,0,0,-0.0064,0.0006,AMZN181207C02280000
AMZN,1673.57,*,AMZN181207P02280000,,put,12/07/2018,11/29/2018,2280,601.84,603.25,608.3,9,0,0.3573,-1,0,53.541,0,AMZN181207P02280000
AMZN,1673.57,*,AMZN181207C02290000,,call,12/07/2018,11/29/2018,2290,0.19,0.01,0.06,0,289,0.4419,0,0,-0.0046,0.0004,AMZN181207C02290000
AMZN,1673.57,*,AMZN181207P02290000,,put,12/07/2018,11/29/2018,2290,611.46,613.25,618.3,8,0,0.3573,-1,0,53.7759,0,AMZN181207P02290000
AMZN,1673.57,*,AMZN181207C02300000,,call,12/07/2018,11/29/2018,2300,0.04,0.01,0.04,0,111,0.4419,0,0,-0.0032,0.0003,AMZN181207C02300000
AMZN,1673.57,*,AMZN181207P02300000,,put,12/07/2018,11/29/2018,2300,621.87,623.25,628.3,17,0,0.3573,-1,0,54.0107,0,AMZN181207P02300000
AMZN,1673.57,*,AMZN181214C01070000,,call,12/14/2018,11/29/2018,1070,0,599.9,609.5,0,0,0.384,1,0,-25.1154,0,AMZN181214C01070000
AMZN,1673.57,*,AMZN181214P01070000,,put,12/14/2018,11/29/2018,1070,0.43,0,0.4,0,16,0.5007,0,0,-0.0248,0.0039,AMZN181214P01070000
AMZN,1673.57,*,AMZN181214C01080000,,call,12/14/2018,11/29/2018,1080,0,589.85,599.5,0,0,0.384,1,0,-25.3502,0,AMZN181214C01080000
AMZN,1673.57,*,AMZN181214P01080000,,put,12/14/2018,11/29/2018,1080,1.11,0,0.41,0,1,0.5007,0,0,-0.0379,0.006,AMZN181214P01080000
AMZN,1673.57,*,AMZN181214C01090000,,call,12/14/2018,11/29/2018,1090,448.7,580.2,590,0,1,0.384,1,0,-25.5849,0,AMZN181214C01090000
AMZN,1673.57,*,AMZN181214P01090000,,put,12/14/2018,11/29/2018,1090,1.4,0.2,0.43,0,13,0.5007,0,0,-0.0572,0.009,AMZN181214P01090000
AMZN,1673.57,*,AMZN181214C01100000,,call,12/14/2018,11/29/2018,1100,575.9,569.9,579.5,0,15,0.384,1,0,-25.8197,0,AMZN181214C01100000
AMZN,1673.57,*,AMZN181214P01100000,,put,12/14/2018,11/29/2018,1100,0.32,0.23,0.41,0,66,0.5007,0,0,-0.0853,0.0134,AMZN181214P01100000
AMZN,1673.57,*,AMZN181214C01110000,,call,12/14/2018,11/29/2018,1110,380.85,559.6,569.5,0,2,0.384,1,0,-26.0545,0,AMZN181214C01110000
AMZN,1673.57,*,AMZN181214P01110000,,put,12/14/2018,11/29/2018,1110,0.3,0.01,0.44,0,2,0.5007,0,0,-0.1256,0.0198,AMZN181214P01110000
AMZN,1673.57,*,AMZN181214C01120000,,call,12/14/2018,11/29/2018,1120,0,549.85,559.5,0,0,0.384,1,0,-26.2895,0.0001,AMZN181214C01120000
AMZN,1673.57,*,AMZN181214P01120000,,put,12/14/2018,11/29/2018,1120,0.3,0.01,0.43,0,3,0.5007,0,0,-0.1828,0.0288,AMZN181214P01120000
AMZN,1673.57,*,AMZN181214C01130000,,call,12/14/2018,11/29/2018,1130,395.45,539.8,549.5,0,1,0.384,1,0,-26.5246,0.0002,AMZN181214C01130000
AMZN,1673.57,*,AMZN181214P01130000,,put,12/14/2018,11/29/2018,1130,0.29,0.04,0.47,0,4,0.5007,0,0,-0.263,0.0414,AMZN181214P01130000
AMZN,1673.57,*,AMZN181214C01140000,,call,12/14/2018,11/29/2018,1140,335.9,530.25,540,0,1,0.384,1,0,-26.7599,0.0003,AMZN181214C01140000
AMZN,1673.57,*,AMZN181214P01140000,,put,12/14/2018,11/29/2018,1140,0.32,0.07,0.48,0,6,0.5007,0,0,-0.3742,0.059,AMZN181214P01140000
AMZN,1673.57,*,AMZN181214C01150000,,call,12/14/2018,11/29/2018,1150,526.9,520,529.9,0,10,0.384,1,0,-26.9958,0.0005,AMZN181214C01150000
AMZN,1673.57,*,AMZN181214P01150000,,put,12/14/2018,11/29/2018,1150,0.45,0.15,0.51,0,30,0.5007,-0.0001,0,-0.5267,0.083,AMZN181214P01150000
AMZN,1673.57,*,AMZN181214C01160000,,call,12/14/2018,11/29/2018,1160,363.9,510.15,520,0,3,0.384,1,0,-27.2325,0.001,AMZN181214C01160000
AMZN,1673.57,*,AMZN181214P01160000,,put,12/14/2018,11/29/2018,1160,0.85,0.1,0.54,0,21,0.5007,-0.0001,0,-0.7334,0.1156,AMZN181214P01160000
AMZN,1673.57,*,AMZN181214C01170000,,call,12/14/2018,11/29/2018,1170,411.3,500.15,510,0,2,0.384,1,0,-27.4706,0.0016,AMZN181214C01170000
AMZN,1673.57,*,AMZN181214P01170000,,put,12/14/2018,11/29/2018,1170,0.59,0.14,0.39,0,8,0.5007,-0.0001,0,-1.0109,0.1593,AMZN181214P01170000
AMZN,1673.57,*,AMZN181214C01180000,,call,12/14/2018,11/29/2018,1180,0,489.9,499.5,0,0,0.384,1,0,-27.7108,0.0028,AMZN181214C01180000
AMZN,1673.57,*,AMZN181214P01180000,,put,12/14/2018,11/29/2018,1180,1.03,0.16,0.56,0,5,0.5007,-0.0002,0,-1.3793,0.2174,AMZN181214P01180000
AMZN,1673.57,*,AMZN181214C01190000,,call,12/14/2018,11/29/2018,1190,341.2,480.35,490,0,1,0.384,1,0,-27.9544,0.0046,AMZN181214C01190000
AMZN,1673.57,*,AMZN181214P01190000,,put,12/14/2018,11/29/2018,1190,3.2,0.18,0.5,0,1,0.5007,-0.0002,0,-1.8633,0.2938,AMZN181214P01190000
AMZN,1673.57,*,AMZN181214C01200000,,call,12/14/2018,11/29/2018,1200,360.01,470.05,479.4,0,16,0.384,1,0,-28.2034,0.0075,AMZN181214C01200000
AMZN,1673.57,*,AMZN181214P01200000,,put,12/14/2018,11/29/2018,1200,0.48,0.24,0.5,3,73,0.5007,-0.0003,0,-2.4931,0.3931,AMZN181214P01200000
AMZN,1673.57,*,AMZN181214C01210000,,call,12/14/2018,11/29/2018,1210,333.16,460.3,470,0,4,0.384,1,0,-28.4604,0.0121,AMZN181214C01210000
AMZN,1673.57,*,AMZN181214P01210000,,put,12/14/2018,11/29/2018,1210,3.35,0.26,0.65,0,6,0.5007,-0.0004,0,-3.3043,0.5211,AMZN181214P01210000
AMZN,1673.57,*,AMZN181214C01220000,,call,12/14/2018,11/29/2018,1220,296.55,450.05,459.95,0,4,0.384,1,0,-28.7296,0.0192,AMZN181214C01220000
AMZN,1673.57,*,AMZN181214P01220000,,put,12/14/2018,11/29/2018,1220,0.68,0.31,0.67,10,18,0.5007,-0.0006,0,-4.3393,0.6844,AMZN181214P01220000
AMZN,1673.57,*,AMZN181214C01230000,,call,12/14/2018,11/29/2018,1230,380.15,440.35,450,0,2,0.384,1,0,-29.0167,0.03,AMZN181214C01230000
AMZN,1673.57,*,AMZN181214P01230000,,put,12/14/2018,11/29/2018,1230,0.6,0.3,0.71,0,11,0.5007,-0.0008,0,-5.6472,0.8908,AMZN181214P01230000
AMZN,1673.57,*,AMZN181214C01240000,,call,12/14/2018,11/29/2018,1240,320.5,430.35,440,0,3,0.384,1,0,-29.3297,0.0461,AMZN181214C01240000
AMZN,1673.57,*,AMZN181214P01240000,,put,12/14/2018,11/29/2018,1240,1.82,0.33,0.75,0,10,0.5007,-0.001,0,-7.2848,1.1492,AMZN181214P01240000
AMZN,1673.57,*,AMZN181214C01250000,,call,12/14/2018,11/29/2018,1250,392.7,420.35,430,0,1,0.384,0.9999,0,-29.6798,0.0698,AMZN181214C01250000
AMZN,1673.57,*,AMZN181214P01250000,,put,12/14/2018,11/29/2018,1250,1.05,0.38,0.79,0,22,0.5007,-0.0014,0,-9.3165,1.4699,AMZN181214P01250000
AMZN,1673.57,*,AMZN181214C01260000,,call,12/14/2018,11/29/2018,1260,274,410.5,420.4,0,5,0.384,0.9999,0,-30.0821,0.1043,AMZN181214C01260000
AMZN,1673.57,*,AMZN181214P01260000,,put,12/14/2018,11/29/2018,1260,0.74,0.41,0.82,1,26,0.5007,-0.0018,0,-11.8147,1.8644,AMZN181214P01260000
AMZN,1673.57,*,AMZN181214C01270000,,call,12/14/2018,11/29/2018,1270,269.75,400.5,410.45,0,5,0.384,0.9999,0,-30.5564,0.1537,AMZN181214C01270000
AMZN,1673.57,*,AMZN181214P01270000,,put,12/14/2018,11/29/2018,1270,1.9,0.43,0.87,0,18,0.5007,-0.0023,0,-14.8595,2.3452,AMZN181214P01270000
AMZN,1673.57,*,AMZN181214C01280000,,call,12/14/2018,11/29/2018,1280,383.5,392.75,401,0,1,0.384,0.9998,0,-31.1292,0.2233,AMZN181214C01280000
AMZN,1673.57,*,AMZN181214P01280000,,put,12/14/2018,11/29/2018,1280,0.88,0.51,0.9,10,19,0.5007,-0.0029,0.0001,-18.5387,2.9263,AMZN181214P01280000
AMZN,1673.57,*,AMZN181214C01290000,,call,12/14/2018,11/29/2018,1290,246.6,380.35,388.8,0,1,0.384,0.9997,0,-31.8339,0.3201,AMZN181214C01290000
AMZN,1673.57,*,AMZN181214P01290000,,put,12/14/2018,11/29/2018,1290,0.75,0.58,0.96,19,83,0.5007,-0.0037,0.0001,-22.9467,3.6226,AMZN181214P01290000
AMZN,1673.57,*,AMZN181214C01300000,,call,12/14/2018,11/29/2018,1300,374.3,372.9,381,15,1,0.384,0.9996,0,-32.7134,0.4529,AMZN181214C01300000
AMZN,1673.57,*,AMZN181214P01300000,,put,12/14/2018,11/29/2018,1300,0.75,0.63,1,34,103,0.5007,-0.0046,0.0001,-28.184,4.4501,AMZN181214P01300000
AMZN,1673.57,*,AMZN181214C01310000,,call,12/14/2018,11/29/2018,1310,331.1,360.95,368.95,0,2,0.384,0.9995,0,-33.8204,0.6327,AMZN181214C01310000
AMZN,1673.57,*,AMZN181214P01310000,,put,12/14/2018,11/29/2018,1310,1.27,0.8,1.09,0,44,0.5007,-0.0057,0.0001,-34.3555,5.4255,AMZN181214P01310000
AMZN,1673.57,*,AMZN181214C01320000,,call,12/14/2018,11/29/2018,1320,250.55,350.5,359,0,1,0.384,0.9992,0,-35.2199,0.8727,AMZN181214C01320000
AMZN,1673.57,*,AMZN181214P01320000,,put,12/14/2018,11/29/2018,1320,0.87,0.78,1,9,385,0.5007,-0.0071,0.0001,-41.5693,6.5659,AMZN181214P01320000
AMZN,1673.57,*,AMZN181214C01330000,,call,12/14/2018,11/29/2018,1330,312.25,343.15,351.15,0,3,0.384,0.9989,0,-36.9895,1.1892,AMZN181214C01330000
AMZN,1673.57,*,AMZN181214P01330000,,put,12/14/2018,11/29/2018,1330,0.91,0.84,1.2,1,26,0.5007,-0.0088,0.0001,-49.9341,7.8886,AMZN181214P01330000
AMZN,1673.57,*,AMZN181214C01340000,,call,12/14/2018,11/29/2018,1340,154.18,333.3,341.5,0,5,0.384,0.9985,0,-39.221,1.601,AMZN181214C01340000
AMZN,1673.57,*,AMZN181214P01340000,,put,12/14/2018,11/29/2018,1340,1.03,0.92,1.27,38,386,0.5007,-0.0107,0.0002,-59.5577,9.4107,AMZN181214P01340000
AMZN,1673.57,*,AMZN181214C01350000,,call,12/14/2018,11/29/2018,1350,317.88,320.5,329.35,10,12,0.384,0.998,0.0001,-42.0207,2.1301,AMZN181214C01350000
AMZN,1673.57,*,AMZN181214P01350000,,put,12/14/2018,11/29/2018,1350,1.19,1.03,1.38,41,72,0.5007,-0.0131,0.0002,-70.5435,11.1488,AMZN181214P01350000
AMZN,1673.57,*,AMZN181214C01360000,,call,12/14/2018,11/29/2018,1360,173.65,311.35,319.45,0,1,0.384,0.9973,0.0001,-45.5093,2.8015,AMZN181214C01360000
AMZN,1673.57,*,AMZN181214P01360000,,put,12/14/2018,11/29/2018,1360,1.28,1.11,1.49,9,15,0.5007,-0.0158,0.0002,-82.9885,13.1183,AMZN181214P01360000
AMZN,1673.57,*,AMZN181214C01370000,,call,12/14/2018,11/29/2018,1370,171.5,301,309.6,0,3,0.384,0.9963,0.0001,-49.8215,3.6431,AMZN181214C01370000
AMZN,1673.57,*,AMZN181214P01370000,,put,12/14/2018,11/29/2018,1370,1.39,1.23,1.62,2,88,0.5007,-0.0189,0.0003,-96.9798,15.3332,AMZN181214P01370000
AMZN,1673.57,*,AMZN181214C01380000,,call,12/14/2018,11/29/2018,1380,141.35,291.4,299.8,0,15,0.384,0.9951,0.0001,-55.104,4.6854,AMZN181214C01380000
AMZN,1673.57,*,AMZN181214P01380000,,put,12/14/2018,11/29/2018,1380,1.52,1.36,1.77,12,41,0.5007,-0.0226,0.0003,-112.5914,17.8056,AMZN181214P01380000
AMZN,1673.57,*,AMZN181214C01390000,,call,12/14/2018,11/29/2018,1390,124.15,281.65,290,0,7,0.384,0.9936,0.0001,-61.5135,5.9609,AMZN181214C01390000
AMZN,1673.57,*,AMZN181214P01390000,,put,12/14/2018,11/29/2018,1390,1.7,1.55,1.98,8,91,0.5007,-0.0268,0.0004,-129.8818,20.5448,AMZN181214P01390000
AMZN,1673.57,*,AMZN181214C01400000,,call,12/14/2018,11/29/2018,1400,274,271.8,280.2,11,11,0.384,0.9917,0.0002,-69.2125,7.5033,AMZN181214C01400000
AMZN,1673.57,*,AMZN181214P01400000,,put,12/14/2018,11/29/2018,1400,1.7,1.72,2.19,116,390,0.4931,-0.0297,0.0004,-139.3708,22.3918,AMZN181214P01400000
AMZN,1673.57,*,AMZN181214C01410000,,call,12/14/2018,11/29/2018,1410,178.1,264.65,272.45,0,20,0.384,0.9893,0.0002,-78.3655,9.3469,AMZN181214C01410000
AMZN,1673.57,*,AMZN181214P01410000,,put,12/14/2018,11/29/2018,1410,2.84,1.92,2.47,5,37,0.4867,-0.0333,0.0005,-151.0039,24.587,AMZN181214P01410000
AMZN,1673.57,*,AMZN181214C01420000,,call,12/14/2018,11/29/2018,1420,135.95,252.05,260.75,0,4,0.384,0.9864,0.0003,-89.1331,11.5253,AMZN181214C01420000
AMZN,1673.57,*,AMZN181214P01420000,,put,12/14/2018,11/29/2018,1420,2.85,2.26,2.76,0,91,0.4821,-0.0378,0.0005,-165.8599,27.2717,AMZN181214P01420000
AMZN,1673.57,*,AMZN181214C01430000,,call,12/14/2018,11/29/2018,1430,160.45,243,252.9,0,20,0.384,0.9829,0.0003,-101.6653,14.0699,AMZN181214C01430000
AMZN,1673.57,*,AMZN181214P01430000,,put,12/14/2018,11/29/2018,1430,3.05,2.53,3.15,7,71,0.4765,-0.0425,0.0006,-180.2951,30.0033,AMZN181214P01430000
AMZN,1673.57,*,AMZN181214C01440000,,call,12/14/2018,11/29/2018,1440,246.8,233.55,243.5,1,7,0.384,0.9786,0.0004,-116.095,17.0087,AMZN181214C01440000
AMZN,1673.57,*,AMZN181214P01440000,,put,12/14/2018,11/29/2018,1440,3.71,2.88,3.5,41,77,0.4703,-0.0475,0.0006,-194.7179,32.8419,AMZN181214P01440000
AMZN,1673.57,*,AMZN181214C01450000,,call,12/14/2018,11/29/2018,1450,216.08,223.85,233.5,0,5,0.384,0.9735,0.0005,-132.5302,20.3647,AMZN181214C01450000
AMZN,1673.57,*,AMZN181214P01450000,,put,12/14/2018,11/29/2018,1450,3.15,3.25,3.95,85,363,0.4646,-0.0533,0.0007,-210.74,35.9934,AMZN181214P01450000
AMZN,1673.57,*,AMZN181214C01460000,,call,12/14/2018,11/29/2018,1460,123.05,214.55,224.5,0,3,0.384,0.9674,0.0006,-151.0464,24.1541,AMZN181214C01460000
AMZN,1673.57,*,AMZN181214P01460000,,put,12/14/2018,11/29/2018,1460,4,3.7,4.45,16,120,0.4592,-0.0599,0.0008,-228.1213,39.4354,AMZN181214P01460000
AMZN,1673.57,*,AMZN181214C01467500,,call,12/14/2018,11/29/2018,1467.5,204.73,207.3,217,3,1,0.384,0.9622,0.0006,-166.3223,27.2859,AMZN181214C01467500
AMZN,1673.57,*,AMZN181214P01467500,,put,12/14/2018,11/29/2018,1467.5,4.6,4.1,4.9,0,23,0.456,-0.0656,0.0008,-243.1636,42.3434,AMZN181214P01467500
AMZN,1673.57,*,AMZN181214C01470000,,call,12/14/2018,11/29/2018,1470,208.35,204.95,214.5,2,5,0.384,0.9603,0.0007,-171.6792,28.3852,AMZN181214C01470000
AMZN,1673.57,*,AMZN181214P01470000,,put,12/14/2018,11/29/2018,1470,4.61,4.25,5.05,20,81,0.4549,-0.0676,0.0009,-248.2456,43.3374,AMZN181214P01470000
AMZN,1673.57,*,AMZN181214C01472500,,call,12/14/2018,11/29/2018,1472.5,206,202.95,212.5,2,0,0.384,0.9584,0.0007,-177.168,29.512,AMZN181214C01472500
AMZN,1673.57,*,AMZN181214P01472500,,put,12/14/2018,11/29/2018,1472.5,11.27,4.4,5.2,0,15,0.4536,-0.0695,0.0009,-253.046,44.3067,AMZN181214P01472500
AMZN,1673.57,*,AMZN181214C01475000,,call,12/14/2018,11/29/2018,1475,0,200.45,210,0,0,0.384,0.9564,0.0007,-182.7879,30.6663,AMZN181214C01475000
AMZN,1673.57,*,AMZN181214P01475000,,put,12/14/2018,11/29/2018,1475,4.55,4.6,5.3,22,11,0.4524,-0.0716,0.0009,-258.0714,45.3114,AMZN181214P01475000
AMZN,1673.57,*,AMZN181214C01477500,,call,12/14/2018,11/29/2018,1477.5,203.8,200.1,208.5,0,2,0.384,0.9543,0.0008,-188.5382,31.8479,AMZN181214C01477500
AMZN,1673.57,*,AMZN181214P01477500,,put,12/14/2018,11/29/2018,1477.5,4.96,4.75,5.5,3,4,0.4515,-0.0738,0.0009,-263.6719,46.3919,AMZN181214P01477500
AMZN,1673.57,*,AMZN181214C01480000,,call,12/14/2018,11/29/2018,1480,199,195.65,205.45,2,13,0.384,0.9521,0.0008,-194.4178,33.0566,AMZN181214C01480000
AMZN,1673.57,*,AMZN181214P01480000,,put,12/14/2018,11/29/2018,1480,4.85,4.95,5.65,25,130,0.4505,-0.0761,0.001,-269.1594,47.4677,AMZN181214P01480000
AMZN,1673.57,*,AMZN181214C01482500,,call,12/14/2018,11/29/2018,1482.5,140.65,193,202.95,0,1,0.384,0.9498,0.0008,-200.4252,34.2921,AMZN181214C01482500
AMZN,1673.57,*,AMZN181214P01482500,,put,12/14/2018,11/29/2018,1482.5,7.43,5.05,5.9,0,5,0.4494,-0.0784,0.001,-274.5284,48.5385,AMZN181214P01482500
AMZN,1673.57,*,AMZN181214C01485000,,call,12/14/2018,11/29/2018,1485,192.9,191,201,3,6,0.384,0.9475,0.0008,-206.5591,35.5541,AMZN181214C01485000
AMZN,1673.57,*,AMZN181214P01485000,,put,12/14/2018,11/29/2018,1485,5.15,5.25,6,2,21,0.4478,-0.0805,0.001,-279.0641,49.5226,AMZN181214P01485000
AMZN,1673.57,*,AMZN181214C01487500,,call,12/14/2018,11/29/2018,1487.5,192.05,188.7,198.5,2,1,0.384,0.9451,0.0009,-212.8177,36.8423,AMZN181214C01487500
AMZN,1673.57,*,AMZN181214P01487500,,put,12/14/2018,11/29/2018,1487.5,6.95,5.55,6.2,1,5,0.448,-0.0834,0.001,-286.8553,50.8878,AMZN181214P01487500
AMZN,1673.57,*,AMZN181214C01490000,,call,12/14/2018,11/29/2018,1490,205.13,186.45,196,10,15,0.384,0.9426,0.0009,-219.1989,38.1563,AMZN181214C01490000
AMZN,1673.57,*,AMZN181214P01490000,,put,12/14/2018,11/29/2018,1490,5.25,5.75,6.45,9,101,0.4475,-0.0861,0.0011,-293.4701,52.1253,AMZN181214P01490000
AMZN,1673.57,*,AMZN181214C01492500,,call,12/14/2018,11/29/2018,1492.5,91.35,184.05,194,0,2,0.384,0.94,0.0009,-225.7006,39.4956,AMZN181214C01492500
AMZN,1673.57,*,AMZN181214P01492500,,put,12/14/2018,11/29/2018,1492.5,6.25,5.9,6.65,1,5,0.446,-0.0885,0.0011,-298.3352,53.1742,AMZN181214P01492500
AMZN,1673.57,*,AMZN181214C01495000,,call,12/14/2018,11/29/2018,1495,135.89,182,191.85,0,12,0.384,0.9374,0.001,-232.3204,40.8598,AMZN181214C01495000
AMZN,1673.57,*,AMZN181214P01495000,,put,12/14/2018,11/29/2018,1495,8.95,6.2,6.8,1,36,0.4453,-0.0912,0.0011,-304.6963,54.3997,AMZN181214P01495000
AMZN,1673.57,*,AMZN181214C01497500,,call,12/14/2018,11/29/2018,1497.5,0,179.45,189,0,0,0.384,0.9346,0.001,-239.0556,42.2484,AMZN181214C01497500
AMZN,1673.57,*,AMZN181214P01497500,,put,12/14/2018,11/29/2018,1497.5,6.2,6.3,7.1,8,18,0.444,-0.0938,0.0011,-310.0105,55.5175,AMZN181214P01497500
AMZN,1673.57,*,AMZN181214C01500000,,call,12/14/2018,11/29/2018,1500,192.87,177.65,187,7,115,0.384,0.9318,0.001,-245.9032,43.6607,AMZN181214C01500000
AMZN,1673.57,*,AMZN181214P01500000,,put,12/14/2018,11/29/2018,1500,7.05,6.55,7.15,79,225,0.4419,-0.096,0.0012,-313.8897,56.487,AMZN181214P01500000
AMZN,1673.57,*,AMZN181214C01502500,,call,12/14/2018,11/29/2018,1502.5,64.03,175.4,184.5,0,1,0.384,0.9288,0.0011,-252.8602,45.0961,AMZN181214C01502500
AMZN,1673.57,*,AMZN181214P01502500,,put,12/14/2018,11/29/2018,1502.5,16.33,6.7,7.55,0,6,0.4416,-0.0991,0.0012,-321.1236,57.835,AMZN181214P01502500
AMZN,1673.57,*,AMZN181214C01505000,,call,12/14/2018,11/29/2018,1505,97.85,172.85,182.5,0,2,0.384,0.9258,0.0011,-259.9231,46.5539,AMZN181214C01505000
AMZN,1673.57,*,AMZN181214P01505000,,put,12/14/2018,11/29/2018,1505,10.1,7.1,7.8,12,24,0.4422,-0.1028,0.0012,-330.0884,59.3756,AMZN181214P01505000
AMZN,1673.57,*,AMZN181214C01507500,,call,12/14/2018,11/29/2018,1507.5,170.25,170.15,179.85,3,0,0.384,0.9227,0.0011,-267.0885,48.0335,AMZN181214C01507500
AMZN,1673.57,*,AMZN181214P01507500,,put,12/14/2018,11/29/2018,1507.5,8.4,7.4,8,1,12,0.4413,-0.1058,0.0012,-336.3121,60.6263,AMZN181214P01507500
AMZN,1673.57,*,AMZN181214C01510000,,call,12/14/2018,11/29/2018,1510,167.63,169.35,178,5,8,0.384,0.9195,0.0012,-274.3523,49.534,AMZN181214C01510000
AMZN,1673.57,*,AMZN181214P01510000,,put,12/14/2018,11/29/2018,1510,7.3,7.6,8.25,29,114,0.44,-0.1086,0.0013,-341.8199,61.8097,AMZN181214P01510000
AMZN,1673.57,*,AMZN181214C01512500,,call,12/14/2018,11/29/2018,1512.5,172.07,165,173.8,0,3,0.384,0.9162,0.0012,-281.7107,51.0546,AMZN181214C01512500
AMZN,1673.57,*,AMZN181214P01512500,,put,12/14/2018,11/29/2018,1512.5,7.8,7.8,8.5,2,7,0.4385,-0.1115,0.0013,-346.9779,62.9659,AMZN181214P01512500
AMZN,1673.57,*,AMZN181214C01515000,,call,12/14/2018,11/29/2018,1515,180.01,162.7,172,2,4,0.384,0.9128,0.0012,-289.1592,52.5945,AMZN181214C01515000
AMZN,1673.57,*,AMZN181214P01515000,,put,12/14/2018,11/29/2018,1515,7.65,8.15,8.8,6,16,0.4384,-0.1151,0.0013,-354.8097,64.4101,AMZN181214P01515000
AMZN,1673.57,*,AMZN181214C01517500,,call,12/14/2018,11/29/2018,1517.5,127.6,162.55,170.85,0,5,0.384,0.9093,0.0013,-296.6934,54.1527,AMZN181214C01517500
AMZN,1673.57,*,AMZN181214P01517500,,put,12/14/2018,11/29/2018,1517.5,10.83,8.15,9.05,0,12,0.4352,-0.1172,0.0014,-356.7893,65.2566,AMZN181214P01517500
AMZN,1673.57,*,AMZN181214C01520000,,call,12/14/2018,11/29/2018,1520,174.67,160.45,169,3,9,0.384,0.9057,0.0013,-304.3086,55.7283,AMZN181214C01520000
AMZN,1673.57,*,AMZN181214P01520000,,put,12/14/2018,11/29/2018,1520,8,8.7,9.35,23,123,0.4364,-0.1216,0.0014,-367.1517,66.975,AMZN181214P01520000
AMZN,1673.57,*,AMZN181214C01522500,,call,12/14/2018,11/29/2018,1522.5,126,156.95,166.5,0,4,0.384,0.9021,0.0014,-311.9998,57.3203,AMZN181214C01522500
AMZN,1673.57,*,AMZN181214P01522500,,put,12/14/2018,11/29/2018,1522.5,8.4,9,9.7,15,18,0.436,-0.1253,0.0014,-374.5015,68.3879,AMZN181214P01522500
AMZN,1673.57,*,AMZN181214C01525000,,call,12/14/2018,11/29/2018,1525,158,155.1,164.5,0,16,0.384,0.8983,0.0014,-319.7619,58.9276,AMZN181214C01525000
AMZN,1673.57,*,AMZN181214P01525000,,put,12/14/2018,11/29/2018,1525,9.4,9.25,10,52,31,0.4347,-0.1286,0.0015,-380.1485,69.6373,AMZN181214P01525000
AMZN,1673.57,*,AMZN181214C01527500,,call,12/14/2018,11/29/2018,1527.5,148.47,153.75,162.5,0,8,0.384,0.8944,0.0014,-327.5894,60.5492,AMZN181214C01527500
AMZN,1673.57,*,AMZN181214P01527500,,put,12/14/2018,11/29/2018,1527.5,9,9.5,10.2,23,11,0.4326,-0.1316,0.0015,-384.2696,70.7457,AMZN181214P01527500
AMZN,1673.57,*,AMZN181214C01530000,,call,12/14/2018,11/29/2018,1530,169.32,151.45,160,3,51,0.384,0.8904,0.0015,-335.4769,62.1838,AMZN181214C01530000
AMZN,1673.57,*,AMZN181214P01530000,,put,12/14/2018,11/29/2018,1530,9.8,9.85,10.6,25,50,0.4325,-0.1356,0.0015,-392.2412,72.2402,AMZN181214P01530000
AMZN,1673.57,*,AMZN181214C01532500,,call,12/14/2018,11/29/2018,1532.5,112.95,148.85,157.7,0,10,0.384,0.8864,0.0015,-343.4186,63.8305,AMZN181214C01532500
AMZN,1673.57,*,AMZN181214P01532500,,put,12/14/2018,11/29/2018,1532.5,10.5,10.15,10.85,13,9,0.4309,-0.139,0.0016,-397.334,73.462,AMZN181214P01532500
AMZN,1673.57,*,AMZN181214C01535000,,call,12/14/2018,11/29/2018,1535,112.3,146.7,156,0,16,0.384,0.8822,0.0016,-351.4086,65.4878,AMZN181214C01535000
AMZN,1673.57,*,AMZN181214P01535000,,put,12/14/2018,11/29/2018,1535,10.3,10.5,11.3,29,11,0.4309,-0.1433,0.0016,-405.5145,74.9854,AMZN181214P01535000
AMZN,1673.57,*,AMZN181214C01537500,,call,12/14/2018,11/29/2018,1537.5,125.62,145.15,153.5,0,16,0.384,0.8779,0.0016,-359.4407,67.1546,AMZN181214C01537500
AMZN,1673.57,*,AMZN181214P01537500,,put,12/14/2018,11/29/2018,1537.5,11.4,10.85,11.65,21,4,0.43,-0.1472,0.0016,-411.9592,76.3489,AMZN181214P01537500
AMZN,1673.57,*,AMZN181214C01540000,,call,12/14/2018,11/29/2018,1540,160.32,143,151.5,7,39,0.384,0.8735,0.0016,-367.5088,68.8296,AMZN181214C01540000
AMZN,1673.57,*,AMZN181214P01540000,,put,12/14/2018,11/29/2018,1540,10.68,11.2,12,26,120,0.4291,-0.1511,0.0016,-418.399,77.7178,AMZN181214P01540000
AMZN,1673.57,*,AMZN181214C01550000,,call,12/14/2018,11/29/2018,1550,142.9,134.55,143.45,2,86,0.384,0.855,0.0018,-400.0085,75.585,AMZN181214C01550000
AMZN,1673.57,*,AMZN181214P01550000,,put,12/14/2018,11/29/2018,1550,12,12.6,13.5,77,105,0.4247,-0.1674,0.0018,-442.476,83.1001,AMZN181214P01550000
AMZN,1673.57,*,AMZN181214C01560000,,call,12/14/2018,11/29/2018,1560,138.68,126.2,133.5,26,71,0.384,0.8349,0.002,-432.5418,82.3611,AMZN181214C01560000
AMZN,1673.57,*,AMZN181214P01560000,,put,12/14/2018,11/29/2018,1560,15.55,14.35,15.25,1,118,0.4219,-0.1858,0.0019,-469.2153,88.7717,AMZN181214P01560000
AMZN,1673.57,*,AMZN181214C01570000,,call,12/14/2018,11/29/2018,1570,130.38,117.6,126.5,1,38,0.384,0.8132,0.0021,-464.646,89.0633,AMZN181214C01570000
AMZN,1673.57,*,AMZN181214P01570000,,put,12/14/2018,11/29/2018,1570,15.73,16.1,17.05,39,93,0.4174,-0.2047,0.0021,-491.9486,94.1539,AMZN181214P01570000
AMZN,1673.57,*,AMZN181214C01572500,,call,12/14/2018,11/29/2018,1572.5,128.9,116.55,125,1,38,0.384,0.8075,0.0021,-472.549,90.7158,AMZN181214C01572500
AMZN,1673.57,*,AMZN181214P01572500,,put,12/14/2018,11/29/2018,1572.5,18.23,16.65,17.6,1,17,0.4171,-0.2101,0.0021,-499.0558,95.602,AMZN181214P01572500
AMZN,1673.57,*,AMZN181214C01575000,,call,12/14/2018,11/29/2018,1575,118.2,114.85,123,12,54,0.384,0.8018,0.0022,-480.3876,92.3559,AMZN181214C01575000
AMZN,1673.57,*,AMZN181214P01575000,,put,12/14/2018,11/29/2018,1575,15.1,17.15,18.1,30,56,0.4161,-0.2152,0.0021,-504.755,96.9474,AMZN181214P01575000
AMZN,1673.57,*,AMZN181214C01577500,,call,12/14/2018,11/29/2018,1577.5,96.21,111.7,120.5,0,27,0.384,0.7959,0.0022,-488.1543,93.9822,AMZN181214C01577500
AMZN,1673.57,*,AMZN181214P01577500,,put,12/14/2018,11/29/2018,1577.5,17.09,17.6,18.55,2,40,0.4145,-0.22,0.0022,-509.2413,98.2101,AMZN181214P01577500
AMZN,1673.57,*,AMZN181214C01580000,,call,12/14/2018,11/29/2018,1580,100.35,110.85,119,2,42,0.384,0.79,0.0023,-495.8415,95.593,AMZN181214C01580000
AMZN,1673.57,*,AMZN181214P01580000,,put,12/14/2018,11/29/2018,1580,16.54,18.15,19.1,48,130,0.4138,-0.2255,0.0022,-515.3531,99.5791,AMZN181214P01580000
AMZN,1673.57,*,AMZN181214C01582500,,call,12/14/2018,11/29/2018,1582.5,113.09,110.45,113.7,3,13,0.384,0.7839,0.0023,-503.4416,97.1869,AMZN181214C01582500
AMZN,1673.57,*,AMZN181214P01582500,,put,12/14/2018,11/29/2018,1582.5,19.25,18.65,19.65,3,17,0.4127,-0.2308,0.0022,-520.6216,100.8891,AMZN181214P01582500
AMZN,1673.57,*,AMZN181214C01585000,,call,12/14/2018,11/29/2018,1585,111.87,108.7,111.7,4,12,0.384,0.7778,0.0023,-510.9471,98.7621,AMZN181214C01585000
AMZN,1673.57,*,AMZN181214P01585000,,put,12/14/2018,11/29/2018,1585,17.5,19.25,20.4,12,23,0.413,-0.2368,0.0023,-528.4246,102.348,AMZN181214P01585000
AMZN,1673.57,*,AMZN181214C01587500,,call,12/14/2018,11/29/2018,1587.5,99.2,106.7,109.85,0,13,0.384,0.7716,0.0024,-518.3506,100.3173,AMZN181214C01587500
AMZN,1673.57,*,AMZN181214P01587500,,put,12/14/2018,11/29/2018,1587.5,20.4,19.85,20.85,6,19,0.4117,-0.2422,0.0023,-533.1229,103.6101,AMZN181214P01587500
AMZN,1673.57,*,AMZN181214C01590000,,call,12/14/2018,11/29/2018,1590,113,104.8,108.05,15,62,0.384,0.7653,0.0024,-525.6446,101.8509,AMZN181214C01590000
AMZN,1673.57,*,AMZN181214P01590000,,put,12/14/2018,11/29/2018,1590,18.93,20.45,21.4,17,84,0.4107,-0.2478,0.0023,-538.2801,104.8934,AMZN181214P01590000
AMZN,1673.57,*,AMZN181214C01592500,,call,12/14/2018,11/29/2018,1592.5,97.54,103,105.95,1,7,0.384,0.7589,0.0024,-532.8218,103.3614,AMZN181214C01592500
AMZN,1673.57,*,AMZN181214P01592500,,put,12/14/2018,11/29/2018,1592.5,26.72,20.55,22.2,0,12,0.4084,-0.2529,0.0024,-540.9181,106.032,AMZN181214P01592500
AMZN,1673.57,*,AMZN181214C01595000,,call,12/14/2018,11/29/2018,1595,101.97,101.1,104.2,3,31,0.384,0.7524,0.0025,-539.875,104.8472,AMZN181214C01595000
AMZN,1673.57,*,AMZN181214P01595000,,put,12/14/2018,11/29/2018,1595,20.04,21.55,22.75,15,10,0.4091,-0.2594,0.0024,-549.0007,107.4552,AMZN181214P01595000
AMZN,1673.57,*,AMZN181214C01597500,,call,12/14/2018,11/29/2018,1597.5,100.98,99.05,102.35,1,116,0.384,0.7459,0.0025,-546.7971,106.307,AMZN181214C01597500
AMZN,1673.57,*,AMZN181214P01597500,,put,12/14/2018,11/29/2018,1597.5,21.95,22.2,23.35,54,25,0.4082,-0.2654,0.0024,-553.9951,108.7006,AMZN181214P01597500
AMZN,1673.57,*,AMZN181214C01600000,,call,12/14/2018,11/29/2018,1600,107.3,97.5,100.55,46,346,0.384,0.7392,0.0026,-553.5808,107.7392,AMZN181214C01600000
AMZN,1673.57,*,AMZN181214P01600000,,put,12/14/2018,11/29/2018,1600,21.2,22.85,23.95,124,231,0.4072,-0.2713,0.0025,-558.6791,109.9189,AMZN181214P01600000
AMZN,1673.57,*,AMZN181214C01602500,,call,12/14/2018,11/29/2018,1602.5,98.95,95.65,98.6,1,19,0.384,0.7325,0.0026,-560.2195,109.1424,AMZN181214C01602500
AMZN,1673.57,*,AMZN181214P01602500,,put,12/14/2018,11/29/2018,1602.5,23.05,23.5,24.75,1,13,0.4069,-0.2776,0.0025,-564.5071,111.1761,AMZN181214P01602500
AMZN,1673.57,*,AMZN181214C01605000,,call,12/14/2018,11/29/2018,1605,99.5,93.85,96.75,31,38,0.384,0.7257,0.0026,-566.7063,110.5152,AMZN181214C01605000
AMZN,1673.57,*,AMZN181214P01605000,,put,12/14/2018,11/29/2018,1605,24.35,24.1,25.4,8,23,0.4056,-0.2836,0.0025,-568.373,112.3294,AMZN181214P01605000
AMZN,1673.57,*,AMZN181214C01607500,,call,12/14/2018,11/29/2018,1607.5,71.45,91.95,94.9,0,14,0.384,0.7189,0.0026,-573.0345,111.8563,AMZN181214C01607500
AMZN,1673.57,*,AMZN181214P01607500,,put,12/14/2018,11/29/2018,1607.5,23.2,24.85,26.15,2,21,0.4052,-0.29,0.0025,-573.7262,113.5303,AMZN181214P01607500
AMZN,1673.57,*,AMZN181214C01610000,,call,12/14/2018,11/29/2018,1610,91.2,90.5,93.1,47,112,0.384,0.7119,0.0027,-579.1977,113.1643,AMZN181214C01610000
AMZN,1673.57,*,AMZN181214P01610000,,put,12/14/2018,11/29/2018,1610,25.82,25.55,26.85,7,59,0.4043,-0.2964,0.0026,-578.0227,114.6691,AMZN181214P01610000
AMZN,1673.57,*,AMZN181214C01612500,,call,12/14/2018,11/29/2018,1612.5,98.45,88.6,91.25,4,13,0.384,0.7049,0.0027,-585.1897,114.4379,AMZN181214C01612500
AMZN,1673.57,*,AMZN181214P01612500,,put,12/14/2018,11/29/2018,1612.5,27.95,26.35,27.55,2,19,0.4037,-0.3029,0.0026,-582.7006,115.8028,AMZN181214P01612500
AMZN,1673.57,*,AMZN181214C01615000,,call,12/14/2018,11/29/2018,1615,97.81,86.8,89.55,19,18,0.384,0.6979,0.0027,-591.0042,115.6759,AMZN181214C01615000
AMZN,1673.57,*,AMZN181214P01615000,,put,12/14/2018,11/29/2018,1615,25.66,27,28.3,8,13,0.4026,-0.3093,0.0026,-586.3224,116.878,AMZN181214P01615000
AMZN,1673.57,*,AMZN181214C01617500,,call,12/14/2018,11/29/2018,1617.5,97,85,87.7,3,10,0.384,0.6908,0.0028,-596.6354,116.8769,AMZN181214C01617500
AMZN,1673.57,*,AMZN181214P01617500,,put,12/14/2018,11/29/2018,1617.5,25.3,27.85,29.05,24,17,0.4021,-0.3159,0.0027,-590.8449,117.9617,AMZN181214P01617500
AMZN,1673.57,*,AMZN181214C01620000,,call,12/14/2018,11/29/2018,1620,92.95,83.4,86.1,27,61,0.384,0.6836,0.0028,-602.0776,118.0399,AMZN181214C01620000
AMZN,1673.57,*,AMZN181214P01620000,,put,12/14/2018,11/29/2018,1620,27.1,28.55,29.8,16,61,0.4009,-0.3225,0.0027,-593.9541,118.9774,AMZN181214P01620000
AMZN,1673.57,*,AMZN181214C01622500,,call,12/14/2018,11/29/2018,1622.5,76.45,81.65,84.4,0,10,0.384,0.6763,0.0028,-607.3252,119.1636,AMZN181214C01622500
AMZN,1673.57,*,AMZN181214P01622500,,put,12/14/2018,11/29/2018,1622.5,28.86,29.3,30.55,0,20,0.3998,-0.3291,0.0027,-597.067,119.971,AMZN181214P01622500
AMZN,1673.57,*,AMZN181214C01625000,,call,12/14/2018,11/29/2018,1625,92.09,80.1,82.75,14,42,0.384,0.669,0.0028,-612.373,120.247,AMZN181214C01625000
AMZN,1673.57,*,AMZN181214P01625000,,put,12/14/2018,11/29/2018,1625,27.68,30.05,31.55,18,47,0.3996,-0.3361,0.0028,-601.5755,120.9753,AMZN181214P01625000
AMZN,1673.57,*,AMZN181214C01627500,,call,12/14/2018,11/29/2018,1627.5,83.4,78.4,81.15,1,12,0.384,0.6617,0.0029,-617.2158,121.289,AMZN181214C01627500
AMZN,1673.57,*,AMZN181214P01627500,,put,12/14/2018,11/29/2018,1627.5,35.15,30.9,32.4,1,4,0.399,-0.343,0.0028,-605.1896,121.9262,AMZN181214P01627500
AMZN,1673.57,*,AMZN181214C01630000,,call,12/14/2018,11/29/2018,1630,77.6,76.8,79.35,22,34,0.384,0.6543,0.0029,-621.849,122.2886,AMZN181214C01630000
AMZN,1673.57,*,AMZN181214P01630000,,put,12/14/2018,11/29/2018,1630,28.41,31.75,33.1,63,48,0.3976,-0.3498,0.0028,-607.2196,122.8126,AMZN181214P01630000
AMZN,1673.57,*,AMZN181214C01632500,,call,12/14/2018,11/29/2018,1632.5,83.8,75.25,77.8,11,7,0.384,0.6468,0.0029,-626.2678,123.2449,AMZN181214C01632500
AMZN,1673.57,*,AMZN181214P01632500,,put,12/14/2018,11/29/2018,1632.5,29.19,32.65,34,7,14,0.3972,-0.3569,0.0028,-610.7878,123.7014,AMZN181214P01632500
AMZN,1673.57,*,AMZN181214C01635000,,call,12/14/2018,11/29/2018,1635,70,73.55,76.1,1,22,0.384,0.6393,0.0029,-630.4681,124.1569,AMZN181214C01635000
AMZN,1673.57,*,AMZN181214P01635000,,put,12/14/2018,11/29/2018,1635,34.12,33.55,34.95,4,33,0.3968,-0.3641,0.0029,-614.1476,124.5513,AMZN181214P01635000
AMZN,1673.57,*,AMZN181214C01637500,,call,12/14/2018,11/29/2018,1637.5,78.58,72,74.5,11,31,0.384,0.6318,0.003,-634.4456,125.0238,AMZN181214C01637500
AMZN,1673.57,*,AMZN181214P01637500,,put,12/14/2018,11/29/2018,1637.5,36.2,34.4,35.95,1,19,0.3962,-0.3713,0.0029,-616.9522,125.3561,AMZN181214P01637500
AMZN,1673.57,*,AMZN181214C01640000,,call,12/14/2018,11/29/2018,1640,76.4,70.35,73,22,45,0.384,0.6242,0.003,-638.1967,125.8448,AMZN181214C01640000
AMZN,1673.57,*,AMZN181214P01640000,,put,12/14/2018,11/29/2018,1640,32.4,35.35,36.8,21,49,0.3953,-0.3784,0.0029,-619.0302,126.1145,AMZN181214P01640000
AMZN,1673.57,*,AMZN181214C01642500,,call,12/14/2018,11/29/2018,1642.5,63.5,69,71.25,4,15,0.384,0.6166,0.003,-641.7177,126.6192,AMZN181214C01642500
AMZN,1673.57,*,AMZN181214P01642500,,put,12/14/2018,11/29/2018,1642.5,47.45,36.2,37.8,0,7,0.3945,-0.3857,0.0029,-621.064,126.8363,AMZN181214P01642500
AMZN,1673.57,*,AMZN181214C01645000,,call,12/14/2018,11/29/2018,1645,73.05,67.35,69.7,29,50,0.384,0.6089,0.003,-645.0055,127.3461,AMZN181214C01645000
AMZN,1673.57,*,AMZN181214P01645000,,put,12/14/2018,11/29/2018,1645,33.89,37.2,38.8,26,115,0.3941,-0.3931,0.0029,-623.5575,127.5245,AMZN181214P01645000
AMZN,1673.57,*,AMZN181214C01647500,,call,12/14/2018,11/29/2018,1647.5,73.7,65.85,68.2,5,9,0.384,0.6012,0.003,-648.057,128.0252,AMZN181214C01647500
AMZN,1673.57,*,AMZN181214P01647500,,put,12/14/2018,11/29/2018,1647.5,35.15,38.05,39.75,4,5,0.3928,-0.4003,0.003,-624.2993,128.1563,AMZN181214P01647500
AMZN,1673.57,*,AMZN181214C01650000,,call,12/14/2018,11/29/2018,1650,71,64.4,66.7,68,294,0.384,0.5935,0.003,-650.8697,128.6556,AMZN181214C01650000
AMZN,1673.57,*,AMZN181214P01650000,,put,12/14/2018,11/29/2018,1650,38.07,39.1,40.65,113,145,0.3919,-0.4077,0.003,-625.4942,128.753,AMZN181214P01650000
AMZN,1673.57,*,AMZN181214C01652500,,call,12/14/2018,11/29/2018,1652.5,70.05,63,65.2,6,0,0.384,0.5858,0.0031,-653.441,129.237,AMZN181214C01652500
AMZN,1673.57,*,AMZN181214P01652500,,put,12/14/2018,11/29/2018,1652.5,35.8,40.05,41.9,3,0,0.3919,-0.4153,0.003,-627.9766,129.3154,AMZN181214P01652500
AMZN,1673.57,*,AMZN181214C01655000,,call,12/14/2018,11/29/2018,1655,70.74,61.45,63.75,32,47,0.384,0.578,0.0031,-655.7688,129.7689,AMZN181214C01655000
AMZN,1673.57,*,AMZN181214P01655000,,put,12/14/2018,11/29/2018,1655,37.17,41.15,42.8,7,63,0.3909,-0.4228,0.003,-628.5372,129.8227,AMZN181214P01655000
AMZN,1673.57,*,AMZN181214C01657500,,call,12/14/2018,11/29/2018,1657.5,57.72,59.95,62.3,5,0,0.384,0.5702,0.0031,-657.8514,130.2508,AMZN181214C01657500
AMZN,1673.57,*,AMZN181214P01657500,,put,12/14/2018,11/29/2018,1657.5,38.36,42.2,44,2,0,0.3908,-0.4305,0.003,-630.3746,130.2908,AMZN181214P01657500
AMZN,1673.57,*,AMZN181214C01660000,,call,12/14/2018,11/29/2018,1660,66.46,58.55,60.9,62,109,0.384,0.5624,0.0031,-659.6873,130.6825,AMZN181214C01660000
AMZN,1673.57,*,AMZN181214P01660000,,put,12/14/2018,11/29/2018,1660,40.53,43.15,45.1,60,31,0.3898,-0.438,0.003,-630.4592,130.7071,AMZN181214P01660000
AMZN,1673.57,*,AMZN181214C01662500,,call,12/14/2018,11/29/2018,1662.5,60.45,57.25,59.35,11,0,0.384,0.5546,0.0031,-661.2751,131.0637,AMZN181214C01662500
AMZN,1673.57,*,AMZN181214P01662500,,put,12/14/2018,11/29/2018,1662.5,44.63,44.3,46.15,5,0,0.3892,-0.4457,0.0031,-630.9736,131.0783,AMZN181214P01662500
AMZN,1673.57,*,AMZN181214C01665000,,call,12/14/2018,11/29/2018,1665,63.95,55.85,58.05,70,30,0.384,0.5468,0.0031,-662.614,131.3941,AMZN181214C01665000
AMZN,1673.57,*,AMZN181214P01665000,,put,12/14/2018,11/29/2018,1665,41,45.3,47.25,28,18,0.3881,-0.4533,0.0031,-630.4055,131.4009,AMZN181214P01665000
AMZN,1673.57,*,AMZN181214C01667500,,call,12/14/2018,11/29/2018,1667.5,59.15,54.55,56.55,15,0,0.384,0.539,0.0031,-663.7032,131.6737,AMZN181214C01667500
AMZN,1673.57,*,AMZN181214P01667500,,put,12/14/2018,11/29/2018,1667.5,53.33,46.6,48.35,7,0,0.3879,-0.4611,0.0031,-631.0999,131.6764,AMZN181214P01667500
AMZN,1673.57,*,AMZN181214C01670000,,call,12/14/2018,11/29/2018,1670,58.45,53.2,55.45,111,62,0.384,0.5312,0.0031,-664.5426,131.9022,AMZN181214C01670000
AMZN,1673.57,*,AMZN181214P01670000,,put,12/14/2018,11/29/2018,1670,45.42,47.75,49.6,65,21,0.3876,-0.4688,0.0031,-631.3792,131.9024,AMZN181214P01670000
AMZN,1673.57,*,AMZN181214C01672500,,call,12/14/2018,11/29/2018,1672.5,55,51.9,53.8,20,0,0.384,0.5234,0.0031,-665.1319,132.0797,AMZN181214C01672500
AMZN,1673.57,*,AMZN181214P01672500,,put,12/14/2018,11/29/2018,1672.5,49.08,48.9,50.8,20,0,0.387,-0.4766,0.0031,-630.9072,132.0786,AMZN181214P01672500
AMZN,1673.57,*,AMZN181214C01675000,,call,12/14/2018,11/29/2018,1675,56.6,50.7,52.6,47,65,0.384,0.5155,0.0031,-665.4715,132.2062,AMZN181214C01675000
AMZN,1673.57,*,AMZN181214P01675000,,put,12/14/2018,11/29/2018,1675,47.65,50.05,52.05,18,20,0.3864,-0.4844,0.0031,-630.1856,132.205,AMZN181214P01675000
AMZN,1673.57,*,AMZN181214C01677500,,call,12/14/2018,11/29/2018,1677.5,50.11,49.3,51.25,39,0,0.384,0.5077,0.0031,-665.5618,132.2817,AMZN181214C01677500
AMZN,1673.57,*,AMZN181214P01677500,,put,12/14/2018,11/29/2018,1677.5,0,50.55,53.45,0,0,0.3838,-0.4923,0.0031,-625.8506,132.2818,AMZN181214P01677500
AMZN,1673.57,*,AMZN181214C01680000,,call,12/14/2018,11/29/2018,1680,50,48.05,49.95,160,102,0.384,0.4999,0.0031,-665.4037,132.3065,AMZN181214C01680000
AMZN,1673.57,*,AMZN181214P01680000,,put,12/14/2018,11/29/2018,1680,50.5,52.45,54.5,69,62,0.385,-0.5,0.0031,-627.6548,132.3065,AMZN181214P01680000
AMZN,1673.57,*,AMZN181214C01682500,,call,12/14/2018,11/29/2018,1682.5,50.8,46.8,48.75,30,0,0.384,0.4921,0.0031,-664.9982,132.2806,AMZN181214C01682500
AMZN,1673.57,*,AMZN181214P01682500,,put,12/14/2018,11/29/2018,1682.5,49.5,53.75,55.85,1,0,0.385,-0.5078,0.0031,-627.1943,132.2813,AMZN181214P01682500
AMZN,1673.57,*,AMZN181214C01685000,,call,12/14/2018,11/29/2018,1685,50.4,45.45,47.6,91,33,0.384,0.4843,0.0031,-664.3468,132.2045,AMZN181214C01685000
AMZN,1673.57,*,AMZN181214P01685000,,put,12/14/2018,11/29/2018,1685,51.53,54.9,57.2,83,24,0.3842,-0.5156,0.0031,-625.1344,132.2048,AMZN181214P01685000
AMZN,1673.57,*,AMZN181214C01687500,,call,12/14/2018,11/29/2018,1687.5,50.65,44.35,46.25,18,0,0.384,0.4766,0.0031,-663.4509,132.0783,AMZN181214C01687500
AMZN,1673.57,*,AMZN181214P01687500,,put,12/14/2018,11/29/2018,1687.5,54.7,56.3,58.45,2,0,0.3838,-0.5235,0.0031,-623.5019,132.0777,AMZN181214P01687500
AMZN,1673.57,*,AMZN181214C01690000,,call,12/14/2018,11/29/2018,1690,45.05,43.25,45,53,19,0.384,0.4688,0.0031,-662.3126,131.9024,AMZN181214C01690000
AMZN,1673.57,*,AMZN181214P01690000,,put,12/14/2018,11/29/2018,1690,54,57.6,59.7,31,40,0.3829,-0.5313,0.0031,-620.7711,131.8978,AMZN181214P01690000
AMZN,1673.57,*,AMZN181214C01695000,,call,12/14/2018,11/29/2018,1695,47,41,42.7,43,27,0.3837,0.4534,0.0031,-658.8029,131.4011,AMZN181214C01695000
AMZN,1673.57,*,AMZN181214P01695000,,put,12/14/2018,11/29/2018,1695,60.9,59.45,62.55,52,23,0.3791,-0.5476,0.0032,-611.1234,131.3648,AMZN181214P01695000
AMZN,1673.57,*,AMZN181214C01697500,,call,12/14/2018,11/29/2018,1697.5,47.85,39.9,41.65,10,23,0.384,0.4458,0.0031,-657.466,131.0814,AMZN181214C01697500
AMZN,1673.57,*,AMZN181214P01697500,,put,12/14/2018,11/29/2018,1697.5,61.87,61.6,63.9,1,17,0.3814,-0.5548,0.0031,-613.1415,131.0553,AMZN181214P01697500
AMZN,1673.57,*,AMZN181214C01700000,,call,12/14/2018,11/29/2018,1700,40.15,38.85,40.4,190,271,0.3838,0.4381,0.0031,-655.0359,130.7091,AMZN181214C01700000
AMZN,1673.57,*,AMZN181214P01700000,,put,12/14/2018,11/29/2018,1700,60.48,62.85,65.5,99,41,0.3811,-0.5626,0.0031,-610.4592,130.6755,AMZN181214P01700000
AMZN,1673.57,*,AMZN181214C01702500,,call,12/14/2018,11/29/2018,1702.5,46,37.75,39.45,3,18,0.3838,0.4305,0.0031,-652.7211,130.2917,AMZN181214C01702500
AMZN,1673.57,*,AMZN181214P01702500,,put,12/14/2018,11/29/2018,1702.5,75.4,64.2,66.65,0,5,0.3792,-0.5707,0.0031,-604.7573,130.2217,AMZN181214P01702500
AMZN,1673.57,*,AMZN181214C01705000,,call,12/14/2018,11/29/2018,1705,43.31,36.6,38.45,7,74,0.3827,0.4226,0.0031,-648.2577,129.8083,AMZN181214C01705000
AMZN,1673.57,*,AMZN181214P01705000,,put,12/14/2018,11/29/2018,1705,110.04,65,68.6,0,20,0.3782,-0.5787,0.0031,-600.3678,129.726,AMZN181214P01705000
AMZN,1673.57,*,AMZN181214C01707500,,call,12/14/2018,11/29/2018,1707.5,41,35.6,37.35,11,29,0.3821,0.4149,0.0031,-644.4301,129.2827,AMZN181214C01707500
AMZN,1673.57,*,AMZN181214P01707500,,put,12/14/2018,11/29/2018,1707.5,209.4,66.4,70,0,5,0.3772,-0.5866,0.0031,-595.7346,129.177,AMZN181214P01707500
AMZN,1673.57,*,AMZN181214C01710000,,call,12/14/2018,11/29/2018,1710,39.5,34.6,36.25,25,66,0.3813,0.4071,0.0031,-640.0181,128.703,AMZN181214C01710000
AMZN,1673.57,*,AMZN181214P01710000,,put,12/14/2018,11/29/2018,1710,64.94,68.6,71.15,3,19,0.3782,-0.5939,0.0031,-594.3986,128.6257,AMZN181214P01710000
AMZN,1673.57,*,AMZN181214C01712500,,call,12/14/2018,11/29/2018,1712.5,31,33.5,35.15,35,50,0.3801,0.3992,0.0031,-634.6629,128.0616,AMZN181214C01712500
AMZN,1673.57,*,AMZN181214P01712500,,put,12/14/2018,11/29/2018,1712.5,64.87,69.35,73.05,0,1,0.3763,-0.6021,0.0031,-587.7054,127.9519,AMZN181214P01712500
AMZN,1673.57,*,AMZN181214C01715000,,call,12/14/2018,11/29/2018,1715,40.1,32.6,34.2,11,30,0.38,0.3917,0.003,-631.0388,127.4027,AMZN181214C01715000
AMZN,1673.57,*,AMZN181214P01715000,,put,12/14/2018,11/29/2018,1715,139.5,70.85,74.2,0,10,0.3743,-0.6103,0.0031,-580.5778,127.2146,AMZN181214P01715000
AMZN,1673.57,*,AMZN181214C01717500,,call,12/14/2018,11/29/2018,1717.5,36.75,31.7,33.35,8,7,0.3802,0.3844,0.003,-627.7453,126.7107,AMZN181214C01717500
AMZN,1673.57,*,AMZN181214P01717500,,put,12/14/2018,11/29/2018,1717.5,149.5,72.3,76.1,0,12,0.3749,-0.6176,0.0031,-577.8837,126.5149,AMZN181214P01717500
AMZN,1673.57,*,AMZN181214C01720000,,call,12/14/2018,11/29/2018,1720,31,30.65,32.4,39,34,0.3792,0.3766,0.003,-622.0797,125.9296,AMZN181214C01720000
AMZN,1673.57,*,AMZN181214P01720000,,put,12/14/2018,11/29/2018,1720,86.26,73.85,77.6,0,28,0.3741,-0.6254,0.0031,-572.4586,125.7181,AMZN181214P01720000
AMZN,1673.57,*,AMZN181214C01722500,,call,12/14/2018,11/29/2018,1722.5,28.35,29.8,31.4,1,9,0.3787,0.3691,0.003,-617.1048,125.1209,AMZN181214C01722500
AMZN,1673.57,*,AMZN181214P01722500,,put,12/14/2018,11/29/2018,1722.5,153.8,75.35,79.25,0,7,0.3736,-0.633,0.003,-567.3631,124.8858,AMZN181214P01722500
AMZN,1673.57,*,AMZN181214C01725000,,call,12/14/2018,11/29/2018,1725,30.6,28.85,30.45,14,55,0.3779,0.3615,0.003,-611.3739,124.2523,AMZN181214C01725000
AMZN,1673.57,*,AMZN181214P01725000,,put,12/14/2018,11/29/2018,1725,180,77.1,80.95,0,12,0.3741,-0.6401,0.003,-563.9005,124.0594,AMZN181214P01725000
AMZN,1673.57,*,AMZN181214C01727500,,call,12/14/2018,11/29/2018,1727.5,33.7,28,29.65,3,6,0.3779,0.3543,0.003,-606.9146,123.3805,AMZN181214C01727500
AMZN,1673.57,*,AMZN181214P01727500,,put,12/14/2018,11/29/2018,1727.5,91.92,78.6,82.55,5,27,0.3731,-0.6479,0.003,-557.4838,123.1128,AMZN181214P01727500
AMZN,1673.57,*,AMZN181214C01730000,,call,12/14/2018,11/29/2018,1730,33.19,27.25,28.85,33,63,0.3782,0.3473,0.0029,-602.8312,122.4882,AMZN181214C01730000
AMZN,1673.57,*,AMZN181214P01730000,,put,12/14/2018,11/29/2018,1730,81,81.15,83.9,10,29,0.3752,-0.6541,0.003,-556.6375,122.3077,AMZN181214P01730000
AMZN,1673.57,*,AMZN181214C01732500,,call,12/14/2018,11/29/2018,1732.5,31.8,26.35,27.85,7,11,0.3769,0.3396,0.0029,-595.5798,121.4581,AMZN181214C01732500
AMZN,1673.57,*,AMZN181214P01732500,,put,12/14/2018,11/29/2018,1732.5,90.05,81.55,85.95,1,19,0.3711,-0.6632,0.003,-544.0279,121.0722,AMZN181214P01732500
AMZN,1673.57,*,AMZN181214C01735000,,call,12/14/2018,11/29/2018,1735,31.44,25.55,27,5,35,0.3764,0.3323,0.0029,-589.6333,120.4344,AMZN181214C01735000
AMZN,1673.57,*,AMZN181214P01735000,,put,12/14/2018,11/29/2018,1735,90.89,84.45,87.3,19,19,0.3744,-0.6687,0.0029,-545.1315,120.2923,AMZN181214P01735000
AMZN,1673.57,*,AMZN181214C01737500,,call,12/14/2018,11/29/2018,1737.5,29.25,24.9,26.25,1,15,0.3769,0.3256,0.0029,-585.4088,119.446,AMZN181214C01737500
AMZN,1673.57,*,AMZN181214P01737500,,put,12/14/2018,11/29/2018,1737.5,110.55,86.15,89.05,0,6,0.3743,-0.6758,0.0029,-539.6821,119.2478,AMZN181214P01737500
AMZN,1673.57,*,AMZN181214C01740000,,call,12/14/2018,11/29/2018,1740,27.4,24.15,25.35,10,60,0.3762,0.3183,0.0029,-578.7415,118.3319,AMZN181214C01740000
AMZN,1673.57,*,AMZN181214P01740000,,put,12/14/2018,11/29/2018,1740,82.55,87.8,90.75,3,51,0.3735,-0.6831,0.0029,-532.7293,118.1102,AMZN181214P01740000
AMZN,1673.57,*,AMZN181214C01742500,,call,12/14/2018,11/29/2018,1742.5,25.3,23.35,24.6,2,11,0.3758,0.3112,0.0028,-572.4801,117.2035,AMZN181214C01742500
AMZN,1673.57,*,AMZN181214P01742500,,put,12/14/2018,11/29/2018,1742.5,82.1,86.5,94.15,2,3,0.3669,-0.6936,0.0029,-514.3928,116.403,AMZN181214P01742500
AMZN,1673.57,*,AMZN181214C01745000,,call,12/14/2018,11/29/2018,1745,27.35,22.5,23.9,4,18,0.3752,0.3041,0.0028,-565.6728,116.0206,AMZN181214C01745000
AMZN,1673.57,*,AMZN181214P01745000,,put,12/14/2018,11/29/2018,1745,244.26,88.5,96.75,0,6,0.3711,-0.6981,0.0028,-516.7499,115.6335,AMZN181214P01745000
AMZN,1673.57,*,AMZN181214C01747500,,call,12/14/2018,11/29/2018,1747.5,27.8,21.85,23.2,3,11,0.3754,0.2975,0.0028,-560.2711,114.8796,AMZN181214C01747500
AMZN,1673.57,*,AMZN181214P01747500,,put,12/14/2018,11/29/2018,1747.5,229.9,90.3,97.95,0,2,0.3684,-0.7064,0.0028,-505.5583,114.1721,AMZN181214P01747500
AMZN,1673.57,*,AMZN181214C01750000,,call,12/14/2018,11/29/2018,1750,23.5,21.15,22.6,95,199,0.3756,0.291,0.0028,-554.7395,113.7121,AMZN181214C01750000
AMZN,1673.57,*,AMZN181214P01750000,,put,12/14/2018,11/29/2018,1750,91.75,94.85,97.9,17,49,0.3725,-0.7107,0.0028,-507.5652,113.3858,AMZN181214P01750000
AMZN,1673.57,*,AMZN181214C01752500,,call,12/14/2018,11/29/2018,1752.5,19.5,20.35,21.8,1,16,0.3744,0.2838,0.0027,-546.3144,112.365,AMZN181214C01752500
AMZN,1673.57,*,AMZN181214P01752500,,put,12/14/2018,11/29/2018,1752.5,118.45,96.55,99.75,0,3,0.3719,-0.7177,0.0027,-500.228,112.0856,AMZN181214P01752500
AMZN,1673.57,*,AMZN181214C01755000,,call,12/14/2018,11/29/2018,1755,23.55,19.75,21.05,7,37,0.3741,0.2771,0.0027,-539.5289,111.0822,AMZN181214C01755000
AMZN,1673.57,*,AMZN181214P01755000,,put,12/14/2018,11/29/2018,1755,105.36,95.85,104.1,19,4,0.3709,-0.7248,0.0027,-491.956,110.704,AMZN181214P01755000
AMZN,1673.57,*,AMZN181214C01757500,,call,12/14/2018,11/29/2018,1757.5,19.35,19.1,20.35,3,10,0.3738,0.2706,0.0027,-532.6204,109.7709,AMZN181214C01757500
AMZN,1673.57,*,AMZN181214P01757500,,put,12/14/2018,11/29/2018,1757.5,159.2,97.85,105.6,0,2,0.3698,-0.7319,0.0027,-483.3428,109.2721,AMZN181214P01757500
AMZN,1673.57,*,AMZN181214C01760000,,call,12/14/2018,11/29/2018,1760,21.35,18.55,19.4,46,44,0.3726,0.2635,0.0026,-523.7805,108.3159,AMZN181214C01760000
AMZN,1673.57,*,AMZN181214P01760000,,put,12/14/2018,11/29/2018,1760,97,100.65,107.25,2,5,0.373,-0.7362,0.0026,-483.276,108.3678,AMZN181214P01760000
AMZN,1673.57,*,AMZN181214C01762500,,call,12/14/2018,11/29/2018,1762.5,22.8,17.85,19.1,1,9,0.3735,0.2578,0.0026,-519.0695,107.1088,AMZN181214C01762500
AMZN,1673.57,*,AMZN181214P01762500,,put,12/14/2018,11/29/2018,1762.5,237.65,102.6,109.45,0,6,0.3745,-0.7415,0.0026,-479.7268,107.2433,AMZN181214P01762500
AMZN,1673.57,*,AMZN181214C01765000,,call,12/14/2018,11/29/2018,1765,17.55,17.35,18.45,19,12,0.3736,0.2518,0.0026,-512.6514,105.7784,AMZN181214C01765000
AMZN,1673.57,*,AMZN181214P01765000,,put,12/14/2018,11/29/2018,1765,156.65,102.6,111.25,0,8,0.3642,-0.7543,0.0026,-452.0132,104.4125,AMZN181214P01765000
AMZN,1673.57,*,AMZN181214C01767500,,call,12/14/2018,11/29/2018,1767.5,17.5,16.75,17.85,6,22,0.3729,0.2452,0.0025,-504.5061,104.3121,AMZN181214C01767500
AMZN,1673.57,*,AMZN181214P01767500,,put,12/14/2018,11/29/2018,1767.5,177.5,104.85,113.85,0,1,0.3687,-0.7575,0.0026,-454.399,103.6849,AMZN181214P01767500
AMZN,1673.57,*,AMZN181214C01770000,,call,12/14/2018,11/29/2018,1770,16.4,16.15,17.35,74,45,0.3724,0.2389,0.0025,-496.675,102.8499,AMZN181214C01770000
AMZN,1673.57,*,AMZN181214P01770000,,put,12/14/2018,11/29/2018,1770,127.77,106.5,115.65,108,11,0.3662,-0.7652,0.0025,-442.3319,101.8779,AMZN181214P01770000
AMZN,1673.57,*,AMZN181214C01775000,,call,12/14/2018,11/29/2018,1775,15.6,15,16.2,17,29,0.3715,0.2266,0.0024,-480.9687,99.8751,AMZN181214C01775000
AMZN,1673.57,*,AMZN181214P01775000,,put,12/14/2018,11/29/2018,1775,213.05,110.5,119.65,0,8,0.3664,-0.7768,0.0025,-428.6804,99.0142,AMZN181214P01775000
AMZN,1673.57,*,AMZN181214C01780000,,call,12/14/2018,11/29/2018,1780,18.45,14.05,15.15,5,55,0.3715,0.2153,0.0024,-466.8661,96.983,AMZN181214C01780000
AMZN,1673.57,*,AMZN181214P01780000,,put,12/14/2018,11/29/2018,1780,135.87,114.2,122.95,108,11,0.3609,-0.792,0.0024,-402.8011,95.0394,AMZN181214P01780000
AMZN,1673.57,*,AMZN181214C01785000,,call,12/14/2018,11/29/2018,1785,13.2,13.1,14.1,10,30,0.3709,0.2039,0.0023,-451.2947,93.9324,AMZN181214C01785000
AMZN,1673.57,*,AMZN181214P01785000,,put,12/14/2018,11/29/2018,1785,179.7,118,127,0,7,0.3587,-0.8046,0.0023,-383.5666,91.5395,AMZN181214P01785000
AMZN,1673.57,*,AMZN181214C01790000,,call,12/14/2018,11/29/2018,1790,15.99,12.15,13.25,31,46,0.3708,0.1932,0.0022,-436.6192,90.9338,AMZN181214C01790000
AMZN,1673.57,*,AMZN181214P01790000,,put,12/14/2018,11/29/2018,1790,138.02,122.5,131.3,0,12,0.3615,-0.8133,0.0022,-374.8173,89.0261,AMZN181214P01790000
AMZN,1673.57,*,AMZN181214C01795000,,call,12/14/2018,11/29/2018,1795,13.75,11.2,12.3,5,36,0.3696,0.1822,0.0022,-419.4915,87.6772,AMZN181214C01795000
AMZN,1673.57,*,AMZN181214P01795000,,put,12/14/2018,11/29/2018,1795,281.35,126.75,135.45,0,5,0.3614,-0.8237,0.0022,-359.8418,85.9059,AMZN181214P01795000
AMZN,1673.57,*,AMZN181214C01800000,,call,12/14/2018,11/29/2018,1800,10.75,10.45,11.6,164,188,0.3704,0.1729,0.0021,-406.5741,84.8229,AMZN181214C01800000
AMZN,1673.57,*,AMZN181214P01800000,,put,12/14/2018,11/29/2018,1800,143,131,139.65,15,43,0.361,-0.8338,0.0021,-344.1949,82.7054,AMZN181214P01800000
AMZN,1673.57,*,AMZN181214C01805000,,call,12/14/2018,11/29/2018,1805,11.95,9.75,10.7,42,20,0.3698,0.1629,0.002,-390.6524,81.6578,AMZN181214C01805000
AMZN,1673.57,*,AMZN181214P01805000,,put,12/14/2018,11/29/2018,1805,136.92,135.05,144.55,2,4,0.3621,-0.8425,0.002,-331.7797,79.8577,AMZN181214P01805000
AMZN,1673.57,*,AMZN181214C01810000,,call,12/14/2018,11/29/2018,1810,12.13,9.05,10.1,5,49,0.3705,0.1543,0.0019,-377.5496,78.7947,AMZN181214C01810000
AMZN,1673.57,*,AMZN181214P01810000,,put,12/14/2018,11/29/2018,1810,141.4,139.35,148.35,4,13,0.3584,-0.8543,0.0019,-309.1488,75.8449,AMZN181214P01810000
AMZN,1673.57,*,AMZN181214C01815000,,call,12/14/2018,11/29/2018,1815,8.8,8.35,9.35,5,41,0.3698,0.1451,0.0019,-361.5195,75.613,AMZN181214C01815000
AMZN,1673.57,*,AMZN181214P01815000,,put,12/14/2018,11/29/2018,1815,279.41,143.8,152.95,0,11,0.3597,-0.862,0.0018,-297.3316,73.0802,AMZN181214P01815000
AMZN,1673.57,*,AMZN181214C01820000,,call,12/14/2018,11/29/2018,1820,9,7.75,8.75,20,28,0.3702,0.137,0.0018,-347.9558,72.7184,AMZN181214C01820000
AMZN,1673.57,*,AMZN181214P01820000,,put,12/14/2018,11/29/2018,1820,237.99,148.3,157.6,0,6,0.3612,-0.8693,0.0018,-286.0663,70.4124,AMZN181214P01820000
AMZN,1673.57,*,AMZN181214C01825000,,call,12/14/2018,11/29/2018,1825,8.9,7.15,8.15,30,66,0.3701,0.1289,0.0017,-333.4697,69.7286,AMZN181214C01825000
AMZN,1673.57,*,AMZN181214P01825000,,put,12/14/2018,11/29/2018,1825,289.11,152.5,161.55,0,16,0.3545,-0.8819,0.0017,-257.6539,65.5792,AMZN181214P01825000
AMZN,1673.57,*,AMZN181214C01830000,,call,12/14/2018,11/29/2018,1830,8.3,6.65,7.6,16,20,0.3705,0.1214,0.0016,-320.2214,66.904,AMZN181214C01830000
AMZN,1673.57,*,AMZN181214P01830000,,put,12/14/2018,11/29/2018,1830,254.59,157.1,167,0,7,0.3603,-0.8855,0.0016,-255.8098,64.1768,AMZN181214P01830000
AMZN,1673.57,*,AMZN181214C01835000,,call,12/14/2018,11/29/2018,1835,7.7,6.15,7.05,29,27,0.3705,0.1141,0.0016,-306.3324,64.0184,AMZN181214C01835000
AMZN,1673.57,*,AMZN181214P01835000,,put,12/14/2018,11/29/2018,1835,221.75,161.5,170.25,0,1,0.3488,-0.9005,0.0015,-218.2768,57.9945,AMZN181214P01835000
AMZN,1673.57,*,AMZN181214C01840000,,call,12/14/2018,11/29/2018,1840,7.15,5.75,6.6,7,18,0.3716,0.1078,0.0015,-294.9654,61.4765,AMZN181214C01840000
AMZN,1673.57,*,AMZN181214P01840000,,put,12/14/2018,11/29/2018,1840,334.67,166.2,176,0,4,0.3563,-0.9022,0.0015,-220.2474,57.2491,AMZN181214P01840000
AMZN,1673.57,*,AMZN181214C01845000,,call,12/14/2018,11/29/2018,1845,5.81,5.25,6.15,10,27,0.3715,0.1011,0.0014,-281.346,58.6675,AMZN181214C01845000
AMZN,1673.57,*,AMZN181214P01845000,,put,12/14/2018,11/29/2018,1845,264.21,170.7,180.5,0,1,0.3508,-0.9123,0.0014,-196.0732,52.8452,AMZN181214P01845000
AMZN,1673.57,*,AMZN181214C01850000,,call,12/14/2018,11/29/2018,1850,5.6,4.9,5.65,31,367,0.3712,0.0946,0.0014,-267.6081,55.8604,AMZN181214C01850000
AMZN,1673.57,*,AMZN181214P01850000,,put,12/14/2018,11/29/2018,1850,267.16,175.8,185.2,0,8,0.3582,-0.9136,0.0013,-198.0517,52.2249,AMZN181214P01850000
AMZN,1673.57,*,AMZN181214C01855000,,call,12/14/2018,11/29/2018,1855,4.9,4.55,5.25,8,29,0.3718,0.0889,0.0013,-255.9928,53.3619,AMZN181214C01855000
AMZN,1673.57,*,AMZN181214P01855000,,put,12/14/2018,11/29/2018,1855,243.85,179.95,189.9,0,1,0.3361,-0.933,0.0012,-143.3327,43.0697,AMZN181214P01855000
AMZN,1673.57,*,AMZN181214C01860000,,call,12/14/2018,11/29/2018,1860,4.2,4.2,4.9,7,45,0.3718,0.0832,0.0012,-243.4796,50.7644,AMZN181214C01860000
AMZN,1673.57,*,AMZN181214P01860000,,put,12/14/2018,11/29/2018,1860,161.2,184.5,194.25,0,4,0.3361,-0.9381,0.0011,-132.0511,40.5061,AMZN181214P01860000
AMZN,1673.57,*,AMZN181214C01865000,,call,12/14/2018,11/29/2018,1865,5.05,3.85,4.65,1,14,0.3727,0.0782,0.0012,-233.0502,48.4832,AMZN181214C01865000
AMZN,1673.57,*,AMZN181214P01865000,,put,12/14/2018,11/29/2018,1865,339.2,189.5,199,0,3,0.3361,-0.9428,0.001,-121.1964,38.0395,AMZN181214P01865000
AMZN,1673.57,*,AMZN181214C01870000,,call,12/14/2018,11/29/2018,1870,4.32,3.55,4.05,2,30,0.3702,0.0717,0.0011,-216.4355,45.3385,AMZN181214C01870000
AMZN,1673.57,*,AMZN181214P01870000,,put,12/14/2018,11/29/2018,1870,251.42,194.2,203.55,0,2,0.3361,-0.9473,0.001,-110.7745,35.6713,AMZN181214P01870000
AMZN,1673.57,*,AMZN181214C01875000,,call,12/14/2018,11/29/2018,1875,3.58,3.3,3.95,33,50,0.373,0.0684,0.0011,-210.2533,43.7228,AMZN181214C01875000
AMZN,1673.57,*,AMZN181214P01875000,,put,12/14/2018,11/29/2018,1875,170.75,199.45,208.85,0,2,0.3361,-0.9515,0.0009,-100.7889,33.4024,AMZN181214P01875000
AMZN,1673.57,*,AMZN181214C01880000,,call,12/14/2018,11/29/2018,1880,3.25,3.05,3.65,2,28,0.3732,0.0638,0.001,-199.4768,41.4675,AMZN181214C01880000
AMZN,1673.57,*,AMZN181214P01880000,,put,12/14/2018,11/29/2018,1880,237.2,203.5,213,0,2,0.3361,-0.9554,0.0008,-91.2407,31.2333,AMZN181214P01880000
AMZN,1673.57,*,AMZN181214C01885000,,call,12/14/2018,11/29/2018,1885,2.98,2.8,3.4,3,15,0.3736,0.0597,0.001,-189.4175,39.3416,AMZN181214C01885000
AMZN,1673.57,*,AMZN181214P01885000,,put,12/14/2018,11/29/2018,1885,376,208.5,218.3,0,1,0.3361,-0.959,0.0008,-82.1287,29.1638,AMZN181214P01885000
AMZN,1673.57,*,AMZN181214C01890000,,call,12/14/2018,11/29/2018,1890,3.4,2.56,3.15,3,32,0.3737,0.0556,0.0009,-179.179,37.2118,AMZN181214C01890000
AMZN,1673.57,*,AMZN181214P01890000,,put,12/14/2018,11/29/2018,1890,363.8,213.25,223,0,0,0.3361,-0.9624,0.0007,-73.4497,27.1933,AMZN181214P01890000
AMZN,1673.57,*,AMZN181214C01895000,,call,12/14/2018,11/29/2018,1895,3.15,2.41,2.89,4,31,0.3745,0.0521,0.0009,-170.5106,35.3423,AMZN181214C01895000
AMZN,1673.57,*,AMZN181214P01895000,,put,12/14/2018,11/29/2018,1895,234,218,227.7,1,0,0.3361,-0.9655,0.0007,-65.1988,25.3206,AMZN181214P01895000
AMZN,1673.57,*,AMZN181214C01900000,,call,12/14/2018,11/29/2018,1900,3.26,2.2,2.68,16,76,0.3747,0.0485,0.0008,-161.1565,33.3913,AMZN181214C01900000
AMZN,1673.57,*,AMZN181214P01900000,,put,12/14/2018,11/29/2018,1900,373.65,223,232.6,0,0,0.3361,-0.9684,0.0006,-57.3692,23.5445,AMZN181214P01900000
AMZN,1673.57,*,AMZN181214C01905000,,call,12/14/2018,11/29/2018,1905,2.67,2.07,2.49,2,15,0.376,0.0456,0.0008,-153.9537,31.7942,AMZN181214C01905000
AMZN,1673.57,*,AMZN181214P01905000,,put,12/14/2018,11/29/2018,1905,378.6,227.65,237.5,0,5,0.3361,-0.9711,0.0006,-49.9528,21.863,AMZN181214P01905000
AMZN,1673.57,*,AMZN181214C01910000,,call,12/14/2018,11/29/2018,1910,2.33,1.9,2.4,2,12,0.3779,0.0432,0.0007,-147.9742,30.411,AMZN181214C01910000
AMZN,1673.57,*,AMZN181214P01910000,,put,12/14/2018,11/29/2018,1910,349.45,232.65,242.5,0,3,0.3361,-0.9736,0.0005,-42.9402,20.274,AMZN181214P01910000
AMZN,1673.57,*,AMZN181214C01915000,,call,12/14/2018,11/29/2018,1915,2.45,1.76,2.23,21,42,0.3787,0.0404,0.0007,-140.5065,28.8199,AMZN181214C01915000
AMZN,1673.57,*,AMZN181214P01915000,,put,12/14/2018,11/29/2018,1915,372.45,237.5,246.65,0,0,0.3361,-0.9759,0.0005,-36.3208,18.7753,AMZN181214P01915000
AMZN,1673.57,*,AMZN181214C01920000,,call,12/14/2018,11/29/2018,1920,1.18,1.66,2.05,0,40,0.3798,0.0379,0.0007,-133.7918,27.3675,AMZN181214C01920000
AMZN,1673.57,*,AMZN181214P01920000,,put,12/14/2018,11/29/2018,1920,393.45,242.45,252.4,0,4,0.3361,-0.9781,0.0005,-30.0831,17.3641,AMZN181214P01920000
AMZN,1673.57,*,AMZN181214C01925000,,call,12/14/2018,11/29/2018,1925,2.4,1.52,1.98,11,19,0.3816,0.0359,0.0006,-128.3762,26.14,AMZN181214C01925000
AMZN,1673.57,*,AMZN181214P01925000,,put,12/14/2018,11/29/2018,1925,398.4,247.3,257,0,0,0.3361,-0.98,0.0004,-24.2146,16.0378,AMZN181214P01925000
AMZN,1673.57,*,AMZN181214C01930000,,call,12/14/2018,11/29/2018,1930,2.09,1.41,1.91,0,48,0.3834,0.0339,0.0006,-123.1712,24.9663,AMZN181214C01930000
AMZN,1673.57,*,AMZN181214P01930000,,put,12/14/2018,11/29/2018,1930,0,252.1,262,0,0,0.3361,-0.9818,0.0004,-18.7025,14.7934,AMZN181214P01930000
AMZN,1673.57,*,AMZN181214C01935000,,call,12/14/2018,11/29/2018,1935,1.76,1.31,1.78,2,1,0.384,0.0316,0.0006,-116.4952,23.5795,AMZN181214C01935000
AMZN,1673.57,*,AMZN181214P01935000,,put,12/14/2018,11/29/2018,1935,408.35,257.2,267,0,5,0.3361,-0.9835,0.0004,-13.5332,13.6277,AMZN181214P01935000
AMZN,1673.57,*,AMZN181214C01940000,,call,12/14/2018,11/29/2018,1940,2,1.25,1.65,2,16,0.384,0.0293,0.0005,-109.3066,22.1274,AMZN181214C01940000
AMZN,1673.57,*,AMZN181214P01940000,,put,12/14/2018,11/29/2018,1940,0,262,271.75,0,0,0.3361,-0.985,0.0003,-8.6928,12.5377,AMZN181214P01940000
AMZN,1673.57,*,AMZN181214C01945000,,call,12/14/2018,11/29/2018,1945,1.63,1.14,1.59,1,11,0.384,0.0271,0.0005,-102.4612,20.7443,AMZN181214C01945000
AMZN,1673.57,*,AMZN181214P01945000,,put,12/14/2018,11/29/2018,1945,424.35,267,277,0,0,0.3361,-0.9864,0.0003,-4.1671,11.5202,AMZN181214P01945000
AMZN,1673.57,*,AMZN181214C01950000,,call,12/14/2018,11/29/2018,1950,1.5,1.08,1.48,4,40,0.384,0.0251,0.0005,-95.9513,19.4288,AMZN181214C01950000
AMZN,1673.57,*,AMZN181214P01950000,,put,12/14/2018,11/29/2018,1950,420,272,281.65,0,8,0.3361,-0.9877,0.0003,0.0581,10.5717,AMZN181214P01950000
AMZN,1673.57,*,AMZN181214C01955000,,call,12/14/2018,11/29/2018,1955,1.32,0.99,1.45,2,14,0.384,0.0232,0.0004,-89.7685,18.1791,AMZN181214C01955000
AMZN,1673.57,*,AMZN181214P01955000,,put,12/14/2018,11/29/2018,1955,434.3,276.7,286.5,0,2,0.3361,-0.9889,0.0003,3.9974,9.6892,AMZN181214P01955000
AMZN,1673.57,*,AMZN181214C01960000,,call,12/14/2018,11/29/2018,1960,1.51,0.96,1.36,7,31,0.384,0.0214,0.0004,-83.9039,16.9935,AMZN181214C01960000
AMZN,1673.57,*,AMZN181214P01960000,,put,12/14/2018,11/29/2018,1960,232.8,281.8,291.5,0,0,0.3361,-0.99,0.0002,7.6649,8.8692,AMZN181214P01960000
AMZN,1673.57,*,AMZN181214C01965000,,call,12/14/2018,11/29/2018,1965,1.4,0.9,1.29,2,16,0.384,0.0197,0.0004,-78.3481,15.8701,AMZN181214C01965000
AMZN,1673.57,*,AMZN181214P01965000,,put,12/14/2018,11/29/2018,1965,0,286.7,296.5,0,0,0.3361,-0.9909,0.0002,11.0749,8.1085,AMZN181214P01965000
AMZN,1673.57,*,AMZN181214C01970000,,call,12/14/2018,11/29/2018,1970,1.31,0.82,1.24,2,14,0.384,0.0182,0.0004,-73.0915,14.807,AMZN181214C01970000
AMZN,1673.57,*,AMZN181214P01970000,,put,12/14/2018,11/29/2018,1970,370.3,291.75,301.5,0,0,0.3361,-0.9918,0.0002,14.2415,7.404,AMZN181214P01970000
AMZN,1673.57,*,AMZN181214C01975000,,call,12/14/2018,11/29/2018,1975,1.01,0.76,1.17,0,20,0.384,0.0167,0.0003,-68.124,13.8022,AMZN181214C01975000
AMZN,1673.57,*,AMZN181214P01975000,,put,12/14/2018,11/29/2018,1975,258.25,296.6,306.5,0,0,0.3361,-0.9926,0.0002,17.1782,6.7525,AMZN181214P01975000
AMZN,1673.57,*,AMZN181214C01980000,,call,12/14/2018,11/29/2018,1980,1.16,0.71,1.14,0,12,0.384,0.0154,0.0003,-63.4354,12.8537,AMZN181214C01980000
AMZN,1673.57,*,AMZN181214P01980000,,put,12/14/2018,11/29/2018,1980,367.51,301.55,311.5,0,2,0.3361,-0.9934,0.0002,19.8987,6.1508,AMZN181214P01980000
AMZN,1673.57,*,AMZN181214C01985000,,call,12/14/2018,11/29/2018,1985,1.05,0.66,1.08,0,3,0.384,0.0142,0.0003,-59.0153,11.9593,AMZN181214C01985000
AMZN,1673.57,*,AMZN181214P01985000,,put,12/14/2018,11/29/2018,1985,431.6,306.6,316.5,0,0,0.3361,-0.9941,0.0002,22.4159,5.596,AMZN181214P01985000
AMZN,1673.57,*,AMZN181214C01990000,,call,12/14/2018,11/29/2018,1990,1.07,0.66,1.02,2,19,0.384,0.013,0.0003,-54.8533,11.117,AMZN181214C01990000
AMZN,1673.57,*,AMZN181214P01990000,,put,12/14/2018,11/29/2018,1990,0,311.25,321.15,0,0,0.3361,-0.9947,0.0001,24.7425,5.0852,AMZN181214P01990000
AMZN,1673.57,*,AMZN181214C01995000,,call,12/14/2018,11/29/2018,1995,0.98,0.57,1.01,0,8,0.384,0.012,0.0002,-50.9387,10.3247,AMZN181214C01995000
AMZN,1673.57,*,AMZN181214P01995000,,put,12/14/2018,11/29/2018,1995,311.6,316.5,326.15,0,0,0.3361,-0.9952,0.0001,26.8908,4.6156,AMZN181214P01995000
AMZN,1673.57,*,AMZN181214C02000000,,call,12/14/2018,11/29/2018,2000,0.82,0.6,0.95,62,414,0.384,0.011,0.0002,-47.2611,9.5803,AMZN181214C02000000
AMZN,1673.57,*,AMZN181214P02000000,,put,12/14/2018,11/29/2018,2000,323.5,321.5,331.2,0,1,0.3361,-0.9957,0.0001,28.8724,4.1844,AMZN181214P02000000
AMZN,1673.57,*,AMZN181214C02010000,,call,12/14/2018,11/29/2018,2010,0.79,0.48,0.89,1,9,0.384,0.0092,0.0002,-40.5752,8.2266,AMZN181214C02010000
AMZN,1673.57,*,AMZN181214P02010000,,put,12/14/2018,11/29/2018,2010,0,331.5,341.3,0,0,0.3361,-0.9966,0.0001,32.3804,3.4272,AMZN181214P02010000
AMZN,1673.57,*,AMZN181214C02020000,,call,12/14/2018,11/29/2018,2020,0.66,0.41,0.8,7,350,0.384,0.0077,0.0002,-34.7135,7.0394,AMZN181214C02020000
AMZN,1673.57,*,AMZN181214P02020000,,put,12/14/2018,11/29/2018,2020,0,341.5,351.15,0,0,0.3361,-0.9973,0.0001,35.3508,2.7943,AMZN181214P02020000
AMZN,1673.57,*,AMZN181214C02030000,,call,12/14/2018,11/29/2018,2030,0.7,0.36,0.79,0,8,0.384,0.0064,0.0001,-29.5965,6.0028,AMZN181214C02030000
AMZN,1673.57,*,AMZN181214P02030000,,put,12/14/2018,11/29/2018,2030,0,351.5,361.2,0,0,0.3361,-0.9978,0.0001,37.8595,2.2679,AMZN181214P02030000
AMZN,1673.57,*,AMZN181214C02040000,,call,12/14/2018,11/29/2018,2040,0.56,0.32,0.73,0,3,0.384,0.0054,0.0001,-25.1483,5.1015,AMZN181214C02040000
AMZN,1673.57,*,AMZN181214P02040000,,put,12/14/2018,11/29/2018,2040,0,361.5,371.2,0,0,0.3361,-0.9983,0,39.9747,1.8326,AMZN181214P02040000
AMZN,1673.57,*,AMZN181214C02050000,,call,12/14/2018,11/29/2018,2050,0.3,0.28,0.68,0,20,0.384,0.0044,0.0001,-21.2975,4.321,AMZN181214C02050000
AMZN,1673.57,*,AMZN181214P02050000,,put,12/14/2018,11/29/2018,2050,393.6,371.5,381.15,0,0,0.3361,-0.9986,0,41.7564,1.4744,AMZN181214P02050000
AMZN,1673.57,*,AMZN181214C02060000,,call,12/14/2018,11/29/2018,2060,0.34,0.27,0.66,14,16,0.384,0.0037,0.0001,-17.9772,3.6479,AMZN181214C02060000
AMZN,1673.57,*,AMZN181214P02060000,,put,12/14/2018,11/29/2018,2060,0,381.5,391,0,0,0.3361,-0.9989,0,43.2574,1.1811,AMZN181214P02060000
AMZN,1673.57,*,AMZN181214C02070000,,call,12/14/2018,11/29/2018,2070,0.22,0.2,0.6,0,2,0.384,0.003,0.0001,-15.1255,3.0697,AMZN181214C02070000
AMZN,1673.57,*,AMZN181214P02070000,,put,12/14/2018,11/29/2018,2070,0,391.5,401.15,0,0,0.3361,-0.9992,0,44.5235,0.9422,AMZN181214P02070000
AMZN,1673.57,*,AMZN181214C02080000,,call,12/14/2018,11/29/2018,2080,0.25,0.19,0.62,0,3,0.384,0.0025,0.0001,-12.6858,2.5749,AMZN181214C02080000
AMZN,1673.57,*,AMZN181214P02080000,,put,12/14/2018,11/29/2018,2080,0,401.5,411.05,0,0,0.3361,-0.9994,0,45.5943,0.7485,AMZN181214P02080000
AMZN,1673.57,*,AMZN181214C02090000,,call,12/14/2018,11/29/2018,2090,0.27,0.21,0.58,0,14,0.384,0.0021,0.0001,-10.6063,2.1531,AMZN181214C02090000
AMZN,1673.57,*,AMZN181214P02090000,,put,12/14/2018,11/29/2018,2090,0,411.5,421.25,0,0,0.3361,-0.9995,0,46.5036,0.5922,AMZN181214P02090000
AMZN,1673.57,*,AMZN181214C02100000,,call,12/14/2018,11/29/2018,2100,0.33,0.16,0.54,0,10,0.384,0.0017,0,-8.8403,1.7949,AMZN181214C02100000
AMZN,1673.57,*,AMZN181214P02100000,,put,12/14/2018,11/29/2018,2100,0,421.5,431.3,0,0,0.3361,-0.9996,0,47.28,0.4666,AMZN181214P02100000
AMZN,1673.57,*,AMZN181214C02110000,,call,12/14/2018,11/29/2018,2110,0.37,0.16,0.55,1,1,0.384,0.0014,0,-7.3461,1.4917,AMZN181214C02110000
AMZN,1673.57,*,AMZN181214P02110000,,put,12/14/2018,11/29/2018,2110,500.3,431.5,441.1,0,0,0.3361,-0.9997,0,47.9478,0.3662,AMZN181214P02110000
AMZN,1673.57,*,AMZN181214C02120000,,call,12/14/2018,11/29/2018,2120,0.3,0.16,0.51,0,1,0.384,0.0011,0,-6.0861,1.236,AMZN181214C02120000
AMZN,1673.57,*,AMZN181214P02120000,,put,12/14/2018,11/29/2018,2120,0,441.25,451.05,0,0,0.3361,-0.9998,0,48.5272,0.2863,AMZN181214P02120000
AMZN,1673.57,*,AMZN181214C02130000,,call,12/14/2018,11/29/2018,2130,0,0.12,0.5,0,0,0.384,0.0009,0,-5.0275,1.0211,AMZN181214C02130000
AMZN,1673.57,*,AMZN181214P02130000,,put,12/14/2018,11/29/2018,2130,0,451.5,461.05,0,0,0.3361,-0.9998,0,49.035,0.223,AMZN181214P02130000
AMZN,1673.57,*,AMZN181214C02140000,,call,12/14/2018,11/29/2018,2140,0,0.13,0.5,0,0,0.384,0.0007,0,-4.141,0.8412,AMZN181214C02140000
AMZN,1673.57,*,AMZN181214P02140000,,put,12/14/2018,11/29/2018,2140,0,461.2,471.1,0,0,0.3361,-0.9999,0,49.4853,0.173,AMZN181214P02140000
AMZN,1673.57,*,AMZN181214C02150000,,call,12/14/2018,11/29/2018,2150,0.15,0.11,0.5,0,6,0.384,0.0006,0,-3.401,0.6909,AMZN181214C02150000
AMZN,1673.57,*,AMZN181214P02150000,,put,12/14/2018,11/29/2018,2150,0,471.5,481.15,0,0,0.3361,-0.9999,0,49.8893,0.1337,AMZN181214P02150000
AMZN,1673.57,*,AMZN181214C02160000,,call,12/14/2018,11/29/2018,2160,0.05,0.11,0.48,0,1,0.384,0.0005,0,-2.7855,0.5659,AMZN181214C02160000
AMZN,1673.57,*,AMZN181214P02160000,,put,12/14/2018,11/29/2018,2160,0,481.5,491.1,0,0,0.3361,-0.9999,0,50.2565,0.103,AMZN181214P02160000
AMZN,1673.57,*,AMZN181214C02170000,,call,12/14/2018,11/29/2018,2170,1.09,0.1,0.48,0,0,0.384,0.0004,0,-2.275,0.4623,AMZN181214C02170000
AMZN,1673.57,*,AMZN181214P02170000,,put,12/14/2018,11/29/2018,2170,0,491.5,501.1,0,0,0.3361,-0.9999,0,50.5945,0.079,AMZN181214P02170000
AMZN,1673.57,*,AMZN181214C02180000,,call,12/14/2018,11/29/2018,2180,0.2,0.09,0.47,0,1,0.384,0.0003,0,-1.8531,0.3766,AMZN181214C02180000
AMZN,1673.57,*,AMZN181214P02180000,,put,12/14/2018,11/29/2018,2180,0,501.5,511.2,0,0,0.3361,-1,0,50.9094,0.0604,AMZN181214P02180000
AMZN,1673.57,*,AMZN181214C02190000,,call,12/14/2018,11/29/2018,2190,0.54,0.07,0.47,0,1,0.384,0.0002,0,-1.5053,0.3059,AMZN181214C02190000
AMZN,1673.57,*,AMZN181214P02190000,,put,12/14/2018,11/29/2018,2190,0,511.5,521.2,0,0,0.3361,-1,0,51.2061,0.046,AMZN181214P02190000
AMZN,1673.57,*,AMZN181214C02200000,,call,12/14/2018,11/29/2018,2200,0.3,0.08,0.46,0,11,0.384,0.0002,0,-1.2196,0.2479,AMZN181214C02200000
AMZN,1673.57,*,AMZN181214P02200000,,put,12/14/2018,11/29/2018,2200,0,521.5,531.35,0,0,0.3361,-1,0,51.4886,0.035,AMZN181214P02200000
AMZN,1673.57,*,AMZN181214C02250000,,call,12/14/2018,11/29/2018,2250,0.07,0.04,0.43,0,33,0.384,0.0001,0,-0.4098,0.0833,AMZN181214C02250000
AMZN,1673.57,*,AMZN181214P02250000,,put,12/14/2018,11/29/2018,2250,0,571.5,581.05,0,0,0.3361,-1,0,52.7766,0.0084,AMZN181214P02250000
AMZN,1673.57,*,AMZN181214C02300000,,call,12/14/2018,11/29/2018,2300,0.21,0,0.4,0,29,0.384,0,0,-0.1296,0.0264,AMZN181214C02300000
AMZN,1673.57,*,AMZN181214P02300000,,put,12/14/2018,11/29/2018,2300,0,621.5,631.25,0,0,0.3361,-1,0,53.9784,0.0019,AMZN181214P02300000
AMZN,1673.57,*,AMZN181221C00720000,,call,12/21/2018,11/29/2018,720,910.8,949.7,959.5,0,10,0.4109,0.9999,0,-14.292,0,AMZN181221C00720000
AMZN,1673.57,*,AMZN181221P00720000,,put,12/21/2018,11/29/2018,720,0.04,0.03,0.05,1,13,0.4747,0,0,0,0,AMZN181221P00720000
AMZN,1673.57,*,AMZN181221C00740000,,call,12/21/2018,11/29/2018,740,0,929.85,939.5,0,0,0.4109,0.9999,0,-14.7612,0,AMZN181221C00740000
AMZN,1673.57,*,AMZN181221P00740000,,put,12/21/2018,11/29/2018,740,0,0,0.05,0,0,0.4747,0,0,0,0,AMZN181221P00740000
AMZN,1673.57,*,AMZN181221C00760000,,call,12/21/2018,11/29/2018,760,0,909.95,919.5,0,0,0.4109,0.9999,0,-15.2304,0,AMZN181221C00760000
AMZN,1673.57,*,AMZN181221P00760000,,put,12/21/2018,11/29/2018,760,0.03,0,0.05,5,0,0.4747,0,0,0,0,AMZN181221P00760000
AMZN,1673.57,*,AMZN181221C00780000,,call,12/21/2018,11/29/2018,780,0,889.8,899.5,0,0,0.4109,0.9999,0,-15.6997,0,AMZN181221C00780000
AMZN,1673.57,*,AMZN181221P00780000,,put,12/21/2018,11/29/2018,780,0,0,0.06,0,0,0.4747,0,0,0,0,AMZN181221P00780000
AMZN,1673.57,*,AMZN181221C00800000,,call,12/21/2018,11/29/2018,800,0,869.5,879.25,0,0,0.4109,0.9999,0,-16.1689,0,AMZN181221C00800000
AMZN,1673.57,*,AMZN181221P00800000,,put,12/21/2018,11/29/2018,800,0,0,0.07,0,0,0.4747,0,0,0,0,AMZN181221P00800000
AMZN,1673.57,*,AMZN181221C00820000,,call,12/21/2018,11/29/2018,820,0,849.85,859.5,0,0,0.4109,0.9999,0,-16.6381,0,AMZN181221C00820000
AMZN,1673.57,*,AMZN181221P00820000,,put,12/21/2018,11/29/2018,820,0,0,0.08,0,0,0.4747,0,0,0,0,AMZN181221P00820000
AMZN,1673.57,*,AMZN181221C00840000,,call,12/21/2018,11/29/2018,840,0,829.65,839.5,0,0,0.4109,0.9999,0,-17.1074,0,AMZN181221C00840000
AMZN,1673.57,*,AMZN181221P00840000,,put,12/21/2018,11/29/2018,840,0,0,0.09,0,0,0.4747,0,0,0,0,AMZN181221P00840000
AMZN,1673.57,*,AMZN181221C00860000,,call,12/21/2018,11/29/2018,860,0,810,819.85,0,0,0.4109,0.9999,0,-17.5766,0,AMZN181221C00860000
AMZN,1673.57,*,AMZN181221P00860000,,put,12/21/2018,11/29/2018,860,0,0,0.1,0,0,0.4747,0,0,0,0,AMZN181221P00860000
AMZN,1673.57,*,AMZN181221C00880000,,call,12/21/2018,11/29/2018,880,0,790.45,800,0,0,0.4109,0.9999,0,-18.0458,0,AMZN181221C00880000
AMZN,1673.57,*,AMZN181221P00880000,,put,12/21/2018,11/29/2018,880,0,0,0.38,0,0,0.4747,0,0,-0.0001,0,AMZN181221P00880000
AMZN,1673.57,*,AMZN181221C00900000,,call,12/21/2018,11/29/2018,900,759.65,770.1,780,0,6,0.4109,0.9999,0,-18.5151,0,AMZN181221C00900000
AMZN,1673.57,*,AMZN181221P00900000,,put,12/21/2018,11/29/2018,900,0.05,0.05,0.15,2,839,0.4747,0,0,-0.0002,0.0001,AMZN181221P00900000
AMZN,1673.57,*,AMZN181221C00920000,,call,12/21/2018,11/29/2018,920,842.57,750.35,760,0,4,0.4109,0.9999,0,-18.9843,0,AMZN181221C00920000
AMZN,1673.57,*,AMZN181221P00920000,,put,12/21/2018,11/29/2018,920,0.55,0,0.37,0,318,0.4747,0,0,-0.0006,0.0001,AMZN181221P00920000
AMZN,1673.57,*,AMZN181221C00940000,,call,12/21/2018,11/29/2018,940,796,730.15,740,0,2,0.4109,0.9999,0,-19.4536,0,AMZN181221C00940000
AMZN,1673.57,*,AMZN181221P00940000,,put,12/21/2018,11/29/2018,940,0.16,0.04,0.37,0,374,0.4747,0,0,-0.0015,0.0004,AMZN181221P00940000
AMZN,1673.57,*,AMZN181221C00960000,,call,12/21/2018,11/29/2018,960,776.1,710.45,720,0,1,0.4109,0.9999,0,-19.9228,0,AMZN181221C00960000
AMZN,1673.57,*,AMZN181221P00960000,,put,12/21/2018,11/29/2018,960,0.24,0,0.44,0,64,0.4747,0,0,-0.0038,0.0009,AMZN181221P00960000
AMZN,1673.57,*,AMZN181221C00965000,,call,12/21/2018,11/29/2018,965,774.8,705.35,715,0,2,0.4109,0.9999,0,-20.0402,0,AMZN181221C00965000
AMZN,1673.57,*,AMZN181221P00965000,,put,12/21/2018,11/29/2018,965,1.27,0,0.45,0,50,0.4747,0,0,-0.0047,0.0012,AMZN181221P00965000
AMZN,1673.57,*,AMZN181221C00970000,,call,12/21/2018,11/29/2018,970,690.05,700.4,710,0,5,0.4109,0.9999,0,-20.1575,0,AMZN181221C00970000
AMZN,1673.57,*,AMZN181221P00970000,,put,12/21/2018,11/29/2018,970,0.33,0,0.35,0,5,0.4747,0,0,-0.0059,0.0014,AMZN181221P00970000
AMZN,1673.57,*,AMZN181221C00975000,,call,12/21/2018,11/29/2018,975,0,695,704.7,0,0,0.4109,0.9999,0,-20.2749,0,AMZN181221C00975000
AMZN,1673.57,*,AMZN181221P00975000,,put,12/21/2018,11/29/2018,975,0.64,0,0.36,0,224,0.4747,0,0,-0.0073,0.0018,AMZN181221P00975000
AMZN,1673.57,*,AMZN181221C00980000,,call,12/21/2018,11/29/2018,980,0,690.45,700,0,0,0.4109,0.9999,0,-20.3922,0.0001,AMZN181221C00980000
AMZN,1673.57,*,AMZN181221P00980000,,put,12/21/2018,11/29/2018,980,0.21,0,0.37,0,16,0.4747,0,0,-0.009,0.0022,AMZN181221P00980000
AMZN,1673.57,*,AMZN181221C00985000,,call,12/21/2018,11/29/2018,985,0,685.4,695,0,0,0.4109,0.9999,0,-20.5096,0.0001,AMZN181221C00985000
AMZN,1673.57,*,AMZN181221P00985000,,put,12/21/2018,11/29/2018,985,1.25,0,0.37,0,9,0.4747,0,0,-0.0111,0.0027,AMZN181221P00985000
AMZN,1673.57,*,AMZN181221C00990000,,call,12/21/2018,11/29/2018,990,0,680.3,690,0,0,0.4109,0.9999,0,-20.627,0.0001,AMZN181221C00990000
AMZN,1673.57,*,AMZN181221P00990000,,put,12/21/2018,11/29/2018,990,0.82,0.09,0.39,0,14,0.4747,0,0,-0.0136,0.0034,AMZN181221P00990000
AMZN,1673.57,*,AMZN181221C00995000,,call,12/21/2018,11/29/2018,995,0,675.45,685,0,1,0.4109,0.9999,0,-20.7444,0.0001,AMZN181221C00995000
AMZN,1673.57,*,AMZN181221P00995000,,put,12/21/2018,11/29/2018,995,0.98,0,0.4,0,13,0.4747,0,0,-0.0166,0.0041,AMZN181221P00995000
AMZN,1673.57,*,AMZN181221C01000000,,call,12/21/2018,11/29/2018,1000,664.45,670.4,680,2,6,0.4109,0.9999,0,-20.8618,0.0002,AMZN181221C01000000
AMZN,1673.57,*,AMZN181221P01000000,,put,12/21/2018,11/29/2018,1000,0.2,0.12,0.25,5,410,0.4747,0,0,-0.0203,0.005,AMZN181221P01000000
AMZN,1673.57,*,AMZN181221C01010000,,call,12/21/2018,11/29/2018,1010,464.75,660.45,670,0,4,0.4109,0.9999,0,-21.0969,0.0003,AMZN181221C01010000
AMZN,1673.57,*,AMZN181221P01010000,,put,12/21/2018,11/29/2018,1010,0.2,0,0.43,0,25,0.4747,0,0,-0.03,0.0074,AMZN181221P01010000
AMZN,1673.57,*,AMZN181221C01020000,,call,12/21/2018,11/29/2018,1020,490.3,650.35,660,0,1,0.4109,0.9999,0,-21.3322,0.0005,AMZN181221C01020000
AMZN,1673.57,*,AMZN181221P01020000,,put,12/21/2018,11/29/2018,1020,0.26,0,0.45,0,33,0.4747,0,0,-0.0439,0.0109,AMZN181221P01020000
AMZN,1673.57,*,AMZN181221C01030000,,call,12/21/2018,11/29/2018,1030,444.05,640.7,650.5,0,0,0.4109,0.9999,0,-21.5678,0.0008,AMZN181221C01030000
AMZN,1673.57,*,AMZN181221P01030000,,put,12/21/2018,11/29/2018,1030,0.29,0,0.27,0,83,0.4747,0,0,-0.0635,0.0157,AMZN181221P01030000
AMZN,1673.57,*,AMZN181221C01040000,,call,12/21/2018,11/29/2018,1040,528.3,630.6,640.5,0,2,0.4109,0.9999,0,-21.8041,0.0012,AMZN181221C01040000
AMZN,1673.57,*,AMZN181221P01040000,,put,12/21/2018,11/29/2018,1040,0.25,0,0.3,0,87,0.4747,0,0,-0.0908,0.0225,AMZN181221P01040000
AMZN,1673.57,*,AMZN181221C01050000,,call,12/21/2018,11/29/2018,1050,475.55,620.6,630.45,0,3,0.4109,0.9999,0,-22.0413,0.002,AMZN181221C01050000
AMZN,1673.57,*,AMZN181221P01050000,,put,12/21/2018,11/29/2018,1050,0.25,0.2,0.32,0,77,0.4747,0,0,-0.1286,0.0318,AMZN181221P01050000
AMZN,1673.57,*,AMZN181221C01060000,,call,12/21/2018,11/29/2018,1060,450.35,610,619.8,0,4,0.4109,0.9999,0,-22.2798,0.0031,AMZN181221C01060000
AMZN,1673.57,*,AMZN181221P01060000,,put,12/21/2018,11/29/2018,1060,0.3,0.05,0.35,0,122,0.4747,0,0,-0.1803,0.0446,AMZN181221P01060000
AMZN,1673.57,*,AMZN181221C01070000,,call,12/21/2018,11/29/2018,1070,464.73,600.6,610.5,0,30,0.4109,0.9999,0,-22.5204,0.0048,AMZN181221C01070000
AMZN,1673.57,*,AMZN181221P01070000,,put,12/21/2018,11/29/2018,1070,0.36,0.08,0.53,2,26,0.4747,0,0,-0.2502,0.062,AMZN181221P01070000
AMZN,1673.57,*,AMZN181221C01080000,,call,12/21/2018,11/29/2018,1080,430.8,590.9,600.5,0,2,0.4109,0.9999,0,-22.7639,0.0073,AMZN181221C01080000
AMZN,1673.57,*,AMZN181221P01080000,,put,12/21/2018,11/29/2018,1080,0.4,0.09,0.55,0,46,0.4747,-0.0001,0,-0.3439,0.0852,AMZN181221P01080000
AMZN,1673.57,*,AMZN181221C01090000,,call,12/21/2018,11/29/2018,1090,421,580.95,590.5,0,4,0.4109,0.9999,0,-23.0115,0.0111,AMZN181221C01090000
AMZN,1673.57,*,AMZN181221P01090000,,put,12/21/2018,11/29/2018,1090,0.72,0.11,0.57,0,26,0.4747,-0.0001,0,-0.4683,0.116,AMZN181221P01090000
AMZN,1673.57,*,AMZN181221C01100000,,call,12/21/2018,11/29/2018,1100,565.79,570.75,580.5,6,12,0.4109,0.9999,0,-23.265,0.0165,AMZN181221C01100000
AMZN,1673.57,*,AMZN181221P01100000,,put,12/21/2018,11/29/2018,1100,0.45,0.3,0.4,6,231,0.4747,-0.0001,0,-0.6318,0.1565,AMZN181221P01100000
AMZN,1673.57,*,AMZN181221C01110000,,call,12/21/2018,11/29/2018,1110,401.55,560.8,570.5,0,16,0.4109,0.9999,0,-23.5268,0.0243,AMZN181221C01110000
AMZN,1673.57,*,AMZN181221P01110000,,put,12/21/2018,11/29/2018,1110,0.4,0.14,0.67,0,34,0.4747,-0.0001,0,-0.8448,0.2093,AMZN181221P01110000
AMZN,1673.57,*,AMZN181221C01120000,,call,12/21/2018,11/29/2018,1120,464.45,551,560.5,0,115,0.4109,0.9999,0,-23.8,0.0353,AMZN181221C01120000
AMZN,1673.57,*,AMZN181221P01120000,,put,12/21/2018,11/29/2018,1120,0.5,0.12,0.68,0,37,0.4747,-0.0002,0,-1.1198,0.2774,AMZN181221P01120000
AMZN,1673.57,*,AMZN181221C01130000,,call,12/21/2018,11/29/2018,1130,454.55,540.95,550.5,0,0,0.4109,0.9999,0,-24.0886,0.0508,AMZN181221C01130000
AMZN,1673.57,*,AMZN181221P01130000,,put,12/21/2018,11/29/2018,1130,0.5,0.16,0.69,4,50,0.4747,-0.0002,0,-1.4717,0.3647,AMZN181221P01130000
AMZN,1673.57,*,AMZN181221C01140000,,call,12/21/2018,11/29/2018,1140,373.8,531,540.9,0,2,0.4109,0.9999,0,-24.398,0.0722,AMZN181221C01140000
AMZN,1673.57,*,AMZN181221P01140000,,put,12/21/2018,11/29/2018,1140,0.51,0.19,0.72,12,83,0.4747,-0.0003,0,-1.9181,0.4753,AMZN181221P01140000
AMZN,1673.57,*,AMZN181221C01150000,,call,12/21/2018,11/29/2018,1150,434.7,520.5,530.25,0,1,0.4109,0.9998,0,-24.7352,0.1016,AMZN181221C01150000
AMZN,1673.57,*,AMZN181221P01150000,,put,12/21/2018,11/29/2018,1150,0.51,0.35,0.75,0,109,0.4747,-0.0004,0,-2.4797,0.6146,AMZN181221P01150000
AMZN,1673.57,*,AMZN181221C01160000,,call,12/21/2018,11/29/2018,1160,353.4,511.35,521,0,13,0.4109,0.9998,0,-25.1088,0.1414,AMZN181221C01160000
AMZN,1673.57,*,AMZN181221P01160000,,put,12/21/2018,11/29/2018,1160,0.61,0.23,0.78,0,39,0.4747,-0.0006,0,-3.1803,0.7883,AMZN181221P01160000
AMZN,1673.57,*,AMZN181221C01170000,,call,12/21/2018,11/29/2018,1170,293.75,501.25,511,0,3,0.4109,0.9998,0,-25.5299,0.1948,AMZN181221C01170000
AMZN,1673.57,*,AMZN181221P01170000,,put,12/21/2018,11/29/2018,1170,0.71,0.28,0.82,10,38,0.4747,-0.0007,0,-4.0473,1.0034,AMZN181221P01170000
AMZN,1673.57,*,AMZN181221C01180000,,call,12/21/2018,11/29/2018,1180,376.15,491.4,501,0,45,0.4109,0.9997,0,-26.0119,0.2657,AMZN181221C01180000
AMZN,1673.57,*,AMZN181221P01180000,,put,12/21/2018,11/29/2018,1180,0.57,0.32,0.85,12,191,0.4747,-0.0009,0,-5.1118,1.2674,AMZN181221P01180000
AMZN,1673.57,*,AMZN181221C01190000,,call,12/21/2018,11/29/2018,1190,402.4,481.4,491,0,4,0.4109,0.9997,0,-26.5715,0.3589,AMZN181221C01190000
AMZN,1673.57,*,AMZN181221P01190000,,put,12/21/2018,11/29/2018,1190,0.72,0.36,0.87,0,230,0.4747,-0.0012,0,-6.4087,1.5892,AMZN181221P01190000
AMZN,1673.57,*,AMZN181221C01200000,,call,12/21/2018,11/29/2018,1200,474,471.4,481,2,36,0.4109,0.9996,0,-27.2288,0.48,AMZN181221C01200000
AMZN,1673.57,*,AMZN181221P01200000,,put,12/21/2018,11/29/2018,1200,0.75,0.6,0.85,164,1091,0.4747,-0.0015,0,-7.9766,1.9783,AMZN181221P01200000
AMZN,1673.57,*,AMZN181221C01210000,,call,12/21/2018,11/29/2018,1210,488.34,461.4,471,0,20,0.4109,0.9995,0,-28.0076,0.6361,AMZN181221C01210000
AMZN,1673.57,*,AMZN181221P01210000,,put,12/21/2018,11/29/2018,1210,0.87,0.46,0.96,0,77,0.4747,-0.0019,0,-9.8581,2.4453,AMZN181221P01210000
AMZN,1673.57,*,AMZN181221C01220000,,call,12/21/2018,11/29/2018,1220,457.7,451.5,461.3,0,20,0.4109,0.9993,0,-28.9362,0.8351,AMZN181221C01220000
AMZN,1673.57,*,AMZN181221P01220000,,put,12/21/2018,11/29/2018,1220,0.67,0.48,0.99,0,116,0.4747,-0.0024,0,-12.0995,3.0018,AMZN181221P01220000
AMZN,1673.57,*,AMZN181221C01230000,,call,12/21/2018,11/29/2018,1230,332.65,441,449.7,0,12,0.4109,0.9991,0,-30.0476,1.0866,AMZN181221C01230000
AMZN,1673.57,*,AMZN181221P01230000,,put,12/21/2018,11/29/2018,1230,0.83,0.57,1.03,10,61,0.4747,-0.003,0,-14.7504,3.6601,AMZN181221P01230000
AMZN,1673.57,*,AMZN181221C01240000,,call,12/21/2018,11/29/2018,1240,280.05,431.25,439.75,0,42,0.4109,0.9989,0,-31.3796,1.4015,AMZN181221C01240000
AMZN,1673.57,*,AMZN181221P01240000,,put,12/21/2018,11/29/2018,1240,0.8,0.66,1.11,5,179,0.4747,-0.0037,0.0001,-17.8637,4.4334,AMZN181221P01240000
AMZN,1673.57,*,AMZN181221C01250000,,call,12/21/2018,11/29/2018,1250,420.25,421.7,429.85,1,3,0.4109,0.9986,0,-32.9752,1.7921,AMZN181221C01250000
AMZN,1673.57,*,AMZN181221P01250000,,put,12/21/2018,11/29/2018,1250,1.05,0.91,1.05,40,388,0.4747,-0.0045,0.0001,-21.4947,5.3355,AMZN181221P01250000
AMZN,1673.57,*,AMZN181221C01260000,,call,12/21/2018,11/29/2018,1260,265.62,411.15,419.9,0,33,0.4109,0.9982,0,-34.8828,2.2724,AMZN181221C01260000
AMZN,1673.57,*,AMZN181221P01260000,,put,12/21/2018,11/29/2018,1260,1.22,0.78,1.28,11,269,0.4747,-0.0055,0.0001,-25.7007,6.3807,AMZN181221P01260000
AMZN,1673.57,*,AMZN181221C01270000,,call,12/21/2018,11/29/2018,1270,400.9,401.9,410,1,4,0.4109,0.9977,0,-37.1559,2.8577,AMZN181221C01270000
AMZN,1673.57,*,AMZN181221P01270000,,put,12/21/2018,11/29/2018,1270,1.32,0.86,1.36,2,160,0.4747,-0.0067,0.0001,-30.5403,7.5836,AMZN181221P01270000
AMZN,1673.57,*,AMZN181221C01280000,,call,12/21/2018,11/29/2018,1280,354.65,394.15,402,0,23,0.4109,0.997,0.0001,-39.853,3.565,AMZN181221C01280000
AMZN,1673.57,*,AMZN181221P01280000,,put,12/21/2018,11/29/2018,1280,1.15,0.95,1.3,9,204,0.4747,-0.0081,0.0001,-36.0723,8.9591,AMZN181221P01280000
AMZN,1673.57,*,AMZN181221C01290000,,call,12/21/2018,11/29/2018,1290,243.7,381.5,390.2,0,5,0.4109,0.9963,0.0001,-43.0371,4.4125,AMZN181221C01290000
AMZN,1673.57,*,AMZN181221P01290000,,put,12/21/2018,11/29/2018,1290,1.26,1.03,1.54,14,94,0.4747,-0.0097,0.0001,-42.3549,10.5216,AMZN181221P01290000
AMZN,1673.57,*,AMZN181221C01300000,,call,12/21/2018,11/29/2018,1300,385,374.45,382.7,5,46,0.4109,0.9953,0.0001,-46.7752,5.4194,AMZN181221C01300000
AMZN,1673.57,*,AMZN181221P01300000,,put,12/21/2018,11/29/2018,1300,1.4,1.08,1.61,100,1702,0.4747,-0.0116,0.0002,-49.4444,12.2853,AMZN181221P01300000
AMZN,1673.57,*,AMZN181221C01310000,,call,12/21/2018,11/29/2018,1310,198.95,362.5,370.5,0,8,0.4109,0.9942,0.0001,-51.1374,6.606,AMZN181221C01310000
AMZN,1673.57,*,AMZN181221P01310000,,put,12/21/2018,11/29/2018,1310,1.4,1.18,1.71,7,283,0.4747,-0.0138,0.0002,-57.3941,14.2637,AMZN181221P01310000
AMZN,1673.57,*,AMZN181221C01320000,,call,12/21/2018,11/29/2018,1320,218.1,352.7,360.65,0,4,0.4109,0.9928,0.0001,-56.1955,7.9931,AMZN181221C01320000
AMZN,1673.57,*,AMZN181221P01320000,,put,12/21/2018,11/29/2018,1320,2.3,1.4,1.86,22,406,0.4747,-0.0163,0.0002,-66.2531,16.4691,AMZN181221P01320000
AMZN,1673.57,*,AMZN181221C01330000,,call,12/21/2018,11/29/2018,1330,164.2,344.85,351.2,0,5,0.4109,0.9912,0.0001,-62.0221,9.6019,AMZN181221C01330000
AMZN,1673.57,*,AMZN181221P01330000,,put,12/21/2018,11/29/2018,1330,1.64,1.45,2.03,14,277,0.4747,-0.0192,0.0002,-76.0651,18.9126,AMZN181221P01330000
AMZN,1673.57,*,AMZN181221C01340000,,call,12/21/2018,11/29/2018,1340,188.68,333.1,341,0,35,0.4109,0.9892,0.0002,-68.6889,11.4531,AMZN181221C01340000
AMZN,1673.57,*,AMZN181221P01340000,,put,12/21/2018,11/29/2018,1340,1.85,1.61,2.19,26,239,0.4747,-0.0225,0.0003,-86.8667,21.6036,AMZN181221P01340000
AMZN,1673.57,*,AMZN181221C01350000,,call,12/21/2018,11/29/2018,1350,337.75,322.5,331.2,2,49,0.4109,0.9869,0.0002,-76.2649,13.5667,AMZN181221C01350000
AMZN,1673.57,*,AMZN181221P01350000,,put,12/21/2018,11/29/2018,1350,2.06,1.81,2.36,123,498,0.4747,-0.0261,0.0003,-98.6865,24.5495,AMZN181221P01350000
AMZN,1673.57,*,AMZN181221C01355000,,call,12/21/2018,11/29/2018,1355,209,317.9,326.35,0,14,0.4109,0.9856,0.0002,-80.4142,14.7279,AMZN181221C01355000
AMZN,1673.57,*,AMZN181221P01355000,,put,12/21/2018,11/29/2018,1355,2.22,1.87,2.48,19,146,0.4747,-0.0282,0.0003,-104.9846,26.1196,AMZN181221P01355000
AMZN,1673.57,*,AMZN181221C01360000,,call,12/21/2018,11/29/2018,1360,191.6,313.05,321.45,0,27,0.4109,0.9842,0.0002,-84.8144,15.9617,AMZN181221C01360000
AMZN,1673.57,*,AMZN181221P01360000,,put,12/21/2018,11/29/2018,1360,2.31,2,2.56,10,231,0.4718,-0.0296,0.0004,-108.6241,27.1953,AMZN181221P01360000
AMZN,1673.57,*,AMZN181221C01365000,,call,12/21/2018,11/29/2018,1365,0,308.15,316.6,0,6,0.4109,0.9827,0.0003,-89.4727,17.2701,AMZN181221C01365000
AMZN,1673.57,*,AMZN181221P01365000,,put,12/21/2018,11/29/2018,1365,3.15,2.11,2.69,4,130,0.469,-0.0311,0.0004,-112.4658,28.3295,AMZN181221P01365000
AMZN,1673.57,*,AMZN181221C01370000,,call,12/21/2018,11/29/2018,1370,202,303.3,311.75,0,36,0.4109,0.981,0.0003,-94.3955,18.655,AMZN181221C01370000
AMZN,1673.57,*,AMZN181221P01370000,,put,12/21/2018,11/29/2018,1370,2.52,2.2,2.82,32,139,0.4658,-0.0325,0.0004,-115.9948,29.4239,AMZN181221P01370000
AMZN,1673.57,*,AMZN181221C01375000,,call,12/21/2018,11/29/2018,1375,182.31,298.85,306.9,0,10,0.4109,0.9793,0.0003,-99.5886,20.1182,AMZN181221C01375000
AMZN,1673.57,*,AMZN181221P01375000,,put,12/21/2018,11/29/2018,1375,2.76,2.36,2.98,44,193,0.464,-0.0344,0.0004,-121.1107,30.8455,AMZN181221P01375000
AMZN,1673.57,*,AMZN181221C01380000,,call,12/21/2018,11/29/2018,1380,208.8,293.95,302.05,0,29,0.4109,0.9774,0.0003,-105.0574,21.6612,AMZN181221C01380000
AMZN,1673.57,*,AMZN181221P01380000,,put,12/21/2018,11/29/2018,1380,2.74,2.47,3.1,31,1005,0.4606,-0.036,0.0004,-124.6305,31.9817,AMZN181221P01380000
AMZN,1673.57,*,AMZN181221C01385000,,call,12/21/2018,11/29/2018,1385,195.5,288.75,297.2,0,26,0.4109,0.9754,0.0003,-110.8062,23.2854,AMZN181221C01385000
AMZN,1673.57,*,AMZN181221P01385000,,put,12/21/2018,11/29/2018,1385,2.87,2.61,3.25,33,100,0.4579,-0.0378,0.0004,-129.0139,33.3073,AMZN181221P01385000
AMZN,1673.57,*,AMZN181221C01390000,,call,12/21/2018,11/29/2018,1390,165.95,284.5,294.35,0,19,0.4109,0.9732,0.0004,-116.8388,24.9918,AMZN181221C01390000
AMZN,1673.57,*,AMZN181221P01390000,,put,12/21/2018,11/29/2018,1390,4.4,2.82,3.45,28,282,0.4567,-0.0402,0.0005,-135.225,35.0082,AMZN181221P01390000
AMZN,1673.57,*,AMZN181221C01395000,,call,12/21/2018,11/29/2018,1395,186.8,279.75,289.5,0,15,0.4109,0.9709,0.0004,-123.1579,26.7815,AMZN181221C01395000
AMZN,1673.57,*,AMZN181221P01395000,,put,12/21/2018,11/29/2018,1395,3.6,2.94,3.65,17,165,0.4539,-0.0422,0.0005,-139.7557,36.4108,AMZN181221P01395000
AMZN,1673.57,*,AMZN181221C01400000,,call,12/21/2018,11/29/2018,1400,283.7,275,284.9,11,177,0.4109,0.9684,0.0004,-129.7656,28.6549,AMZN181221C01400000
AMZN,1673.57,*,AMZN181221P01400000,,put,12/21/2018,11/29/2018,1400,3.5,3.45,3.85,298,1625,0.4562,-0.046,0.0005,-150.5084,39.0203,AMZN181221P01400000
AMZN,1673.57,*,AMZN181221C01405000,,call,12/21/2018,11/29/2018,1405,165.66,270.2,280,0,19,0.4109,0.9658,0.0005,-136.6628,30.6125,AMZN181221C01405000
AMZN,1673.57,*,AMZN181221P01405000,,put,12/21/2018,11/29/2018,1405,3.68,3.35,4.1,11,1048,0.4505,-0.0472,0.0005,-151.8244,39.8677,AMZN181221P01405000
AMZN,1673.57,*,AMZN181221C01410000,,call,12/21/2018,11/29/2018,1410,275.25,265.25,275.25,1,47,0.4109,0.963,0.0005,-143.8494,32.6543,AMZN181221C01410000
AMZN,1673.57,*,AMZN181221P01410000,,put,12/21/2018,11/29/2018,1410,3.81,3.55,4.25,23,313,0.4475,-0.0495,0.0006,-156.488,41.3759,AMZN181221P01410000
AMZN,1673.57,*,AMZN181221C01415000,,call,12/21/2018,11/29/2018,1415,143.15,260.5,270.45,0,10,0.4109,0.96,0.0005,-151.3244,34.78,AMZN181221C01415000
AMZN,1673.57,*,AMZN181221P01415000,,put,12/21/2018,11/29/2018,1415,5.93,3.7,4.55,6,160,0.4453,-0.0521,0.0006,-162.2635,43.1232,AMZN181221P01415000
AMZN,1673.57,*,AMZN181221C01420000,,call,12/21/2018,11/29/2018,1420,246.62,255.85,265.5,0,27,0.4109,0.9569,0.0005,-159.0855,36.9892,AMZN181221C01420000
AMZN,1673.57,*,AMZN181221P01420000,,put,12/21/2018,11/29/2018,1420,4.3,4,4.85,20,446,0.4446,-0.0554,0.0006,-170.1085,45.2876,AMZN181221P01420000
AMZN,1673.57,*,AMZN181221C01425000,,call,12/21/2018,11/29/2018,1425,254.15,250.85,260.7,3,35,0.4109,0.9535,0.0006,-167.1293,39.2808,AMZN181221C01425000
AMZN,1673.57,*,AMZN181221P01425000,,put,12/21/2018,11/29/2018,1425,4.62,4.25,5.1,30,293,0.4424,-0.0583,0.0007,-176.1882,47.1491,AMZN181221P01425000
AMZN,1673.57,*,AMZN181221C01430000,,call,12/21/2018,11/29/2018,1430,191.29,246.35,256,0,27,0.4109,0.95,0.0006,-175.4513,41.6537,AMZN181221C01430000
AMZN,1673.57,*,AMZN181221P01430000,,put,12/21/2018,11/29/2018,1430,5.55,4.55,5.35,10,199,0.4405,-0.0615,0.0007,-182.8003,49.1396,AMZN181221P01430000
AMZN,1673.57,*,AMZN181221C01435000,,call,12/21/2018,11/29/2018,1435,240.1,241.5,251.5,0,18,0.4109,0.9463,0.0007,-184.0458,44.1063,AMZN181221C01435000
AMZN,1673.57,*,AMZN181221P01435000,,put,12/21/2018,11/29/2018,1435,5.07,4.85,5.7,65,241,0.4393,-0.0651,0.0007,-190.5049,51.3612,AMZN181221P01435000
AMZN,1673.57,*,AMZN181221C01440000,,call,12/21/2018,11/29/2018,1440,236.5,237,246.9,2,30,0.4109,0.9424,0.0007,-192.9059,46.6368,AMZN181221C01440000
AMZN,1673.57,*,AMZN181221P01440000,,put,12/21/2018,11/29/2018,1440,5.77,5.15,5.95,70,328,0.4367,-0.0683,0.0007,-196.4468,53.2904,AMZN181221P01440000
AMZN,1673.57,*,AMZN181221C01445000,,call,12/21/2018,11/29/2018,1445,222.28,232.3,242,0,21,0.4109,0.9382,0.0007,-202.0234,49.2428,AMZN181221C01445000
AMZN,1673.57,*,AMZN181221P01445000,,put,12/21/2018,11/29/2018,1445,5.55,5.45,6.3,27,419,0.4349,-0.0719,0.0008,-203.6132,55.4754,AMZN181221P01445000
AMZN,1673.57,*,AMZN181221C01450000,,call,12/21/2018,11/29/2018,1450,240,227.55,237.5,11,180,0.4109,0.9339,0.0008,-211.3888,51.9217,AMZN181221C01450000
AMZN,1673.57,*,AMZN181221P01450000,,put,12/21/2018,11/29/2018,1450,6.43,5.8,6.65,314,1215,0.4332,-0.0758,0.0008,-211.0547,57.7417,AMZN181221P01450000
AMZN,1673.57,*,AMZN181221C01455000,,call,12/21/2018,11/29/2018,1455,237.29,223.05,233,1,45,0.4109,0.9293,0.0008,-220.9915,54.6706,AMZN181221C01455000
AMZN,1673.57,*,AMZN181221P01455000,,put,12/21/2018,11/29/2018,1455,6.32,6.1,6.95,28,252,0.4303,-0.0793,0.0008,-216.9052,59.757,AMZN181221P01455000
AMZN,1673.57,*,AMZN181221C01460000,,call,12/21/2018,11/29/2018,1460,176,218.5,228,0,74,0.4109,0.9245,0.0009,-230.8197,57.4861,AMZN181221C01460000
AMZN,1673.57,*,AMZN181221P01460000,,put,12/21/2018,11/29/2018,1460,7.2,6.45,7.35,60,335,0.4284,-0.0834,0.0009,-224.2913,62.0811,AMZN181221P01460000
AMZN,1673.57,*,AMZN181221C01465000,,call,12/21/2018,11/29/2018,1465,169.2,214,223.5,0,42,0.4109,0.9195,0.0009,-240.8602,60.3646,AMZN181221C01465000
AMZN,1673.57,*,AMZN181221P01465000,,put,12/21/2018,11/29/2018,1465,6.8,6.9,7.85,11,218,0.4278,-0.0883,0.0009,-233.6993,64.7911,AMZN181221P01465000
AMZN,1673.57,*,AMZN181221C01470000,,call,12/21/2018,11/29/2018,1470,141.15,209.05,219,0,95,0.4109,0.9143,0.0009,-251.0988,63.302,AMZN181221C01470000
AMZN,1673.57,*,AMZN181221P01470000,,put,12/21/2018,11/29/2018,1470,8,7.2,8.3,36,387,0.4252,-0.0925,0.001,-240.2831,67.0416,AMZN181221P01470000
AMZN,1673.57,*,AMZN181221C01475000,,call,12/21/2018,11/29/2018,1475,221.39,204.5,214.3,2,36,0.4109,0.9088,0.001,-261.5201,66.2941,AMZN181221C01475000
AMZN,1673.57,*,AMZN181221P01475000,,put,12/21/2018,11/29/2018,1475,8.3,7.65,8.7,61,456,0.4232,-0.0971,0.001,-247.842,69.4961,AMZN181221P01475000
AMZN,1673.57,*,AMZN181221C01480000,,call,12/21/2018,11/29/2018,1480,206,202,210.5,0,59,0.4109,0.9031,0.001,-272.1074,69.336,AMZN181221C01480000
AMZN,1673.57,*,AMZN181221P01480000,,put,12/21/2018,11/29/2018,1480,8.6,8.2,9.15,51,336,0.4219,-0.1023,0.001,-256.5439,72.177,AMZN181221P01480000
AMZN,1673.57,*,AMZN181221C01485000,,call,12/21/2018,11/29/2018,1485,162,197.7,206,0,28,0.4109,0.8972,0.0011,-282.8432,72.4229,AMZN181221C01485000
AMZN,1673.57,*,AMZN181221P01485000,,put,12/21/2018,11/29/2018,1485,12.13,8.65,9.65,22,289,0.4199,-0.1073,0.0011,-264.2721,74.7266,AMZN181221P01485000
AMZN,1673.57,*,AMZN181221C01490000,,call,12/21/2018,11/29/2018,1490,192.91,191.05,200.5,6,38,0.4109,0.891,0.0011,-293.7088,75.5494,AMZN181221C01490000
AMZN,1673.57,*,AMZN181221P01490000,,put,12/21/2018,11/29/2018,1490,8.97,9.15,10.1,85,733,0.4176,-0.1124,0.0011,-271.6058,77.2464,AMZN181221P01490000
AMZN,1673.57,*,AMZN181221C01495000,,call,12/21/2018,11/29/2018,1495,191.89,187,196.5,2,34,0.4109,0.8845,0.0012,-304.6846,78.71,AMZN181221C01495000
AMZN,1673.57,*,AMZN181221P01495000,,put,12/21/2018,11/29/2018,1495,9.2,9.55,10.7,69,321,0.4153,-0.1176,0.0012,-278.9891,79.8102,AMZN181221P01495000
AMZN,1673.57,*,AMZN181221C01500000,,call,12/21/2018,11/29/2018,1500,196,182.3,192,30,647,0.4109,0.8779,0.0012,-315.75,81.8989,AMZN181221C01500000
AMZN,1673.57,*,AMZN181221P01500000,,put,12/21/2018,11/29/2018,1500,11,10.05,11.3,612,2408,0.4134,-0.1233,0.0012,-287.0318,82.514,AMZN181221P01500000
AMZN,1673.57,*,AMZN181221C01505000,,call,12/21/2018,11/29/2018,1505,191.85,177.9,186.4,6,104,0.4109,0.871,0.0013,-326.8836,85.1101,AMZN181221C01505000
AMZN,1673.57,*,AMZN181221P01505000,,put,12/21/2018,11/29/2018,1505,11.25,10.8,11.9,28,227,0.4126,-0.1298,0.0013,-296.8211,85.5196,AMZN181221P01505000
AMZN,1673.57,*,AMZN181221C01510000,,call,12/21/2018,11/29/2018,1510,190.68,173.7,181.9,4,137,0.4109,0.8638,0.0013,-338.0634,88.3371,AMZN181221C01510000
AMZN,1673.57,*,AMZN181221P01510000,,put,12/21/2018,11/29/2018,1510,11.76,11.4,12.6,70,303,0.4111,-0.1362,0.0013,-305.5492,88.3842,AMZN181221P01510000
AMZN,1673.57,*,AMZN181221C01515000,,call,12/21/2018,11/29/2018,1515,183.07,169.75,177.55,9,84,0.4109,0.8564,0.0014,-349.2666,91.5736,AMZN181221C01515000
AMZN,1673.57,*,AMZN181221P01515000,,put,12/21/2018,11/29/2018,1515,12.5,12.15,13.35,25,484,0.4104,-0.1432,0.0014,-315.5391,91.4589,AMZN181221P01515000
AMZN,1673.57,*,AMZN181221C01520000,,call,12/21/2018,11/29/2018,1520,178.67,164.95,173.45,17,133,0.4091,0.8497,0.0014,-357.6451,94.4117,AMZN181221C01520000
AMZN,1673.57,*,AMZN181221P01520000,,put,12/21/2018,11/29/2018,1520,13.34,12.8,14.1,41,422,0.4088,-0.15,0.0014,-324.113,94.3445,AMZN181221P01520000
AMZN,1673.57,*,AMZN181221C01525000,,call,12/21/2018,11/29/2018,1525,177.6,161.3,169.9,12,92,0.4109,0.8409,0.0015,-371.6489,98.0481,AMZN181221C01525000
AMZN,1673.57,*,AMZN181221P01525000,,put,12/21/2018,11/29/2018,1525,13.8,13.6,14.8,40,376,0.4074,-0.1572,0.0015,-332.9746,97.2916,AMZN181221P01525000
AMZN,1673.57,*,AMZN181221C01530000,,call,12/21/2018,11/29/2018,1530,164.1,157.1,164.55,11,186,0.4077,0.8345,0.0015,-377.7577,100.6073,AMZN181221C01530000
AMZN,1673.57,*,AMZN181221P01530000,,put,12/21/2018,11/29/2018,1530,14.15,14.45,15.65,79,327,0.4066,-0.1649,0.0015,-342.7347,100.376,AMZN181221P01530000
AMZN,1673.57,*,AMZN181221C01535000,,call,12/21/2018,11/29/2018,1535,164.26,152.9,162,3,115,0.4109,0.8244,0.0016,-393.8381,104.4788,AMZN181221C01535000
AMZN,1673.57,*,AMZN181221P01535000,,put,12/21/2018,11/29/2018,1535,15.3,15.25,16.45,28,196,0.4049,-0.1723,0.0016,-351.0188,103.2736,AMZN181221P01535000
AMZN,1673.57,*,AMZN181221C01540000,,call,12/21/2018,11/29/2018,1540,163.72,148.75,157.5,4,101,0.4103,0.8161,0.0016,-403.8609,107.5467,AMZN181221C01540000
AMZN,1673.57,*,AMZN181221P01540000,,put,12/21/2018,11/29/2018,1540,15.95,15.95,17.4,142,362,0.4031,-0.18,0.0016,-359.0652,106.1553,AMZN181221P01540000
AMZN,1673.57,*,AMZN181221C01545000,,call,12/21/2018,11/29/2018,1545,136.3,144.65,153.5,1,106,0.4096,0.8077,0.0016,-413.6113,110.5749,AMZN181221C01545000
AMZN,1673.57,*,AMZN181221P01545000,,put,12/21/2018,11/29/2018,1545,17.26,16.9,18.2,21,235,0.4014,-0.1879,0.0017,-367.1685,109.0558,AMZN181221P01545000
AMZN,1673.57,*,AMZN181221C01550000,,call,12/21/2018,11/29/2018,1550,150,141.5,149.2,29,1331,0.4109,0.798,0.0017,-426.3276,113.9192,AMZN181221C01550000
AMZN,1673.57,*,AMZN181221P01550000,,put,12/21/2018,11/29/2018,1550,18.16,17.95,19.3,220,1940,0.4012,-0.1969,0.0017,-377.4878,112.2205,AMZN181221P01550000
AMZN,1673.57,*,AMZN181221C01555000,,call,12/21/2018,11/29/2018,1555,128.06,137.4,145.35,1,99,0.4098,0.7893,0.0017,-435.1471,116.8055,AMZN181221C01555000
AMZN,1673.57,*,AMZN181221P01555000,,put,12/21/2018,11/29/2018,1555,18,18.75,20.3,30,167,0.3991,-0.2052,0.0018,-384.7028,115.0193,AMZN181221P01555000
AMZN,1673.57,*,AMZN181221C01560000,,call,12/21/2018,11/29/2018,1560,146.04,133.4,141.35,58,274,0.4079,0.7807,0.0018,-442.5572,119.5362,AMZN181221C01560000
AMZN,1673.57,*,AMZN181221P01560000,,put,12/21/2018,11/29/2018,1560,20.79,19.8,21.25,106,678,0.3975,-0.214,0.0018,-392.5336,117.8867,AMZN181221P01560000
AMZN,1673.57,*,AMZN181221C01565000,,call,12/21/2018,11/29/2018,1565,133.54,131.25,134.95,2,93,0.4044,0.7727,0.0018,-447.3309,122.0076,AMZN181221C01565000
AMZN,1673.57,*,AMZN181221P01565000,,put,12/21/2018,11/29/2018,1565,20.26,20.85,22.4,53,295,0.3963,-0.2232,0.0019,-400.7947,120.788,AMZN181221P01565000
AMZN,1673.57,*,AMZN181221C01570000,,call,12/21/2018,11/29/2018,1570,128,127.3,130.9,64,192,0.4017,0.764,0.0019,-453.1408,124.5836,AMZN181221C01570000
AMZN,1673.57,*,AMZN181221P01570000,,put,12/21/2018,11/29/2018,1570,22.36,21.8,23.45,55,294,0.394,-0.2321,0.0019,-407.1634,123.487,AMZN181221P01570000
AMZN,1673.57,*,AMZN181221C01575000,,call,12/21/2018,11/29/2018,1575,125.79,123.3,127.15,14,210,0.3997,0.7548,0.0019,-459.7971,127.2264,AMZN181221C01575000
AMZN,1673.57,*,AMZN181221P01575000,,put,12/21/2018,11/29/2018,1575,22.45,23.1,24.6,44,194,0.3931,-0.242,0.002,-415.4423,126.348,AMZN181221P01575000
AMZN,1673.57,*,AMZN181221C01580000,,call,12/21/2018,11/29/2018,1580,130.18,119.6,123.45,10,142,0.3987,0.7448,0.002,-467.7109,129.9476,AMZN181221C01580000
AMZN,1673.57,*,AMZN181221P01580000,,put,12/21/2018,11/29/2018,1580,23,24.15,25.85,85,482,0.3913,-0.2517,0.002,-422.1006,129.0327,AMZN181221P01580000
AMZN,1673.57,*,AMZN181221C01582500,,call,12/21/2018,11/29/2018,1582.5,128.27,117.45,121.55,1,40,0.3967,0.7404,0.002,-469.3135,131.1086,AMZN181221C01582500
AMZN,1673.57,*,AMZN181221P01582500,,put,12/21/2018,11/29/2018,1582.5,22.8,24.75,26.45,14,31,0.3904,-0.2567,0.002,-425.3305,130.3559,AMZN181221P01582500
AMZN,1673.57,*,AMZN181221C01585000,,call,12/21/2018,11/29/2018,1585,106,115.95,119.6,0,78,0.397,0.7349,0.002,-474.2919,132.5228,AMZN181221C01585000
AMZN,1673.57,*,AMZN181221P01585000,,put,12/21/2018,11/29/2018,1585,23.8,25.5,26.95,19,160,0.3897,-0.2618,0.0021,-428.7901,131.6884,AMZN181221P01585000
AMZN,1673.57,*,AMZN181221C01587500,,call,12/21/2018,11/29/2018,1587.5,107.05,114.1,117.8,6,37,0.3964,0.7297,0.0021,-477.845,133.8143,AMZN181221C01587500
AMZN,1673.57,*,AMZN181221P01587500,,put,12/21/2018,11/29/2018,1587.5,30.2,26.05,27.7,2,16,0.389,-0.2669,0.0021,-432.175,133.0041,AMZN181221P01587500
AMZN,1673.57,*,AMZN181221C01590000,,call,12/21/2018,11/29/2018,1590,118.69,112.4,115.7,14,131,0.3951,0.7248,0.0021,-480.2813,135.0154,AMZN181221C01590000
AMZN,1673.57,*,AMZN181221P01590000,,put,12/21/2018,11/29/2018,1590,24.9,26.9,28.35,40,577,0.389,-0.2724,0.0021,-436.5227,134.3769,AMZN181221P01590000
AMZN,1673.57,*,AMZN181221C01592500,,call,12/21/2018,11/29/2018,1592.5,114,110.4,114,1,30,0.3942,0.7197,0.0021,-483.2342,136.2425,AMZN181221C01592500
AMZN,1673.57,*,AMZN181221P01592500,,put,12/21/2018,11/29/2018,1592.5,25.95,27.45,29.2,4,13,0.3884,-0.2778,0.0021,-439.8938,135.6627,AMZN181221P01592500
AMZN,1673.57,*,AMZN181221C01595000,,call,12/21/2018,11/29/2018,1595,116.1,108.65,112.25,10,128,0.3938,0.7143,0.0021,-486.8417,137.4984,AMZN181221C01595000
AMZN,1673.57,*,AMZN181221P01595000,,put,12/21/2018,11/29/2018,1595,25.77,28.15,29.8,20,353,0.3875,-0.283,0.0022,-442.738,136.8986,AMZN181221P01595000
AMZN,1673.57,*,AMZN181221C01597500,,call,12/21/2018,11/29/2018,1597.5,105.94,106.9,110.6,3,14,0.3938,0.7087,0.0022,-490.9462,138.7661,AMZN181221C01597500
AMZN,1673.57,*,AMZN181221P01597500,,put,12/21/2018,11/29/2018,1597.5,27.2,28.75,30.5,9,14,0.3864,-0.2883,0.0022,-445.2045,138.0972,AMZN181221P01597500
AMZN,1673.57,*,AMZN181221C01600000,,call,12/21/2018,11/29/2018,1600,109.09,105.2,108.8,3076,2662,0.3932,0.7032,0.0022,-494.0779,139.9558,AMZN181221C01600000
AMZN,1673.57,*,AMZN181221P01600000,,put,12/21/2018,11/29/2018,1600,30.76,29.55,31.35,195,3048,0.3865,-0.294,0.0022,-449.3436,139.3834,AMZN181221P01600000
AMZN,1673.57,*,AMZN181221C01602500,,call,12/21/2018,11/29/2018,1602.5,114.1,103.3,106.75,2,33,0.391,0.6984,0.0022,-494.7887,140.9955,AMZN181221C01602500
AMZN,1673.57,*,AMZN181221P01602500,,put,12/21/2018,11/29/2018,1602.5,28.55,30.25,31.95,6,1,0.3853,-0.2993,0.0022,-451.4863,140.5314,AMZN181221P01602500
AMZN,1673.57,*,AMZN181221C01605000,,call,12/21/2018,11/29/2018,1605,110,101.65,105.05,45,106,0.3909,0.6926,0.0022,-498.4667,142.1827,AMZN181221C01605000
AMZN,1673.57,*,AMZN181221P01605000,,put,12/21/2018,11/29/2018,1605,30.93,30.9,32.8,50,292,0.3847,-0.305,0.0023,-454.4121,141.7076,AMZN181221P01605000
AMZN,1673.57,*,AMZN181221C01607500,,call,12/21/2018,11/29/2018,1607.5,109,100.15,103.35,8,49,0.3911,0.6868,0.0022,-502.4747,143.3612,AMZN181221C01607500
AMZN,1673.57,*,AMZN181221P01607500,,put,12/21/2018,11/29/2018,1607.5,30.35,31.7,33.7,4,10,0.3847,-0.3108,0.0023,-458.1083,142.9025,AMZN181221P01607500
AMZN,1673.57,*,AMZN181221C01610000,,call,12/21/2018,11/29/2018,1610,94.88,98.35,101.7,9,228,0.3904,0.6811,0.0023,-505.0789,144.4475,AMZN181221C01610000
AMZN,1673.57,*,AMZN181221P01610000,,put,12/21/2018,11/29/2018,1610,30.87,32.35,34.4,27,450,0.3833,-0.3163,0.0023,-459.6787,143.9689,AMZN181221P01610000
AMZN,1673.57,*,AMZN181221C01612500,,call,12/21/2018,11/29/2018,1612.5,92.85,96.7,99.9,1,32,0.3896,0.6755,0.0023,-507.4382,145.5018,AMZN181221C01612500
AMZN,1673.57,*,AMZN181221P01612500,,put,12/21/2018,11/29/2018,1612.5,32.3,33.25,35.1,2,32,0.3828,-0.3221,0.0023,-462.4474,145.0734,AMZN181221P01612500
AMZN,1673.57,*,AMZN181221C01615000,,call,12/21/2018,11/29/2018,1615,103.75,95,98.2,8,145,0.3888,0.6698,0.0023,-509.6945,146.5302,AMZN181221C01615000
AMZN,1673.57,*,AMZN181221P01615000,,put,12/21/2018,11/29/2018,1615,32.75,34.1,35.75,6,143,0.3818,-0.3278,0.0023,-464.3936,146.1186,AMZN181221P01615000
AMZN,1673.57,*,AMZN181221C01617500,,call,12/21/2018,11/29/2018,1617.5,89,93.3,96.5,0,33,0.388,0.6641,0.0023,-511.8453,147.5317,AMZN181221C01617500
AMZN,1673.57,*,AMZN181221P01617500,,put,12/21/2018,11/29/2018,1617.5,34.25,34.9,36.75,6,45,0.3817,-0.3338,0.0024,-467.5192,147.1885,AMZN181221P01617500
AMZN,1673.57,*,AMZN181221C01620000,,call,12/21/2018,11/29/2018,1620,96.65,91.75,94.65,15,347,0.3871,0.6583,0.0023,-513.7463,148.5006,AMZN181221C01620000
AMZN,1673.57,*,AMZN181221P01620000,,put,12/21/2018,11/29/2018,1620,36,35.65,37.65,53,555,0.381,-0.3397,0.0024,-469.6764,148.1931,AMZN181221P01620000
AMZN,1673.57,*,AMZN181221C01622500,,call,12/21/2018,11/29/2018,1622.5,99.8,90.15,93,2,25,0.3866,0.6524,0.0024,-516.1037,149.4597,AMZN181221C01622500
AMZN,1673.57,*,AMZN181221P01622500,,put,12/21/2018,11/29/2018,1622.5,35.1,36.45,38.5,5,27,0.3802,-0.3456,0.0024,-471.5798,149.1629,AMZN181221P01622500
AMZN,1673.57,*,AMZN181221C01625000,,call,12/21/2018,11/29/2018,1625,98.7,88.5,91.6,41,284,0.3866,0.6463,0.0024,-519.0506,150.4076,AMZN181221C01625000
AMZN,1673.57,*,AMZN181221P01625000,,put,12/21/2018,11/29/2018,1625,38.15,37.45,39.35,271,414,0.38,-0.3518,0.0024,-474.2166,150.1285,AMZN181221P01625000
AMZN,1673.57,*,AMZN181221C01627500,,call,12/21/2018,11/29/2018,1627.5,96.4,86.8,89.8,12,25,0.3851,0.6406,0.0024,-519.7678,151.2628,AMZN181221C01627500
AMZN,1673.57,*,AMZN181221P01627500,,put,12/21/2018,11/29/2018,1627.5,36.25,38.25,40.3,6,17,0.3794,-0.3578,0.0024,-476.1692,151.0426,AMZN181221P01627500
AMZN,1673.57,*,AMZN181221C01630000,,call,12/21/2018,11/29/2018,1630,93,85.3,88,26,281,0.3841,0.6346,0.0024,-521.0745,152.1088,AMZN181221C01630000
AMZN,1673.57,*,AMZN181221P01630000,,put,12/21/2018,11/29/2018,1630,40.4,39.15,40.7,81,375,0.3771,-0.3635,0.0025,-475.6172,151.862,AMZN181221P01630000
AMZN,1673.57,*,AMZN181221C01635000,,call,12/21/2018,11/29/2018,1635,88.86,82.15,84.95,13,168,0.3832,0.6224,0.0025,-524.8657,153.7378,AMZN181221C01635000
AMZN,1673.57,*,AMZN181221P01635000,,put,12/21/2018,11/29/2018,1635,40.1,41,43,26,114,0.3775,-0.3763,0.0025,-481.1601,153.5778,AMZN181221P01635000
AMZN,1673.57,*,AMZN181221C01640000,,call,12/21/2018,11/29/2018,1640,79.7,79.1,81.8,69,333,0.3822,0.61,0.0025,-528.0152,155.2206,AMZN181221C01640000
AMZN,1673.57,*,AMZN181221P01640000,,put,12/21/2018,11/29/2018,1640,40.2,42.95,45,42,328,0.3767,-0.3889,0.0025,-484.5092,155.1013,AMZN181221P01640000
AMZN,1673.57,*,AMZN181221C01645000,,call,12/21/2018,11/29/2018,1645,85.4,75.7,78.8,25,232,0.3792,0.5977,0.0025,-527.8873,156.5236,AMZN181221C01645000
AMZN,1673.57,*,AMZN181221P01645000,,put,12/21/2018,11/29/2018,1645,40.77,44.6,46.95,11,266,0.3745,-0.4014,0.0026,-485.4002,156.4472,AMZN181221P01645000
AMZN,1673.57,*,AMZN181221C01650000,,call,12/21/2018,11/29/2018,1650,79.33,72.95,75.85,241,1938,0.3791,0.5849,0.0025,-531.2422,157.7246,AMZN181221C01650000
AMZN,1673.57,*,AMZN181221P01650000,,put,12/21/2018,11/29/2018,1650,44.87,46.6,49,104,1928,0.3733,-0.4143,0.0026,-487.1454,157.6593,AMZN181221P01650000
AMZN,1673.57,*,AMZN181221C01655000,,call,12/21/2018,11/29/2018,1655,72.7,70.1,72.9,66,136,0.3779,0.5721,0.0026,-532.5396,158.7511,AMZN181221C01655000
AMZN,1673.57,*,AMZN181221P01655000,,put,12/21/2018,11/29/2018,1655,45.87,48.95,51.15,23,153,0.3731,-0.4274,0.0026,-489.7186,158.7171,AMZN181221P01655000
AMZN,1673.57,*,AMZN181221C01660000,,call,12/21/2018,11/29/2018,1660,67.7,67.3,70.15,150,359,0.3771,0.5592,0.0026,-533.8371,159.6172,AMZN181221C01660000
AMZN,1673.57,*,AMZN181221P01660000,,put,12/21/2018,11/29/2018,1660,50.2,50.9,53.3,177,436,0.3713,-0.4404,0.0026,-489.5371,159.5954,AMZN181221P01660000
AMZN,1673.57,*,AMZN181221C01665000,,call,12/21/2018,11/29/2018,1665,72.82,64.35,67,59,185,0.3741,0.5462,0.0026,-531.5615,160.3124,AMZN181221C01665000
AMZN,1673.57,*,AMZN181221P01665000,,put,12/21/2018,11/29/2018,1665,48.95,53.2,55.45,29,99,0.3702,-0.4536,0.0026,-489.752,160.3073,AMZN181221P01665000
AMZN,1673.57,*,AMZN181221C01670000,,call,12/21/2018,11/29/2018,1670,66,62.05,64.4,158,676,0.3745,0.533,0.0026,-533.3828,160.8425,AMZN181221C01670000
AMZN,1673.57,*,AMZN181221P01670000,,put,12/21/2018,11/29/2018,1670,57.5,55.25,57.8,141,251,0.3684,-0.4669,0.0027,-488.4349,160.844,AMZN181221P01670000
AMZN,1673.57,*,AMZN181221C01675000,,call,12/21/2018,11/29/2018,1675,59.55,59.45,61.7,1464,198,0.3733,0.5198,0.0026,-532.4418,161.1972,AMZN181221C01675000
AMZN,1673.57,*,AMZN181221P01675000,,put,12/21/2018,11/29/2018,1675,58,57.75,60.15,1419,265,0.3676,-0.4803,0.0027,-487.9117,161.2021,AMZN181221P01675000
AMZN,1673.57,*,AMZN181221C01680000,,call,12/21/2018,11/29/2018,1680,57.45,56.75,59.3,563,642,0.3723,0.5066,0.0026,-531.2039,161.3754,AMZN181221C01680000
AMZN,1673.57,*,AMZN181221P01680000,,put,12/21/2018,11/29/2018,1680,59.8,60.3,62.6,103,426,0.367,-0.4937,0.0027,-487.0852,161.3781,AMZN181221P01680000
AMZN,1673.57,*,AMZN181221C01685000,,call,12/21/2018,11/29/2018,1685,57.5,54.4,56.55,100,349,0.3708,0.4933,0.0027,-528.702,161.375,AMZN181221C01685000
AMZN,1673.57,*,AMZN181221P01685000,,put,12/21/2018,11/29/2018,1685,60.6,62.75,65,25,177,0.3655,-0.5073,0.0027,-484.4368,161.3706,AMZN181221P01685000
AMZN,1673.57,*,AMZN181221C01690000,,call,12/21/2018,11/29/2018,1690,55.5,51.8,54.3,158,488,0.3698,0.4799,0.0027,-526.3172,161.1943,AMZN181221C01690000
AMZN,1673.57,*,AMZN181221P01690000,,put,12/21/2018,11/29/2018,1690,62.1,65.2,67.95,44,541,0.3652,-0.5207,0.0027,-482.8708,161.1798,AMZN181221P01690000
AMZN,1673.57,*,AMZN181221C01695000,,call,12/21/2018,11/29/2018,1695,52.67,49.2,51.9,103,510,0.3678,0.4664,0.0027,-521.9644,160.8265,AMZN181221C01695000
AMZN,1673.57,*,AMZN181221P01695000,,put,12/21/2018,11/29/2018,1695,70,67.75,70.5,35,320,0.3636,-0.5343,0.0027,-478.9206,160.7991,AMZN181221P01695000
AMZN,1673.57,*,AMZN181221C01700000,,call,12/21/2018,11/29/2018,1700,47.7,47.1,49.5,4361,2223,0.367,0.4531,0.0027,-518.718,160.282,AMZN181221C01700000
AMZN,1673.57,*,AMZN181221P01700000,,put,12/21/2018,11/29/2018,1700,70,70.45,73.3,111,2184,0.3628,-0.5478,0.0027,-475.5146,160.2365,AMZN181221P01700000
AMZN,1673.57,*,AMZN181221C01705000,,call,12/21/2018,11/29/2018,1705,49,45,47.2,56,361,0.3661,0.4398,0.0027,-514.775,159.5567,AMZN181221C01705000
AMZN,1673.57,*,AMZN181221P01705000,,put,12/21/2018,11/29/2018,1705,77.29,73.35,75.9,17,155,0.3616,-0.5613,0.0027,-470.9797,159.484,AMZN181221P01705000
AMZN,1673.57,*,AMZN181221C01710000,,call,12/21/2018,11/29/2018,1710,44.8,42.85,44.95,79,499,0.3647,0.4263,0.0027,-509.5677,158.6414,AMZN181221C01710000
AMZN,1673.57,*,AMZN181221P01710000,,put,12/21/2018,11/29/2018,1710,71.9,76.2,78.75,54,535,0.3606,-0.5748,0.0027,-466.1704,158.5492,AMZN181221P01710000
AMZN,1673.57,*,AMZN181221C01715000,,call,12/21/2018,11/29/2018,1715,48.91,40.65,42.95,17,302,0.3637,0.4131,0.0026,-504.3883,157.5538,AMZN181221C01715000
AMZN,1673.57,*,AMZN181221P01715000,,put,12/21/2018,11/29/2018,1715,77.82,78.15,82.15,29,172,0.3581,-0.5887,0.0027,-458.6425,157.3861,AMZN181221P01715000
AMZN,1673.57,*,AMZN181221C01720000,,call,12/21/2018,11/29/2018,1720,42.5,39,40.75,196,803,0.3633,0.4001,0.0026,-499.5582,156.3121,AMZN181221C01720000
AMZN,1673.57,*,AMZN181221P01720000,,put,12/21/2018,11/29/2018,1720,82.2,81.8,84.9,51,335,0.3585,-0.6016,0.0027,-454.7816,156.1303,AMZN181221P01720000
AMZN,1673.57,*,AMZN181221C01725000,,call,12/21/2018,11/29/2018,1725,43,36.8,38.9,135,493,0.3618,0.3868,0.0026,-492.6073,154.8568,AMZN181221C01725000
AMZN,1673.57,*,AMZN181221P01725000,,put,12/21/2018,11/29/2018,1725,80,84.9,87.9,21,239,0.3575,-0.6149,0.0026,-448.374,154.6546,AMZN181221P01725000
AMZN,1673.57,*,AMZN181221C01730000,,call,12/21/2018,11/29/2018,1730,40.65,35,37,73,375,0.3611,0.3739,0.0026,-486.3382,153.2669,AMZN181221C01730000
AMZN,1673.57,*,AMZN181221P01730000,,put,12/21/2018,11/29/2018,1730,85.37,87.9,91.15,32,273,0.3566,-0.628,0.0026,-441.6142,153.0111,AMZN181221P01730000
AMZN,1673.57,*,AMZN181221C01735000,,call,12/21/2018,11/29/2018,1735,37,33,35.2,15,159,0.3596,0.3607,0.0026,-478.3883,151.4643,AMZN181221C01735000
AMZN,1673.57,*,AMZN181221P01735000,,put,12/21/2018,11/29/2018,1735,86.5,91.2,94.25,15,113,0.3558,-0.641,0.0026,-434.5256,151.2074,AMZN181221P01735000
AMZN,1673.57,*,AMZN181221C01740000,,call,12/21/2018,11/29/2018,1740,33.5,31.45,33.45,37,312,0.3594,0.3483,0.0025,-471.9502,149.5903,AMZN181221C01740000
AMZN,1673.57,*,AMZN181221P01740000,,put,12/21/2018,11/29/2018,1740,87.61,93.45,97.95,8,279,0.3529,-0.6548,0.0026,-423.7556,149.0743,AMZN181221P01740000
AMZN,1673.57,*,AMZN181221C01745000,,call,12/21/2018,11/29/2018,1745,34.2,29.9,31.75,36,379,0.3589,0.3359,0.0025,-464.636,147.5521,AMZN181221C01745000
AMZN,1673.57,*,AMZN181221P01745000,,put,12/21/2018,11/29/2018,1745,103.17,96.95,101.45,4,108,0.3533,-0.6669,0.0025,-417.6008,147.0434,AMZN181221P01745000
AMZN,1673.57,*,AMZN181221C01750000,,call,12/21/2018,11/29/2018,1750,32.5,28.3,30.3,510,1697,0.3587,0.3239,0.0025,-457.3928,145.4065,AMZN181221C01750000
AMZN,1673.57,*,AMZN181221P01750000,,put,12/21/2018,11/29/2018,1750,96.02,101.05,104.45,8,982,0.3535,-0.6789,0.0025,-410.7642,144.8724,AMZN181221P01750000
AMZN,1673.57,*,AMZN181221C01755000,,call,12/21/2018,11/29/2018,1755,31.22,26.95,28.5,31,234,0.3578,0.3116,0.0024,-448.6728,143.0582,AMZN181221C01755000
AMZN,1673.57,*,AMZN181221P01755000,,put,12/21/2018,11/29/2018,1755,98.3,104.6,108.05,2,164,0.3536,-0.6907,0.0025,-403.4183,142.574,AMZN181221P01755000
AMZN,1673.57,*,AMZN181221C01760000,,call,12/21/2018,11/29/2018,1760,26.63,25.55,27.15,90,288,0.3579,0.3002,0.0024,-441.1927,140.7023,AMZN181221C01760000
AMZN,1673.57,*,AMZN181221P01760000,,put,12/21/2018,11/29/2018,1760,107.3,108.1,111.75,2,162,0.3534,-0.7025,0.0024,-395.2602,140.1268,AMZN181221P01760000
AMZN,1673.57,*,AMZN181221C01765000,,call,12/21/2018,11/29/2018,1765,26.61,24.05,25.7,57,191,0.3569,0.2882,0.0024,-431.6195,138.0931,AMZN181221C01765000
AMZN,1673.57,*,AMZN181221P01765000,,put,12/21/2018,11/29/2018,1765,124.51,110.6,116.85,0,102,0.3541,-0.7134,0.0024,-388.2534,137.6989,AMZN181221P01765000
AMZN,1673.57,*,AMZN181221C01770000,,call,12/21/2018,11/29/2018,1770,24.44,22.65,24.4,55,394,0.3564,0.2768,0.0023,-422.5483,135.4386,AMZN181221C01770000
AMZN,1673.57,*,AMZN181221P01770000,,put,12/21/2018,11/29/2018,1770,109,112.5,121.75,3,324,0.3512,-0.7264,0.0023,-375.0587,134.6294,AMZN181221P01770000
AMZN,1673.57,*,AMZN181221C01775000,,call,12/21/2018,11/29/2018,1775,25.94,21.45,22.7,24,426,0.3548,0.2649,0.0023,-411.373,132.5004,AMZN181221C01775000
AMZN,1673.57,*,AMZN181221P01775000,,put,12/21/2018,11/29/2018,1775,117.85,115.95,125.45,0,307,0.3494,-0.7386,0.0023,-363.3358,131.5781,AMZN181221P01775000
AMZN,1673.57,*,AMZN181221C01780000,,call,12/21/2018,11/29/2018,1780,22.93,20.05,21.8,20,295,0.355,0.2544,0.0022,-402.9344,129.7652,AMZN181221C01780000
AMZN,1673.57,*,AMZN181221P01780000,,put,12/21/2018,11/29/2018,1780,130,120,128.3,9,312,0.3465,-0.7513,0.0023,-349.468,128.1861,AMZN181221P01780000
AMZN,1673.57,*,AMZN181221C01785000,,call,12/21/2018,11/29/2018,1785,22.9,18.9,20.65,41,346,0.3544,0.2437,0.0022,-392.9406,126.8099,AMZN181221C01785000
AMZN,1673.57,*,AMZN181221P01785000,,put,12/21/2018,11/29/2018,1785,117.47,124,132.6,70,313,0.3483,-0.7605,0.0022,-343.3059,125.6016,AMZN181221P01785000
AMZN,1673.57,*,AMZN181221C01790000,,call,12/21/2018,11/29/2018,1790,18.63,17.9,19,61,1768,0.3518,0.2317,0.0021,-379.3275,123.3588,AMZN181221C01790000
AMZN,1673.57,*,AMZN181221P01790000,,put,12/21/2018,11/29/2018,1790,121.2,127.5,136.5,73,357,0.346,-0.7724,0.0022,-329.9906,122.1141,AMZN181221P01790000
AMZN,1673.57,*,AMZN181221C01795000,,call,12/21/2018,11/29/2018,1795,20.45,17.1,18.4,30,255,0.3544,0.2237,0.0021,-374.4539,120.938,AMZN181221C01795000
AMZN,1673.57,*,AMZN181221P01795000,,put,12/21/2018,11/29/2018,1795,126.28,131.55,140.45,8,213,0.3458,-0.7824,0.0021,-320.0988,118.9976,AMZN181221P01795000
AMZN,1673.57,*,AMZN181221C01800000,,call,12/21/2018,11/29/2018,1800,16.5,16.2,16.95,651,3571,0.3527,0.2129,0.002,-362.0542,117.5338,AMZN181221C01800000
AMZN,1673.57,*,AMZN181221P01800000,,put,12/21/2018,11/29/2018,1800,132.04,135.55,144.45,11,932,0.3452,-0.7926,0.002,-309.3882,115.7348,AMZN181221P01800000
AMZN,1673.57,*,AMZN181221C01805000,,call,12/21/2018,11/29/2018,1805,17.65,15.1,15.9,89,204,0.3513,0.2025,0.002,-350.0361,114.1212,AMZN181221C01805000
AMZN,1673.57,*,AMZN181221P01805000,,put,12/21/2018,11/29/2018,1805,135.96,139.5,149,3,64,0.3462,-0.8012,0.002,-301.3734,112.8347,AMZN181221P01805000
AMZN,1673.57,*,AMZN181221C01810000,,call,12/21/2018,11/29/2018,1810,16.41,14.2,15,54,589,0.3511,0.1933,0.0019,-340.0202,110.9571,AMZN181221C01810000
AMZN,1673.57,*,AMZN181221P01810000,,put,12/21/2018,11/29/2018,1810,151.97,144,152.65,4,259,0.3458,-0.8106,0.0019,-290.8466,109.5557,AMZN181221P01810000
AMZN,1673.57,*,AMZN181221C01815000,,call,12/21/2018,11/29/2018,1815,16.9,13.25,14.8,23,165,0.3535,0.1863,0.0019,-334.5273,108.468,AMZN181221C01815000
AMZN,1673.57,*,AMZN181221P01815000,,put,12/21/2018,11/29/2018,1815,159.35,148,157.35,2,54,0.3469,-0.8185,0.0019,-282.9151,106.6683,AMZN181221P01815000
AMZN,1673.57,*,AMZN181221C01820000,,call,12/21/2018,11/29/2018,1820,14.05,12.4,13.3,55,461,0.3499,0.1751,0.0018,-318.4292,104.334,AMZN181221C01820000
AMZN,1673.57,*,AMZN181221P01820000,,put,12/21/2018,11/29/2018,1820,150.72,152.15,161,14,187,0.3438,-0.8294,0.0018,-267.5472,102.5718,AMZN181221P01820000
AMZN,1673.57,*,AMZN181221C01825000,,call,12/21/2018,11/29/2018,1825,14.35,11.65,12.45,60,405,0.3495,0.1666,0.0018,-307.9579,101.0497,AMZN181221C01825000
AMZN,1673.57,*,AMZN181221P01825000,,put,12/21/2018,11/29/2018,1825,159.3,156.6,165.25,1,82,0.3445,-0.8371,0.0018,-258.8907,99.5565,AMZN181221P01825000
AMZN,1673.57,*,AMZN181221C01830000,,call,12/21/2018,11/29/2018,1830,11.96,10.95,11.7,74,314,0.3494,0.1585,0.0017,-298.0313,97.8506,AMZN181221C01830000
AMZN,1673.57,*,AMZN181221P01830000,,put,12/21/2018,11/29/2018,1830,158.15,160.5,169.55,8,203,0.3417,-0.8472,0.0017,-244.0661,95.46,AMZN181221P01830000
AMZN,1673.57,*,AMZN181221C01835000,,call,12/21/2018,11/29/2018,1835,10.69,10.2,11,9,217,0.3489,0.1505,0.0017,-287.432,94.5332,AMZN181221C01835000
AMZN,1673.57,*,AMZN181221P01835000,,put,12/21/2018,11/29/2018,1835,182.42,165,174.5,1,96,0.3452,-0.8522,0.0017,-240.4347,93.3618,AMZN181221P01835000
AMZN,1673.57,*,AMZN181221C01840000,,call,12/21/2018,11/29/2018,1840,10.04,9.7,10.35,41,240,0.3496,0.1436,0.0016,-279.0103,91.608,AMZN181221C01840000
AMZN,1673.57,*,AMZN181221P01840000,,put,12/21/2018,11/29/2018,1840,166.35,169.5,178.9,10,220,0.3459,-0.8591,0.0016,-231.9071,90.4114,AMZN181221P01840000
AMZN,1673.57,*,AMZN181221C01845000,,call,12/21/2018,11/29/2018,1845,9.43,9.1,9.75,16,242,0.3498,0.1366,0.0015,-269.7742,88.5504,AMZN181221C01845000
AMZN,1673.57,*,AMZN181221P01845000,,put,12/21/2018,11/29/2018,1845,176.94,174,183.4,7,74,0.3466,-0.8657,0.0015,-223.4526,87.4945,AMZN181221P01845000
AMZN,1673.57,*,AMZN181221C01850000,,call,12/21/2018,11/29/2018,1850,8.85,8.45,9,211,1333,0.3484,0.1287,0.0015,-257.817,84.9862,AMZN181221C01850000
AMZN,1673.57,*,AMZN181221P01850000,,put,12/21/2018,11/29/2018,1850,179.29,178,187.75,10,354,0.3421,-0.8759,0.0015,-205.9849,82.837,AMZN181221P01850000
AMZN,1673.57,*,AMZN181221C01855000,,call,12/21/2018,11/29/2018,1855,8.25,7.9,8.6,55,308,0.3493,0.1227,0.0014,-250.0043,82.2222,AMZN181221C01855000
AMZN,1673.57,*,AMZN181221P01855000,,put,12/21/2018,11/29/2018,1855,187.8,182.5,192.05,22,60,0.3407,-0.8835,0.0014,-194.1183,79.2365,AMZN181221P01855000
AMZN,1673.57,*,AMZN181221C01860000,,call,12/21/2018,11/29/2018,1860,7.81,7.4,8.6,33,240,0.3526,0.1187,0.0014,-246.4663,80.3265,AMZN181221C01860000
AMZN,1673.57,*,AMZN181221P01860000,,put,12/21/2018,11/29/2018,1860,183.28,187,196.05,3,234,0.3371,-0.8923,0.0014,-178.6515,74.8669,AMZN181221P01860000
AMZN,1673.57,*,AMZN181221C01865000,,call,12/21/2018,11/29/2018,1865,8.15,6.95,7.95,37,145,0.352,0.1122,0.0013,-236.2521,77.1471,AMZN181221C01865000
AMZN,1673.57,*,AMZN181221P01865000,,put,12/21/2018,11/29/2018,1865,196.79,191.85,200.7,21,81,0.3399,-0.8963,0.0013,-174.3376,72.8551,AMZN181221P01865000
AMZN,1673.57,*,AMZN181221C01870000,,call,12/21/2018,11/29/2018,1870,7.7,6.55,7.2,10,223,0.3508,0.1054,0.0013,-225.1699,73.796,AMZN181221C01870000
AMZN,1673.57,*,AMZN181221P01870000,,put,12/21/2018,11/29/2018,1870,196.49,196,205.95,1,414,0.3376,-0.9037,0.0012,-161.5105,69.0394,AMZN181221P01870000
AMZN,1673.57,*,AMZN181221C01875000,,call,12/21/2018,11/29/2018,1875,7.3,6.05,7.1,40,309,0.3528,0.1012,0.0012,-219.7065,71.617,AMZN181221C01875000
AMZN,1673.57,*,AMZN181221P01875000,,put,12/21/2018,11/29/2018,1875,266.35,200.7,210.05,0,292,0.3346,-0.9112,0.0012,-147.8085,65.0041,AMZN181221P01875000
AMZN,1673.57,*,AMZN181221C01880000,,call,12/21/2018,11/29/2018,1880,6,5.9,6.6,43,378,0.3539,0.0965,0.0012,-212.8323,69.1779,AMZN181221C01880000
AMZN,1673.57,*,AMZN181221P01880000,,put,12/21/2018,11/29/2018,1880,205.63,205.5,214.95,2,609,0.3369,-0.9148,0.0011,-143.0882,63.0076,AMZN181221P01880000
AMZN,1673.57,*,AMZN181221C01885000,,call,12/21/2018,11/29/2018,1885,6.9,5.35,6,13,140,0.3509,0.0893,0.0011,-199.2783,65.3371,AMZN181221C01885000
AMZN,1673.57,*,AMZN181221P01885000,,put,12/21/2018,11/29/2018,1885,209,210.5,220.15,2,242,0.344,-0.9151,0.0011,-146.2945,62.8409,AMZN181221P01885000
AMZN,1673.57,*,AMZN181221C01890000,,call,12/21/2018,11/29/2018,1890,6.1,5.1,6.05,62,549,0.355,0.087,0.0011,-197.6762,64.0819,AMZN181221C01890000
AMZN,1673.57,*,AMZN181221P01890000,,put,12/21/2018,11/29/2018,1890,212.5,215,224.85,2,363,0.3392,-0.923,0.0011,-130.3024,58.3545,AMZN181221P01890000
AMZN,1673.57,*,AMZN181221C01895000,,call,12/21/2018,11/29/2018,1895,6.13,4.8,5.75,12,109,0.356,0.0829,0.0011,-191.0729,61.7813,AMZN181221C01895000
AMZN,1673.57,*,AMZN181221P01895000,,put,12/21/2018,11/29/2018,1895,218.89,219.6,229.5,1,188,0.3333,-0.9313,0.001,-113.1491,53.5132,AMZN181221P01895000
AMZN,1673.57,*,AMZN181221C01900000,,call,12/21/2018,11/29/2018,1900,4.85,4.5,5,168,2124,0.353,0.0765,0.001,-178.2122,58.1217,AMZN181221C01900000
AMZN,1673.57,*,AMZN181221P01900000,,put,12/21/2018,11/29/2018,1900,226.03,224.5,234.15,8,1098,0.3338,-0.9352,0.0009,-106.3271,51.1334,AMZN181221P01900000
AMZN,1673.57,*,AMZN181221C01905000,,call,12/21/2018,11/29/2018,1905,4.85,4.25,5.05,6,194,0.3567,0.0744,0.001,-176.2559,56.9021,AMZN181221C01905000
AMZN,1673.57,*,AMZN181221P01905000,,put,12/21/2018,11/29/2018,1905,229.84,229,238.95,1,98,0.3059,-0.9551,0.0008,-59.5646,38.2381,AMZN181221P01905000
AMZN,1673.57,*,AMZN181221C01910000,,call,12/21/2018,11/29/2018,1910,4.41,4,4.8,13,491,0.3577,0.0708,0.0009,-170.1359,54.7842,AMZN181221C01910000
AMZN,1673.57,*,AMZN181221P01910000,,put,12/21/2018,11/29/2018,1910,299,234,243.75,0,242,0.3059,-0.9583,0.0007,-53.4315,35.9833,AMZN181221P01910000
AMZN,1673.57,*,AMZN181221C01915000,,call,12/21/2018,11/29/2018,1915,4.51,3.75,4.6,8,130,0.3589,0.0675,0.0009,-164.4799,52.7968,AMZN181221C01915000
AMZN,1673.57,*,AMZN181221P01915000,,put,12/21/2018,11/29/2018,1915,235,238.65,248.5,5,332,0.3059,-0.9614,0.0007,-47.5567,33.8244,AMZN181221P01915000
AMZN,1673.57,*,AMZN181221C01920000,,call,12/21/2018,11/29/2018,1920,4.2,3.5,4.35,10,371,0.3594,0.0639,0.0009,-157.9107,50.6272,AMZN181221C01920000
AMZN,1673.57,*,AMZN181221P01920000,,put,12/21/2018,11/29/2018,1920,245.03,243.5,253.3,12,263,0.3059,-0.9642,0.0006,-41.9375,31.7606,AMZN181221P01920000
AMZN,1673.57,*,AMZN181221C01925000,,call,12/21/2018,11/29/2018,1925,4.22,3.3,4.05,20,195,0.3597,0.0604,0.0008,-151.2261,48.4525,AMZN181221C01925000
AMZN,1673.57,*,AMZN181221P01925000,,put,12/21/2018,11/29/2018,1925,269.5,248.2,258,0,170,0.3059,-0.9669,0.0006,-36.5705,29.7907,AMZN181221P01925000
AMZN,1673.57,*,AMZN181221C01930000,,call,12/21/2018,11/29/2018,1930,3.7,3.1,3.9,9,196,0.3612,0.0577,0.0008,-146.4894,46.749,AMZN181221C01930000
AMZN,1673.57,*,AMZN181221P01930000,,put,12/21/2018,11/29/2018,1930,244.68,253.05,262.95,4,61,0.3059,-0.9694,0.0006,-31.4513,27.9132,AMZN181221P01930000
AMZN,1673.57,*,AMZN181221C01935000,,call,12/21/2018,11/29/2018,1935,3.6,2.92,3.65,31,1059,0.3617,0.0546,0.0008,-140.4464,44.7664,AMZN181221C01935000
AMZN,1673.57,*,AMZN181221P01935000,,put,12/21/2018,11/29/2018,1935,326.2,258,267.75,0,65,0.3059,-0.9717,0.0005,-26.5754,26.1264,AMZN181221P01935000
AMZN,1673.57,*,AMZN181221C01940000,,call,12/21/2018,11/29/2018,1940,3.95,2.73,3.5,17,1478,0.3628,0.052,0.0007,-135.4321,43.045,AMZN181221C01940000
AMZN,1673.57,*,AMZN181221P01940000,,put,12/21/2018,11/29/2018,1940,260.35,262.9,272.85,1,89,0.3059,-0.9739,0.0005,-21.9371,24.4284,AMZN181221P01940000
AMZN,1673.57,*,AMZN181221C01945000,,call,12/21/2018,11/29/2018,1945,3.7,2.55,3.3,3,107,0.3633,0.0492,0.0007,-129.7365,41.1848,AMZN181221C01945000
AMZN,1673.57,*,AMZN181221P01945000,,put,12/21/2018,11/29/2018,1945,276.25,267.5,277.45,29,111,0.3059,-0.976,0.0005,-17.5308,22.817,AMZN181221P01945000
AMZN,1673.57,*,AMZN181221C01950000,,call,12/21/2018,11/29/2018,1950,3,2.37,2.82,31,781,0.3602,0.0448,0.0006,-119.3843,38.2292,AMZN181221C01950000
AMZN,1673.57,*,AMZN181221P01950000,,put,12/21/2018,11/29/2018,1950,344.25,272.5,282.25,0,101,0.3059,-0.9778,0.0004,-13.35,21.2899,AMZN181221P01950000
AMZN,1673.57,*,AMZN181221C01955000,,call,12/21/2018,11/29/2018,1955,2.83,2.22,2.96,2,344,0.3647,0.0442,0.0006,-119.4163,37.7755,AMZN181221C01955000
AMZN,1673.57,*,AMZN181221P01955000,,put,12/21/2018,11/29/2018,1955,287.39,277.5,287.25,1,67,0.3059,-0.9796,0.0004,-9.3883,19.8446,AMZN181221P01955000
AMZN,1673.57,*,AMZN181221C01960000,,call,12/21/2018,11/29/2018,1960,3.1,2.09,2.84,3,393,0.3661,0.0421,0.0006,-115.4156,36.3763,AMZN181221C01960000
AMZN,1673.57,*,AMZN181221P01960000,,put,12/21/2018,11/29/2018,1960,292.81,282.15,292.1,1,110,0.3059,-0.9812,0.0004,-5.6385,18.4788,AMZN181221P01960000
AMZN,1673.57,*,AMZN181221C01965000,,call,12/21/2018,11/29/2018,1965,2.69,1.98,2.71,0,122,0.3676,0.0403,0.0006,-111.6687,35.0574,AMZN181221C01965000
AMZN,1673.57,*,AMZN181221P01965000,,put,12/21/2018,11/29/2018,1965,296.6,287.15,297,12,241,0.3059,-0.9828,0.0003,-2.0936,17.1896,AMZN181221P01965000
AMZN,1673.57,*,AMZN181221C01970000,,call,12/21/2018,11/29/2018,1970,2.5,1.88,2.58,1,194,0.369,0.0384,0.0006,-107.9151,33.7557,AMZN181221C01970000
AMZN,1673.57,*,AMZN181221P01970000,,put,12/21/2018,11/29/2018,1970,297.52,292.05,302,2,325,0.3059,-0.9842,0.0003,1.2538,15.9744,AMZN181221P01970000
AMZN,1673.57,*,AMZN181221C01975000,,call,12/21/2018,11/29/2018,1975,2.19,1.78,2.43,2,212,0.37,0.0365,0.0005,-103.7917,32.383,AMZN181221C01975000
AMZN,1673.57,*,AMZN181221P01975000,,put,12/21/2018,11/29/2018,1975,294.7,297,306.65,20,20,0.3059,-0.9855,0.0003,4.4112,14.8304,AMZN181221P01975000
AMZN,1673.57,*,AMZN181221C01980000,,call,12/21/2018,11/29/2018,1980,1.89,1.66,2.34,18,259,0.3707,0.0346,0.0005,-99.4478,30.9735,AMZN181221C01980000
AMZN,1673.57,*,AMZN181221P01980000,,put,12/21/2018,11/29/2018,1980,299.65,301.7,311.5,35,34,0.3059,-0.9867,0.0003,7.3862,13.7549,AMZN181221P01980000
AMZN,1673.57,*,AMZN181221C01985000,,call,12/21/2018,11/29/2018,1985,2.23,1.54,2.22,1,634,0.3713,0.0327,0.0005,-95.1397,29.5879,AMZN181221C01985000
AMZN,1673.57,*,AMZN181221P01985000,,put,12/21/2018,11/29/2018,1985,304.55,307,316.75,20,21,0.3059,-0.9878,0.0003,10.1863,12.7449,AMZN181221P01985000
AMZN,1673.57,*,AMZN181221C01990000,,call,12/21/2018,11/29/2018,1990,1.82,1.44,2.07,2,311,0.3715,0.0308,0.0005,-90.5327,28.1437,AMZN181221C01990000
AMZN,1673.57,*,AMZN181221P01990000,,put,12/21/2018,11/29/2018,1990,309.45,312,321.65,177,166,0.3059,-0.9888,0.0002,12.8192,11.7976,AMZN181221P01990000
AMZN,1673.57,*,AMZN181221C01995000,,call,12/21/2018,11/29/2018,1995,1.85,1.31,1.59,7,199,0.3646,0.0265,0.0004,-78.4369,24.8464,AMZN181221C01995000
AMZN,1673.57,*,AMZN181221P01995000,,put,12/21/2018,11/29/2018,1995,464.65,316.6,326.5,0,3,0.3059,-0.9898,0.0002,15.2924,10.9103,AMZN181221P01995000
AMZN,1673.57,*,AMZN181221C02000000,,call,12/21/2018,11/29/2018,2000,1.73,1.45,1.68,114,2049,0.3646,0.0248,0.0004,-74.2049,23.5088,AMZN181221C02000000
AMZN,1673.57,*,AMZN181221P02000000,,put,12/21/2018,11/29/2018,2000,319.35,321.5,331.5,120,17,0.3059,-0.9907,0.0002,17.6135,10.0801,AMZN181221P02000000
AMZN,1673.57,*,AMZN181221C02005000,,call,12/21/2018,11/29/2018,2005,1.8,1.18,1.74,4,192,0.3646,0.0232,0.0004,-70.1548,22.2284,AMZN181221C02005000
AMZN,1673.57,*,AMZN181221P02005000,,put,12/21/2018,11/29/2018,2005,503.2,326.75,336.5,0,0,0.3059,-0.9915,0.0002,19.7898,9.3043,AMZN181221P02005000
AMZN,1673.57,*,AMZN181221C02010000,,call,12/21/2018,11/29/2018,2010,1.54,1.1,1.52,4,407,0.3646,0.0217,0.0004,-66.2822,21.0039,AMZN181221C02010000
AMZN,1673.57,*,AMZN181221P02010000,,put,12/21/2018,11/29/2018,2010,508.2,331.6,341.5,0,0,0.3059,-0.9922,0.0002,21.8285,8.5802,AMZN181221P02010000
AMZN,1673.57,*,AMZN181221C02015000,,call,12/21/2018,11/29/2018,2015,1.5,1.02,1.45,0,177,0.3646,0.0203,0.0003,-62.5825,19.8338,AMZN181221C02015000
AMZN,1673.57,*,AMZN181221P02015000,,put,12/21/2018,11/29/2018,2015,446.5,336.5,346.15,0,0,0.3059,-0.9929,0.0002,23.7369,7.9051,AMZN181221P02015000
AMZN,1673.57,*,AMZN181221C02020000,,call,12/21/2018,11/29/2018,2020,1.58,0.95,1.39,11,316,0.3646,0.019,0.0003,-59.0511,18.7168,AMZN181221C02020000
AMZN,1673.57,*,AMZN181221P02020000,,put,12/21/2018,11/29/2018,2020,435.95,341.5,351.3,0,5,0.3059,-0.9935,0.0001,25.5219,7.2764,AMZN181221P02020000
AMZN,1673.57,*,AMZN181221C02025000,,call,12/21/2018,11/29/2018,2025,1.53,0.89,1.33,26,285,0.3646,0.0177,0.0003,-55.6832,17.6513,AMZN181221C02025000
AMZN,1673.57,*,AMZN181221P02025000,,put,12/21/2018,11/29/2018,2025,388.78,346.7,356.5,0,8,0.3059,-0.9941,0.0001,27.1902,6.6916,AMZN181221P02025000
AMZN,1673.57,*,AMZN181221C02030000,,call,12/21/2018,11/29/2018,2030,1.35,0.82,1.4,0,228,0.3646,0.0165,0.0003,-52.4739,16.6358,AMZN181221C02030000
AMZN,1673.57,*,AMZN181221P02030000,,put,12/21/2018,11/29/2018,2030,363.15,351.25,361.25,0,20,0.3059,-0.9946,0.0001,28.7484,6.1482,AMZN181221P02030000
AMZN,1673.57,*,AMZN181221C02035000,,call,12/21/2018,11/29/2018,2035,1.15,0.8,1.32,1,519,0.3646,0.0154,0.0003,-49.4184,15.6688,AMZN181221C02035000
AMZN,1673.57,*,AMZN181221P02035000,,put,12/21/2018,11/29/2018,2035,493.76,356.25,366.25,0,0,0.3059,-0.9951,0.0001,30.2028,5.6439,AMZN181221P02035000
AMZN,1673.57,*,AMZN181221C02040000,,call,12/21/2018,11/29/2018,2040,1.07,0.74,1.29,1,374,0.3646,0.0143,0.0002,-46.5116,14.7487,AMZN181221C02040000
AMZN,1673.57,*,AMZN181221P02040000,,put,12/21/2018,11/29/2018,2040,514.9,361.5,371.45,0,1,0.3059,-0.9956,0.0001,31.5596,5.1763,AMZN181221P02040000
AMZN,1673.57,*,AMZN181221C02045000,,call,12/21/2018,11/29/2018,2045,1.01,0.69,1.27,0,328,0.3646,0.0134,0.0002,-43.7486,13.874,AMZN181221C02045000
AMZN,1673.57,*,AMZN181221P02045000,,put,12/21/2018,11/29/2018,2045,450.5,366.5,376.25,0,3,0.3059,-0.996,0.0001,32.8247,4.7432,AMZN181221P02045000
AMZN,1673.57,*,AMZN181221C02050000,,call,12/21/2018,11/29/2018,2050,1,0.8,1.17,20,1083,0.3646,0.0124,0.0002,-41.1243,13.0431,AMZN181221C02050000
AMZN,1673.57,*,AMZN181221P02050000,,put,12/21/2018,11/29/2018,2050,426.55,371.5,381.45,0,1,0.3059,-0.9963,0.0001,34.0037,4.3426,AMZN181221P02050000
AMZN,1673.57,*,AMZN181221C02055000,,call,12/21/2018,11/29/2018,2055,0.8,0.6,1.14,4,213,0.3646,0.0116,0.0002,-38.6338,12.2544,AMZN181221C02055000
AMZN,1673.57,*,AMZN181221P02055000,,put,12/21/2018,11/29/2018,2055,415.25,376.5,386.4,0,2,0.3059,-0.9967,0.0001,35.102,3.9723,AMZN181221P02055000
AMZN,1673.57,*,AMZN181221C02060000,,call,12/21/2018,11/29/2018,2060,0.7,0.57,1.08,3,246,0.3646,0.0108,0.0002,-36.2721,11.5064,AMZN181221C02060000
AMZN,1673.57,*,AMZN181221P02060000,,put,12/21/2018,11/29/2018,2060,385.15,381.2,391.05,0,1,0.3059,-0.997,0.0001,36.1249,3.6305,AMZN181221P02060000
AMZN,1673.57,*,AMZN181221C02065000,,call,12/21/2018,11/29/2018,2065,0.99,0.54,1.04,0,51,0.3646,0.01,0.0002,-34.0342,10.7975,AMZN181221C02065000
AMZN,1673.57,*,AMZN181221P02065000,,put,12/21/2018,11/29/2018,2065,399.85,386.5,396.4,0,1,0.3059,-0.9973,0.0001,37.0773,3.3152,AMZN181221P02065000
AMZN,1673.57,*,AMZN181221C02070000,,call,12/21/2018,11/29/2018,2070,0.43,0.51,0.99,0,86,0.3646,0.0093,0.0002,-31.9153,10.1263,AMZN181221C02070000
AMZN,1673.57,*,AMZN181221P02070000,,put,12/21/2018,11/29/2018,2070,568.2,391.5,401.2,0,1,0.3059,-0.9975,0.0001,37.9638,3.0248,AMZN181221P02070000
AMZN,1673.57,*,AMZN181221C02075000,,call,12/21/2018,11/29/2018,2075,0.28,0.7,0.96,0,132,0.3646,0.0086,0.0002,-29.9106,9.4911,AMZN181221C02075000
AMZN,1673.57,*,AMZN181221P02075000,,put,12/21/2018,11/29/2018,2075,521,396.5,406.4,0,1,0.3059,-0.9977,0.0001,38.7891,2.7574,AMZN181221P02075000
AMZN,1673.57,*,AMZN181221C02080000,,call,12/21/2018,11/29/2018,2080,0.62,0.44,0.93,0,82,0.3646,0.008,0.0001,-28.0153,8.8905,AMZN181221C02080000
AMZN,1673.57,*,AMZN181221P02080000,,put,12/21/2018,11/29/2018,2080,344.7,401.5,411.25,0,0,0.3059,-0.998,0.0001,39.5573,2.5116,AMZN181221P02080000
AMZN,1673.57,*,AMZN181221C02085000,,call,12/21/2018,11/29/2018,2085,0.45,0.39,0.95,0,61,0.3646,0.0074,0.0001,-26.2248,8.323,AMZN181221C02085000
AMZN,1673.57,*,AMZN181221P02085000,,put,12/21/2018,11/29/2018,2085,485.28,406.4,416.35,0,4,0.3059,-0.9981,0,40.2724,2.2858,AMZN181221P02085000
AMZN,1673.57,*,AMZN181221C02090000,,call,12/21/2018,11/29/2018,2090,0.46,0.39,0.87,0,44,0.3646,0.0069,0.0001,-24.5344,7.7872,AMZN181221C02090000
AMZN,1673.57,*,AMZN181221P02090000,,put,12/21/2018,11/29/2018,2090,403.83,411.5,421.4,52,63,0.3059,-0.9983,0,40.9382,2.0786,AMZN181221P02090000
AMZN,1673.57,*,AMZN181221C02095000,,call,12/21/2018,11/29/2018,2095,0.38,0.35,0.86,0,71,0.3646,0.0064,0.0001,-22.9399,7.2817,AMZN181221C02095000
AMZN,1673.57,*,AMZN181221P02095000,,put,12/21/2018,11/29/2018,2095,450.25,416.5,426.2,0,0,0.3059,-0.9985,0,41.5583,1.8886,AMZN181221P02095000
AMZN,1673.57,*,AMZN181221C02100000,,call,12/21/2018,11/29/2018,2100,0.4,0.4,0.83,3,1153,0.3646,0.0059,0.0001,-21.4367,6.8051,AMZN181221C02100000
AMZN,1673.57,*,AMZN181221P02100000,,put,12/21/2018,11/29/2018,2100,419.15,421,430.9,262,164,0.3059,-0.9986,0,42.1361,1.7146,AMZN181221P02100000
AMZN,1673.57,*,AMZN181221C02105000,,call,12/21/2018,11/29/2018,2105,0.65,0.31,0.8,0,52,0.3646,0.0055,0.0001,-20.0207,6.3561,AMZN181221C02105000
AMZN,1673.57,*,AMZN181221P02105000,,put,12/21/2018,11/29/2018,2105,464.8,426,435.9,0,2,0.3059,-0.9988,0,42.6748,1.5554,AMZN181221P02105000
AMZN,1673.57,*,AMZN181221C02110000,,call,12/21/2018,11/29/2018,2110,0.63,0.31,0.79,9,87,0.3646,0.0051,0.0001,-18.6877,5.9334,AMZN181221C02110000
AMZN,1673.57,*,AMZN181221P02110000,,put,12/21/2018,11/29/2018,2110,604.31,431.5,441.25,0,0,0.3059,-0.9989,0,43.1772,1.4098,AMZN181221P02110000
AMZN,1673.57,*,AMZN181221C02115000,,call,12/21/2018,11/29/2018,2115,0.38,0.28,0.76,0,53,0.3646,0.0047,0.0001,-17.4337,5.5357,AMZN181221C02115000
AMZN,1673.57,*,AMZN181221P02115000,,put,12/21/2018,11/29/2018,2115,375.6,436.5,446.2,0,3,0.3059,-0.999,0,43.6463,1.2768,AMZN181221P02115000
AMZN,1673.57,*,AMZN181221C02120000,,call,12/21/2018,11/29/2018,2120,0.67,0.43,0.78,51,745,0.3646,0.0043,0.0001,-16.2549,5.1618,AMZN181221C02120000
AMZN,1673.57,*,AMZN181221P02120000,,put,12/21/2018,11/29/2018,2120,525.25,441.5,451.1,0,4,0.3059,-0.9991,0,44.0845,1.1555,AMZN181221P02120000
AMZN,1673.57,*,AMZN181221C02125000,,call,12/21/2018,11/29/2018,2125,0.6,0.2,0.79,0,47,0.3646,0.004,0.0001,-15.1475,4.8105,AMZN181221C02125000
AMZN,1673.57,*,AMZN181221P02125000,,put,12/21/2018,11/29/2018,2125,542.91,446.5,456.2,0,0,0.3059,-0.9992,0,44.4944,1.0449,AMZN181221P02125000
AMZN,1673.57,*,AMZN181221C02130000,,call,12/21/2018,11/29/2018,2130,0.41,0.24,0.71,1,53,0.3646,0.0037,0.0001,-14.1078,4.4807,AMZN181221C02130000
AMZN,1673.57,*,AMZN181221P02130000,,put,12/21/2018,11/29/2018,2130,358.75,451.5,461.15,0,1,0.3059,-0.9992,0,44.8782,0.9441,AMZN181221P02130000
AMZN,1673.57,*,AMZN181221C02135000,,call,12/21/2018,11/29/2018,2135,2.6,0.22,0.7,0,38,0.3646,0.0034,0.0001,-13.1324,4.1712,AMZN181221C02135000
AMZN,1673.57,*,AMZN181221P02135000,,put,12/21/2018,11/29/2018,2135,628.4,456.5,466.05,0,0,0.3059,-0.9993,0,45.238,0.8525,AMZN181221P02135000
AMZN,1673.57,*,AMZN181221C02140000,,call,12/21/2018,11/29/2018,2140,0.48,0.17,0.71,9,141,0.3646,0.0032,0.0001,-12.2179,3.881,AMZN181221C02140000
AMZN,1673.57,*,AMZN181221P02140000,,put,12/21/2018,11/29/2018,2140,557.95,461.5,471.1,0,0,0.3059,-0.9994,0,45.5758,0.7691,AMZN181221P02140000
AMZN,1673.57,*,AMZN181221C02145000,,call,12/21/2018,11/29/2018,2145,0.25,0.16,0.69,0,21,0.3646,0.0029,0.0001,-11.361,3.6091,AMZN181221C02145000
AMZN,1673.57,*,AMZN181221P02145000,,put,12/21/2018,11/29/2018,2145,634.39,466.5,476.15,0,0,0.3059,-0.9994,0,45.8933,0.6933,AMZN181221P02145000
AMZN,1673.57,*,AMZN181221C02150000,,call,12/21/2018,11/29/2018,2150,0.49,0.35,0.65,12,480,0.3646,0.0027,0.0001,-10.5587,3.3544,AMZN181221C02150000
AMZN,1673.57,*,AMZN181221P02150000,,put,12/21/2018,11/29/2018,2150,468.85,471.5,481.25,73,37,0.3059,-0.9995,0,46.1924,0.6246,AMZN181221P02150000
AMZN,1673.57,*,AMZN181221C02155000,,call,12/21/2018,11/29/2018,2155,0.38,0.17,0.68,0,64,0.3646,0.0025,0.0001,-9.8078,3.1161,AMZN181221C02155000
AMZN,1673.57,*,AMZN181221P02155000,,put,12/21/2018,11/29/2018,2155,476.7,476.5,486.45,0,12,0.3059,-0.9995,0,46.4746,0.5622,AMZN181221P02155000
AMZN,1673.57,*,AMZN181221C02160000,,call,12/21/2018,11/29/2018,2160,0.47,0.18,0.63,0,58,0.3646,0.0023,0,-9.1056,2.8932,AMZN181221C02160000
AMZN,1673.57,*,AMZN181221P02160000,,put,12/21/2018,11/29/2018,2160,584.1,481.5,491.15,0,1,0.3059,-0.9996,0,46.7412,0.5057,AMZN181221P02160000
AMZN,1673.57,*,AMZN181221C02165000,,call,12/21/2018,11/29/2018,2165,0.51,0.1,0.69,0,33,0.3646,0.0021,0,-8.4494,2.6849,AMZN181221C02165000
AMZN,1673.57,*,AMZN181221P02165000,,put,12/21/2018,11/29/2018,2165,350,486.5,496.25,0,0,0.3059,-0.9996,0,46.9937,0.4545,AMZN181221P02165000
AMZN,1673.57,*,AMZN181221C02170000,,call,12/21/2018,11/29/2018,2170,0.41,0.41,0.67,5,58,0.3646,0.0019,0,-7.8364,2.4903,AMZN181221C02170000
AMZN,1673.57,*,AMZN181221P02170000,,put,12/21/2018,11/29/2018,2170,663.97,491.5,501.4,0,0,0.3059,-0.9996,0,47.2334,0.4083,AMZN181221P02170000
AMZN,1673.57,*,AMZN181221C02175000,,call,12/21/2018,11/29/2018,2175,0.37,0.37,0.64,1,129,0.3646,0.0018,0,-7.2642,2.3086,AMZN181221C02175000
AMZN,1673.57,*,AMZN181221P02175000,,put,12/21/2018,11/29/2018,2175,496.98,496.5,506.25,0,0,0.3059,-0.9997,0,47.4612,0.3664,AMZN181221P02175000
AMZN,1673.57,*,AMZN181221C02180000,,call,12/21/2018,11/29/2018,2180,0.2,0.08,0.67,0,28,0.3646,0.0016,0,-6.7303,2.1391,AMZN181221C02180000
AMZN,1673.57,*,AMZN181221P02180000,,put,12/21/2018,11/29/2018,2180,548.17,501.5,511.1,0,3,0.3059,-0.9997,0,47.6783,0.3286,AMZN181221P02180000
AMZN,1673.57,*,AMZN181221C02185000,,call,12/21/2018,11/29/2018,2185,1.04,0.1,0.62,0,40,0.3646,0.0015,0,-6.2326,1.981,AMZN181221C02185000
AMZN,1673.57,*,AMZN181221P02185000,,put,12/21/2018,11/29/2018,2185,612,506.5,516.1,0,7,0.3059,-0.9997,0,47.8857,0.2945,AMZN181221P02185000
AMZN,1673.57,*,AMZN181221C02190000,,call,12/21/2018,11/29/2018,2190,0.39,0.09,0.62,0,44,0.3646,0.0014,0,-5.7688,1.8337,AMZN181221C02190000
AMZN,1673.57,*,AMZN181221P02190000,,put,12/21/2018,11/29/2018,2190,511.3,511.5,521,0,13,0.3059,-0.9997,0,48.0843,0.2638,AMZN181221P02190000
AMZN,1673.57,*,AMZN181221C02195000,,call,12/21/2018,11/29/2018,2195,0.22,0.09,0.61,0,31,0.3646,0.0013,0,-5.3369,1.6965,AMZN181221C02195000
AMZN,1673.57,*,AMZN181221P02195000,,put,12/21/2018,11/29/2018,2195,560.9,516.5,526.15,0,3,0.3059,-0.9998,0,48.2748,0.2361,AMZN181221P02195000
AMZN,1673.57,*,AMZN181221C02200000,,call,12/21/2018,11/29/2018,2200,0.41,0.35,0.57,2,688,0.3646,0.0012,0,-4.935,1.5688,AMZN181221C02200000
AMZN,1673.57,*,AMZN181221P02200000,,put,12/21/2018,11/29/2018,2200,519.2,521.25,531.1,150,32,0.3059,-0.9998,0,48.4579,0.2112,AMZN181221P02200000
AMZN,1673.57,*,AMZN181221C02205000,,call,12/21/2018,11/29/2018,2205,0.55,0.28,0.4,0,74,0.3646,0.0011,0,-4.5611,1.45,AMZN181221C02205000
AMZN,1673.57,*,AMZN181221P02205000,,put,12/21/2018,11/29/2018,2205,627.11,526.5,536.45,0,0,0.3059,-0.9998,0,48.6345,0.1887,AMZN181221P02205000
AMZN,1673.57,*,AMZN181221C02210000,,call,12/21/2018,11/29/2018,2210,0.24,0.07,0.55,3,66,0.3646,0.001,0,-4.2134,1.3396,AMZN181221C02210000
AMZN,1673.57,*,AMZN181221P02210000,,put,12/21/2018,11/29/2018,2210,389.95,531.5,541.25,0,1,0.3059,-0.9998,0,48.8051,0.1686,AMZN181221P02210000
AMZN,1673.57,*,AMZN181221C02215000,,call,12/21/2018,11/29/2018,2215,0.22,0.05,0.61,5,57,0.3646,0.0009,0,-3.8905,1.237,AMZN181221C02215000
AMZN,1673.57,*,AMZN181221P02215000,,put,12/21/2018,11/29/2018,2215,531.01,536.5,546.1,85,0,0.3059,-0.9998,0,48.9702,0.1504,AMZN181221P02215000
AMZN,1673.57,*,AMZN181221C02220000,,call,12/21/2018,11/29/2018,2220,0.2,0.31,0.54,0,63,0.3646,0.0008,0,-3.5905,1.1417,AMZN181221C02220000
AMZN,1673.57,*,AMZN181221P02220000,,put,12/21/2018,11/29/2018,2220,651.45,541.5,551.25,0,2,0.3059,-0.9998,0,49.1305,0.1342,AMZN181221P02220000
AMZN,1673.57,*,AMZN181221C02225000,,call,12/21/2018,11/29/2018,2225,1.15,0.04,0.59,0,79,0.3646,0.0008,0,-3.3122,1.0532,AMZN181221C02225000
AMZN,1673.57,*,AMZN181221P02225000,,put,12/21/2018,11/29/2018,2225,410.2,546.3,556.15,0,0,0.3059,-0.9998,0,49.2863,0.1196,AMZN181221P02225000
AMZN,1673.57,*,AMZN181221C02230000,,call,12/21/2018,11/29/2018,2230,0.38,0.04,0.52,0,39,0.3646,0.0007,0,-3.054,0.9712,AMZN181221C02230000
AMZN,1673.57,*,AMZN181221P02230000,,put,12/21/2018,11/29/2018,2230,647.19,551.5,561.15,0,0,0.3059,-0.9998,0,49.4381,0.1065,AMZN181221P02230000
AMZN,1673.57,*,AMZN181221C02235000,,call,12/21/2018,11/29/2018,2235,0.74,0.03,0.54,0,33,0.3646,0.0006,0,-2.8146,0.8951,AMZN181221C02235000
AMZN,1673.57,*,AMZN181221P02235000,,put,12/21/2018,11/29/2018,2235,720.25,556.25,566.25,0,0,0.3059,-0.9999,0,49.5863,0.0948,AMZN181221P02235000
AMZN,1673.57,*,AMZN181221C02240000,,call,12/21/2018,11/29/2018,2240,0.3,0.02,0.52,1,31,0.3646,0.0006,0,-2.5927,0.8246,AMZN181221C02240000
AMZN,1673.57,*,AMZN181221P02240000,,put,12/21/2018,11/29/2018,2240,425.04,561.5,571.3,0,0,0.3059,-0.9999,0,49.7312,0.0844,AMZN181221P02240000
AMZN,1673.57,*,AMZN181221C02245000,,call,12/21/2018,11/29/2018,2245,1,0.03,0.57,0,25,0.3646,0.0005,0,-2.3873,0.7593,AMZN181221C02245000
AMZN,1673.57,*,AMZN181221P02245000,,put,12/21/2018,11/29/2018,2245,321.3,566.5,576.25,0,0,0.3059,-0.9999,0,49.8733,0.075,AMZN181221P02245000
AMZN,1673.57,*,AMZN181221C02250000,,call,12/21/2018,11/29/2018,2250,0.2,0.25,0.52,0,409,0.3646,0.0005,0,-2.1972,0.6989,AMZN181221C02250000
AMZN,1673.57,*,AMZN181221P02250000,,put,12/21/2018,11/29/2018,2250,740.57,571.5,581.3,0,0,0.3059,-0.9999,0,50.0127,0.0666,AMZN181221P02250000
AMZN,1673.57,*,AMZN181221C02255000,,call,12/21/2018,11/29/2018,2255,1.17,0.01,0.54,0,23,0.3646,0.0004,0,-2.0213,0.6429,AMZN181221C02255000
AMZN,1673.57,*,AMZN181221P02255000,,put,12/21/2018,11/29/2018,2255,438.6,576.5,586.25,0,0,0.3059,-0.9999,0,50.1497,0.0592,AMZN181221P02255000
AMZN,1673.57,*,AMZN181221C02260000,,call,12/21/2018,11/29/2018,2260,0.2,0.22,0.51,0,25,0.3646,0.0004,0,-1.8586,0.5912,AMZN181221C02260000
AMZN,1673.57,*,AMZN181221P02260000,,put,12/21/2018,11/29/2018,2260,260.05,581.25,591.25,0,0,0.3059,-0.9999,0,50.2846,0.0525,AMZN181221P02260000
AMZN,1673.57,*,AMZN181221C02265000,,call,12/21/2018,11/29/2018,2265,0.5,0.01,0.53,0,32,0.3646,0.0004,0,-1.7083,0.5434,AMZN181221C02265000
AMZN,1673.57,*,AMZN181221P02265000,,put,12/21/2018,11/29/2018,2265,288,586.5,596.25,0,0,0.3059,-0.9999,0,50.4176,0.0465,AMZN181221P02265000
AMZN,1673.57,*,AMZN181221C02270000,,call,12/21/2018,11/29/2018,2270,0.9,0.01,0.52,0,76,0.3646,0.0003,0,-1.5694,0.4993,AMZN181221C02270000
AMZN,1673.57,*,AMZN181221P02270000,,put,12/21/2018,11/29/2018,2270,320.2,591.5,601.05,0,0,0.3059,-0.9999,0,50.5489,0.0412,AMZN181221P02270000
AMZN,1673.57,*,AMZN181221C02275000,,call,12/21/2018,11/29/2018,2275,0.26,0.02,0.5,0,28,0.3646,0.0003,0,-1.4412,0.4585,AMZN181221C02275000
AMZN,1673.57,*,AMZN181221P02275000,,put,12/21/2018,11/29/2018,2275,599,596.5,606.1,0,3,0.3059,-0.9999,0,50.6786,0.0365,AMZN181221P02275000
AMZN,1673.57,*,AMZN181221C02280000,,call,12/21/2018,11/29/2018,2280,0.19,0.01,0.5,0,130,0.3646,0.0003,0,-1.3229,0.4209,AMZN181221C02280000
AMZN,1673.57,*,AMZN181221P02280000,,put,12/21/2018,11/29/2018,2280,317.85,601.15,611.05,0,0,0.3059,-0.9999,0,50.807,0.0323,AMZN181221P02280000
AMZN,1673.57,*,AMZN181221C02285000,,call,12/21/2018,11/29/2018,2285,0.9,0.01,0.51,0,38,0.3646,0.0003,0,-1.2138,0.3862,AMZN181221C02285000
AMZN,1673.57,*,AMZN181221P02285000,,put,12/21/2018,11/29/2018,2285,507.4,606.5,616.25,0,0,0.3059,-0.9999,0,50.9342,0.0286,AMZN181221P02285000
AMZN,1673.57,*,AMZN181221C02290000,,call,12/21/2018,11/29/2018,2290,0.58,0.01,0.49,0,24,0.3646,0.0002,0,-1.1132,0.3542,AMZN181221C02290000
AMZN,1673.57,*,AMZN181221P02290000,,put,12/21/2018,11/29/2018,2290,295.8,611.5,621.05,0,0,0.3059,-0.9999,0,51.0603,0.0253,AMZN181221P02290000
AMZN,1673.57,*,AMZN181221C02295000,,call,12/21/2018,11/29/2018,2295,0.6,0.01,0.48,0,30,0.3646,0.0002,0,-1.0205,0.3247,AMZN181221C02295000
AMZN,1673.57,*,AMZN181221P02295000,,put,12/21/2018,11/29/2018,2295,0,616.5,626.05,0,0,0.3059,-0.9999,0,51.1853,0.0223,AMZN181221P02295000
AMZN,1673.57,*,AMZN181221C02300000,,call,12/21/2018,11/29/2018,2300,0.1,0.15,0.48,20,766,0.3646,0.0002,0,-0.9352,0.2976,AMZN181221C02300000
AMZN,1673.57,*,AMZN181221P02300000,,put,12/21/2018,11/29/2018,2300,655,621.15,631.05,0,0,0.3059,-0.9999,0,51.3095,0.0197,AMZN181221P02300000
AMZN,1673.57,*,AMZN181221C02305000,,call,12/21/2018,11/29/2018,2305,0.89,0.01,0.48,0,30,0.3646,0.0002,0,-0.8566,0.2726,AMZN181221C02305000
AMZN,1673.57,*,AMZN181221P02305000,,put,12/21/2018,11/29/2018,2305,0,626.15,636.05,0,0,0.3059,-0.9999,0,51.433,0.0174,AMZN181221P02305000
AMZN,1673.57,*,AMZN181221C02310000,,call,12/21/2018,11/29/2018,2310,0.28,0.01,0.48,17,31,0.3646,0.0002,0,-0.7843,0.2496,AMZN181221C02310000
AMZN,1673.57,*,AMZN181221P02310000,,put,12/21/2018,11/29/2018,2310,311.85,631.5,641.05,0,0,0.3059,-0.9999,0,51.5557,0.0153,AMZN181221P02310000
AMZN,1673.57,*,AMZN181221C02315000,,call,12/21/2018,11/29/2018,2315,0.78,0.01,0.47,0,6,0.3646,0.0001,0,-0.7178,0.2285,AMZN181221C02315000
AMZN,1673.57,*,AMZN181221P02315000,,put,12/21/2018,11/29/2018,2315,634.55,636.5,646.15,10,7,0.3059,-0.9999,0,51.6778,0.0135,AMZN181221P02315000
AMZN,1673.57,*,AMZN181221C02320000,,call,12/21/2018,11/29/2018,2320,0.4,0.01,0.47,0,68,0.3646,0.0001,0,-0.6567,0.209,AMZN181221C02320000
AMZN,1673.57,*,AMZN181221P02320000,,put,12/21/2018,11/29/2018,2320,473.65,641.5,651.25,0,0,0.3059,-0.9999,0,51.7994,0.0119,AMZN181221P02320000
AMZN,1673.57,*,AMZN181221C02325000,,call,12/21/2018,11/29/2018,2325,0.5,0.01,0.47,0,36,0.3646,0.0001,0,-0.6005,0.1911,AMZN181221C02325000
AMZN,1673.57,*,AMZN181221P02325000,,put,12/21/2018,11/29/2018,2325,489.2,646.5,656.25,0,0,0.3059,-0.9999,0,51.9204,0.0105,AMZN181221P02325000
AMZN,1673.57,*,AMZN181221C02330000,,call,12/21/2018,11/29/2018,2330,1,0.01,0.3,0,37,0.3646,0.0001,0,-0.5489,0.1747,AMZN181221C02330000
AMZN,1673.57,*,AMZN181221P02330000,,put,12/21/2018,11/29/2018,2330,589.6,651.5,661.05,0,0,0.3059,-0.9999,0,52.0411,0.0092,AMZN181221P02330000
AMZN,1673.57,*,AMZN181221C02335000,,call,12/21/2018,11/29/2018,2335,2.93,0.01,0.46,0,61,0.3646,0.0001,0,-0.5016,0.1597,AMZN181221C02335000
AMZN,1673.57,*,AMZN181221P02335000,,put,12/21/2018,11/29/2018,2335,655.35,656.5,666.05,14,7,0.3059,-0.9999,0,52.1613,0.0081,AMZN181221P02335000
AMZN,1673.57,*,AMZN181221C02340000,,call,12/21/2018,11/29/2018,2340,0.01,0.01,0.46,0,6,0.3646,0.0001,0,-0.4581,0.1458,AMZN181221C02340000
AMZN,1673.57,*,AMZN181221P02340000,,put,12/21/2018,11/29/2018,2340,691.02,661.5,671.25,0,0,0.3059,-0.9999,0,52.2812,0.0071,AMZN181221P02340000
AMZN,1673.57,*,AMZN181221C02345000,,call,12/21/2018,11/29/2018,2345,0.74,0.01,0.46,0,20,0.3646,0.0001,0,-0.4183,0.1332,AMZN181221C02345000
AMZN,1673.57,*,AMZN181221P02345000,,put,12/21/2018,11/29/2018,2345,836.52,666.5,676.05,0,0,0.3059,-0.9999,0,52.4008,0.0063,AMZN181221P02345000
AMZN,1673.57,*,AMZN181221C02350000,,call,12/21/2018,11/29/2018,2350,0.11,0.06,0.45,0,295,0.3646,0.0001,0,-0.3817,0.1215,AMZN181221C02350000
AMZN,1673.57,*,AMZN181221P02350000,,put,12/21/2018,11/29/2018,2350,624.6,671.5,681.05,0,0,0.3059,-0.9999,0,52.5201,0.0055,AMZN181221P02350000
AMZN,1673.57,*,AMZN181221C02355000,,call,12/21/2018,11/29/2018,2355,0.45,0.01,0.45,0,11,0.3646,0.0001,0,-0.3483,0.1109,AMZN181221C02355000
AMZN,1673.57,*,AMZN181221P02355000,,put,12/21/2018,11/29/2018,2355,674.5,676.5,686.25,3,2,0.3059,-0.9999,0,52.6392,0.0048,AMZN181221P02355000
AMZN,1673.57,*,AMZN181221C02360000,,call,12/21/2018,11/29/2018,2360,0.45,0.04,0.45,0,18,0.3646,0.0001,0,-0.3176,0.1011,AMZN181221C02360000
AMZN,1673.57,*,AMZN181221P02360000,,put,12/21/2018,11/29/2018,2360,680.5,681.5,691.05,0,7,0.3059,-0.9999,0,52.7581,0.0042,AMZN181221P02360000
AMZN,1673.57,*,AMZN181221C02365000,,call,12/21/2018,11/29/2018,2365,4.6,0.01,0.44,0,16,0.3646,0.0001,0,-0.2895,0.0922,AMZN181221C02365000
AMZN,1673.57,*,AMZN181221P02365000,,put,12/21/2018,11/29/2018,2365,685.5,686.15,696.05,0,12,0.3059,-0.9999,0,52.8768,0.0037,AMZN181221P02365000
AMZN,1673.57,*,AMZN181221C02370000,,call,12/21/2018,11/29/2018,2370,0.09,0.05,0.14,0,32,0.3646,0.0001,0,-0.2638,0.084,AMZN181221C02370000
AMZN,1673.57,*,AMZN181221P02370000,,put,12/21/2018,11/29/2018,2370,688.7,691,700.7,30,15,0.3059,-0.9999,0,52.9953,0.0033,AMZN181221P02370000
AMZN,1673.57,*,AMZN181221C02375000,,call,12/21/2018,11/29/2018,2375,0.15,0.03,0.44,0,57,0.3646,0,0,-0.2403,0.0765,AMZN181221C02375000
AMZN,1673.57,*,AMZN181221P02375000,,put,12/21/2018,11/29/2018,2375,708.4,696.5,706.05,0,8,0.3059,-0.9999,0,53.1137,0.0028,AMZN181221P02375000
AMZN,1673.57,*,AMZN181221C02380000,,call,12/21/2018,11/29/2018,2380,0.1,0.01,0.44,0,23,0.3646,0,0,-0.2189,0.0697,AMZN181221C02380000
AMZN,1673.57,*,AMZN181221P02380000,,put,12/21/2018,11/29/2018,2380,698.56,701.05,710.7,35,17,0.3059,-0.9999,0,53.2319,0.0025,AMZN181221P02380000
AMZN,1673.57,*,AMZN181221C02385000,,call,12/21/2018,11/29/2018,2385,0.49,0.01,0.43,0,9,0.3646,0,0,-0.1992,0.0634,AMZN181221C02385000
AMZN,1673.57,*,AMZN181221P02385000,,put,12/21/2018,11/29/2018,2385,704.66,706,715.65,17,23,0.3059,-0.9999,0,53.3501,0.0022,AMZN181221P02385000
AMZN,1673.57,*,AMZN181221C02390000,,call,12/21/2018,11/29/2018,2390,0.19,0.01,0.43,0,31,0.3646,0,0,-0.1813,0.0577,AMZN181221C02390000
AMZN,1673.57,*,AMZN181221P02390000,,put,12/21/2018,11/29/2018,2390,709.64,711,720.65,34,17,0.3059,-0.9999,0,53.4681,0.0019,AMZN181221P02390000
AMZN,1673.57,*,AMZN181221C02395000,,call,12/21/2018,11/29/2018,2395,0.78,0.01,0.43,0,35,0.3646,0,0,-0.1649,0.0525,AMZN181221C02395000
AMZN,1673.57,*,AMZN181221P02395000,,put,12/21/2018,11/29/2018,2395,715.02,716.5,726.05,10,10,0.3059,-0.9999,0,53.586,0.0017,AMZN181221P02395000
AMZN,1673.57,*,AMZN181221C02400000,,call,12/21/2018,11/29/2018,2400,0.07,0.03,0.42,0,230,0.3646,0,0,-0.1499,0.0477,AMZN181221C02400000
AMZN,1673.57,*,AMZN181221P02400000,,put,12/21/2018,11/29/2018,2400,719.67,721,730.65,72,0,0.3059,-0.9999,0,53.7039,0.0015,AMZN181221P02400000
AMZN,1673.57,*,AMZN181221C02405000,,call,12/21/2018,11/29/2018,2405,0.21,0.01,0.42,0,15,0.3646,0,0,-0.1363,0.0434,AMZN181221C02405000
AMZN,1673.57,*,AMZN181221P02405000,,put,12/21/2018,11/29/2018,2405,762.3,726.5,736.15,0,1,0.3059,-0.9999,0,53.8217,0.0013,AMZN181221P02405000
AMZN,1673.57,*,AMZN181221C02410000,,call,12/21/2018,11/29/2018,2410,0.4,0.01,0.42,0,14,0.3646,0,0,-0.1238,0.0394,AMZN181221C02410000
AMZN,1673.57,*,AMZN181221P02410000,,put,12/21/2018,11/29/2018,2410,667.3,731.5,741.05,0,2,0.3059,-0.9999,0,53.9394,0.0011,AMZN181221P02410000
AMZN,1673.57,*,AMZN181221C02415000,,call,12/21/2018,11/29/2018,2415,0.55,0.01,0.42,0,13,0.3646,0,0,-0.1124,0.0358,AMZN181221C02415000
AMZN,1673.57,*,AMZN181221P02415000,,put,12/21/2018,11/29/2018,2415,652.1,736.55,746.3,0,2,0.3059,-0.9999,0,54.0571,0.001,AMZN181221P02415000
AMZN,1673.57,*,AMZN181221C02420000,,call,12/21/2018,11/29/2018,2420,0.1,0.01,0.41,0,27,0.3646,0,0,-0.1021,0.0325,AMZN181221C02420000
AMZN,1673.57,*,AMZN181221P02420000,,put,12/21/2018,11/29/2018,2420,747,741.15,751.05,0,1,0.3059,-0.9999,0,54.1747,0.0008,AMZN181221P02420000
AMZN,1673.57,*,AMZN181221C02425000,,call,12/21/2018,11/29/2018,2425,0.54,0.01,0.41,0,14,0.3646,0,0,-0.0927,0.0295,AMZN181221C02425000
AMZN,1673.57,*,AMZN181221P02425000,,put,12/21/2018,11/29/2018,2425,761.6,746.5,756.3,0,9,0.3059,-0.9999,0,54.2923,0.0007,AMZN181221P02425000
AMZN,1673.57,*,AMZN181221C02430000,,call,12/21/2018,11/29/2018,2430,0.47,0.01,0.41,0,15,0.3646,0,0,-0.0841,0.0268,AMZN181221C02430000
AMZN,1673.57,*,AMZN181221P02430000,,put,12/21/2018,11/29/2018,2430,767.15,751.15,761.05,0,9,0.3059,-0.9999,0,54.4099,0.0006,AMZN181221P02430000
AMZN,1673.57,*,AMZN181221C02435000,,call,12/21/2018,11/29/2018,2435,0.55,0.01,0.4,0,14,0.3646,0,0,-0.0763,0.0243,AMZN181221C02435000
AMZN,1673.57,*,AMZN181221P02435000,,put,12/21/2018,11/29/2018,2435,756.06,756,765.65,17,17,0.3059,-0.9999,0,54.5274,0.0006,AMZN181221P02435000
AMZN,1673.57,*,AMZN181221C02440000,,call,12/21/2018,11/29/2018,2440,0.42,0.01,0.4,0,22,0.3646,0,0,-0.0691,0.022,AMZN181221C02440000
AMZN,1673.57,*,AMZN181221P02440000,,put,12/21/2018,11/29/2018,2440,914.76,761.5,771.3,0,0,0.3059,-0.9999,0,54.6449,0.0005,AMZN181221P02440000
AMZN,1673.57,*,AMZN181221C02445000,,call,12/21/2018,11/29/2018,2445,0.69,0.01,0.4,0,15,0.3646,0,0,-0.0627,0.02,AMZN181221C02445000
AMZN,1673.57,*,AMZN181221P02445000,,put,12/21/2018,11/29/2018,2445,849.74,766.5,776.05,0,0,0.3059,-0.9999,0,54.7624,0.0004,AMZN181221P02445000
AMZN,1673.57,*,AMZN181221C02450000,,call,12/21/2018,11/29/2018,2450,0.27,0.01,0.4,0,117,0.3646,0,0,-0.0568,0.0181,AMZN181221C02450000
AMZN,1673.57,*,AMZN181221P02450000,,put,12/21/2018,11/29/2018,2450,850.73,771.15,781.05,0,0,0.3059,-0.9999,0,54.8798,0.0004,AMZN181221P02450000
AMZN,1673.57,*,AMZN181221C02455000,,call,12/21/2018,11/29/2018,2455,4.25,0.01,0.39,0,8,0.3646,0,0,-0.0514,0.0164,AMZN181221C02455000
AMZN,1673.57,*,AMZN181221P02455000,,put,12/21/2018,11/29/2018,2455,0,776.5,786.05,0,0,0.3059,-0.9999,0,54.9973,0.0003,AMZN181221P02455000
AMZN,1673.57,*,AMZN181221C02460000,,call,12/21/2018,11/29/2018,2460,0.46,0.01,0.39,0,39,0.3646,0,0,-0.0466,0.0148,AMZN181221C02460000
AMZN,1673.57,*,AMZN181221P02460000,,put,12/21/2018,11/29/2018,2460,786.5,781.5,791.3,0,1,0.3059,-0.9999,0,55.1147,0.0003,AMZN181221P02460000
AMZN,1673.57,*,AMZN181221C02465000,,call,12/21/2018,11/29/2018,2465,0.32,0.01,0.39,0,7,0.3646,0,0,-0.0422,0.0134,AMZN181221C02465000
AMZN,1673.57,*,AMZN181221P02465000,,put,12/21/2018,11/29/2018,2465,785.04,786,795.4,27,0,0.3059,-0.9999,0,55.2321,0.0002,AMZN181221P02465000
AMZN,1673.57,*,AMZN181221C02470000,,call,12/21/2018,11/29/2018,2470,0.55,0.01,0.38,0,16,0.3646,0,0,-0.0382,0.0122,AMZN181221C02470000
AMZN,1673.57,*,AMZN181221P02470000,,put,12/21/2018,11/29/2018,2470,0,791.15,801.05,0,0,0.3059,-0.9999,0,55.3495,0.0002,AMZN181221P02470000
AMZN,1673.57,*,AMZN181221C02475000,,call,12/21/2018,11/29/2018,2475,0.35,0.01,0.38,0,5,0.3646,0,0,-0.0345,0.011,AMZN181221C02475000
AMZN,1673.57,*,AMZN181221P02475000,,put,12/21/2018,11/29/2018,2475,606.65,796.5,806.3,0,0,0.3059,-0.9999,0,55.4669,0.0002,AMZN181221P02475000
AMZN,1673.57,*,AMZN181221C02480000,,call,12/21/2018,11/29/2018,2480,0.44,0.01,0.38,0,23,0.3646,0,0,-0.0312,0.0099,AMZN181221C02480000
AMZN,1673.57,*,AMZN181221P02480000,,put,12/21/2018,11/29/2018,2480,611.55,801.5,811.05,0,0,0.3059,-0.9999,0,55.5843,0.0002,AMZN181221P02480000
AMZN,1673.57,*,AMZN181221C02485000,,call,12/21/2018,11/29/2018,2485,0.41,0.01,0.38,0,14,0.3646,0,0,-0.0282,0.009,AMZN181221C02485000
AMZN,1673.57,*,AMZN181221P02485000,,put,12/21/2018,11/29/2018,2485,687.8,806.5,816.05,0,0,0.3059,-0.9999,0,55.7016,0.0001,AMZN181221P02485000
AMZN,1673.57,*,AMZN181221C02490000,,call,12/21/2018,11/29/2018,2490,0,0.01,0.37,0,69,0.3646,0,0,-0.0255,0.0081,AMZN181221C02490000
AMZN,1673.57,*,AMZN181221P02490000,,put,12/21/2018,11/29/2018,2490,621.35,811.5,821.15,0,0,0.3059,-0.9999,0,55.819,0.0001,AMZN181221P02490000
AMZN,1673.57,*,AMZN181221C02495000,,call,12/21/2018,11/29/2018,2495,2.46,0.01,0.37,0,14,0.3646,0,0,-0.023,0.0073,AMZN181221C02495000
AMZN,1673.57,*,AMZN181221P02495000,,put,12/21/2018,11/29/2018,2495,728.5,816.15,826.05,0,0,0.3059,-0.9999,0,55.9363,0.0001,AMZN181221P02495000
AMZN,1673.57,*,AMZN181221C02500000,,call,12/21/2018,11/29/2018,2500,0.05,0.02,0.05,57,491,0.3646,0,0,-0.0208,0.0066,AMZN181221C02500000
AMZN,1673.57,*,AMZN181221P02500000,,put,12/21/2018,11/29/2018,2500,631.3,821.55,831.3,0,0,0.3059,-0.9999,0,56.0537,0.0001,AMZN181221P02500000
AMZN,1673.57,*,AMZN181221C02520000,,call,12/21/2018,11/29/2018,2520,0.46,0.01,0.05,0,23,0.3646,0,0,-0.0138,0.0044,AMZN181221C02520000
AMZN,1673.57,*,AMZN181221P02520000,,put,12/21/2018,11/29/2018,2520,1006,841.5,851.25,0,2,0.3059,-0.9999,0,56.523,0,AMZN181221P02520000
AMZN,1673.57,*,AMZN181221C02540000,,call,12/21/2018,11/29/2018,2540,0.1,0.01,0.05,0,73,0.3646,0,0,-0.0091,0.0029,AMZN181221C02540000
AMZN,1673.57,*,AMZN181221P02540000,,put,12/21/2018,11/29/2018,2540,860.3,861.5,871.25,4,8,0.3059,-0.9999,0,56.9923,0,AMZN181221P02540000
AMZN,1673.57,*,AMZN181221C02560000,,call,12/21/2018,11/29/2018,2560,0.05,0.01,0.34,0,37,0.3646,0,0,-0.006,0.0019,AMZN181221C02560000
AMZN,1673.57,*,AMZN181221P02560000,,put,12/21/2018,11/29/2018,2560,922,881.5,891.15,0,2,0.3059,-0.9999,0,57.4616,0,AMZN181221P02560000
AMZN,1673.57,*,AMZN181221C02580000,,call,12/21/2018,11/29/2018,2580,0.05,0.01,0.33,0,33,0.3646,0,0,-0.0039,0.0012,AMZN181221C02580000
AMZN,1673.57,*,AMZN181221P02580000,,put,12/21/2018,11/29/2018,2580,1060.54,901.4,911.2,0,0,0.3059,-0.9999,0,57.9308,0,AMZN181221P02580000
AMZN,1673.57,*,AMZN181221C02600000,,call,12/21/2018,11/29/2018,2600,0.04,0.01,0.32,0,81,0.3646,0,0,-0.0025,0.0008,AMZN181221C02600000
AMZN,1673.57,*,AMZN181221P02600000,,put,12/21/2018,11/29/2018,2600,997.54,921.5,931.25,0,0,0.3059,-0.9999,0,58.4001,0,AMZN181221P02600000
AMZN,1673.57,*,AMZN181221C02620000,,call,12/21/2018,11/29/2018,2620,0.37,0,0.31,0,20,0.3646,0,0,-0.0017,0.0005,AMZN181221C02620000
AMZN,1673.57,*,AMZN181221P02620000,,put,12/21/2018,11/29/2018,2620,755.55,941.15,951,0,0,0.3059,-0.9999,0,58.8693,0,AMZN181221P02620000
AMZN,1673.57,*,AMZN181221C02640000,,call,12/21/2018,11/29/2018,2640,0.15,0,0.3,0,17,0.3646,0,0,-0.0011,0.0003,AMZN181221C02640000
AMZN,1673.57,*,AMZN181221P02640000,,put,12/21/2018,11/29/2018,2640,972,961.5,971.2,1,1,0.3059,-0.9999,0,59.3385,0,AMZN181221P02640000
AMZN,1673.57,*,AMZN181221C02660000,,call,12/21/2018,11/29/2018,2660,0.16,0,0.33,0,49,0.3646,0,0,-0.0007,0.0002,AMZN181221C02660000
AMZN,1673.57,*,AMZN181221P02660000,,put,12/21/2018,11/29/2018,2660,1123.45,981.5,991.2,0,0,0.3059,-0.9999,0,59.8078,0,AMZN181221P02660000
AMZN,1673.57,*,AMZN181221C02680000,,call,12/21/2018,11/29/2018,2680,0.1,0,0.36,0,28,0.3646,0,0,-0.0004,0.0001,AMZN181221C02680000
AMZN,1673.57,*,AMZN181221P02680000,,put,12/21/2018,11/29/2018,2680,0,1001.5,1011.25,0,0,0.3059,-0.9999,0,60.277,0,AMZN181221P02680000
AMZN,1673.57,*,AMZN181221C02700000,,call,12/21/2018,11/29/2018,2700,0.06,0,0.04,0,48,0.3646,0,0,-0.0003,0.0001,AMZN181221C02700000
AMZN,1673.57,*,AMZN181221P02700000,,put,12/21/2018,11/29/2018,2700,790.9,1021.5,1031.15,0,0,0.3059,-0.9999,0,60.7462,0,AMZN181221P02700000
AMZN,1673.57,*,AMZN181221C02720000,,call,12/21/2018,11/29/2018,2720,0.1,0,0.37,0,34,0.3646,0,0,-0.0002,0.0001,AMZN181221C02720000
AMZN,1673.57,*,AMZN181221P02720000,,put,12/21/2018,11/29/2018,2720,1053.95,1041.5,1051.2,1,0,0.3059,-0.9999,0,61.2155,0,AMZN181221P02720000
AMZN,1673.57,*,AMZN181221C02740000,,call,12/21/2018,11/29/2018,2740,0.45,0,0.3,0,16,0.3646,0,0,-0.0001,0,AMZN181221C02740000
AMZN,1673.57,*,AMZN181221P02740000,,put,12/21/2018,11/29/2018,2740,0,1061.15,1071,0,0,0.3059,-0.9999,0,61.6847,0,AMZN181221P02740000
AMZN,1673.57,*,AMZN181221C02760000,,call,12/21/2018,11/29/2018,2760,0.05,0,0.26,0,30,0.3646,0,0,-0.0001,0,AMZN181221C02760000
AMZN,1673.57,*,AMZN181221P02760000,,put,12/21/2018,11/29/2018,2760,0,1081.5,1091.2,0,0,0.3059,-0.9999,0,62.154,0,AMZN181221P02760000
AMZN,1673.57,*,AMZN181221C02780000,,call,12/21/2018,11/29/2018,2780,0.15,0,0.3,0,21,0.3646,0,0,0,0,AMZN181221C02780000
AMZN,1673.57,*,AMZN181221P02780000,,put,12/21/2018,11/29/2018,2780,0,1101.5,1111.1,0,0,0.3059,-0.9999,0,62.6232,0,AMZN181221P02780000
AMZN,1673.57,*,AMZN181221C02800000,,call,12/21/2018,11/29/2018,2800,0.05,0,0.04,0,37,0.3646,0,0,0,0,AMZN181221C02800000
AMZN,1673.57,*,AMZN181221P02800000,,put,12/21/2018,11/29/2018,2800,810.89,1121.1,1131,0,0,0.3059,-0.9999,0,63.0924,0,AMZN181221P02800000
AMZN,1673.57,*,AMZN181221C02820000,,call,12/21/2018,11/29/2018,2820,0.16,0,0.29,0,96,0.3646,0,0,0,0,AMZN181221C02820000
AMZN,1673.57,*,AMZN181221P02820000,,put,12/21/2018,11/29/2018,2820,1144.4,1141.1,1151,1,1,0.3059,-0.9999,0,63.5617,0,AMZN181221P02820000
AMZN,1673.57,*,AMZN181221C02840000,,call,12/21/2018,11/29/2018,2840,0.08,0,0.33,0,46,0.3646,0,0,0,0,AMZN181221C02840000
AMZN,1673.57,*,AMZN181221P02840000,,put,12/21/2018,11/29/2018,2840,0,1161.5,1171.25,0,0,0.3059,-0.9999,0,64.0309,0,AMZN181221P02840000
AMZN,1673.57,*,AMZN181221C02860000,,call,12/21/2018,11/29/2018,2860,0.02,0.01,0.02,6,608,0.3646,0,0,0,0,AMZN181221C02860000
AMZN,1673.57,*,AMZN181221P02860000,,put,12/21/2018,11/29/2018,2860,1329.25,1181.5,1191.15,0,1,0.3059,-0.9999,0,64.5001,0,AMZN181221P02860000
AMZN,1673.57,*,AMZN181228C01000000,,call,12/28/2018,11/29/2018,1000,0,671.2,681,0,0,0.3874,1,0,-23.4549,0.0015,AMZN181228C01000000
AMZN,1673.57,*,AMZN181228P01000000,,put,12/28/2018,11/29/2018,1000,0.3,0.3,0.54,10,22,0.4608,0,0,-0.1281,0.0435,AMZN181228P01000000
AMZN,1673.57,*,AMZN181228C01010000,,call,12/28/2018,11/29/2018,1010,521.54,661.25,671,0,1,0.3874,1,0,-23.6915,0.0023,AMZN181228C01010000
AMZN,1673.57,*,AMZN181228P01010000,,put,12/28/2018,11/29/2018,1010,0.4,0.08,0.66,2,6,0.4608,0,0,-0.1753,0.0595,AMZN181228P01010000
AMZN,1673.57,*,AMZN181228C01020000,,call,12/28/2018,11/29/2018,1020,0,651.4,661,0,0,0.3874,1,0,-23.9292,0.0036,AMZN181228C01020000
AMZN,1673.57,*,AMZN181228P01020000,,put,12/28/2018,11/29/2018,1020,0,0.09,0.69,0,0,0.4608,0,0,-0.2378,0.0807,AMZN181228P01020000
AMZN,1673.57,*,AMZN181228C01030000,,call,12/28/2018,11/29/2018,1030,427.25,641.45,651,0,1,0.3874,1,0,-24.1683,0.0055,AMZN181228C01030000
AMZN,1673.57,*,AMZN181228P01030000,,put,12/28/2018,11/29/2018,1030,0,0.13,0.69,0,0,0.4608,-0.0001,0,-0.3198,0.1085,AMZN181228P01030000
AMZN,1673.57,*,AMZN181228C01040000,,call,12/28/2018,11/29/2018,1040,0,631.45,641,0,0,0.3874,1,0,-24.4096,0.0082,AMZN181228C01040000
AMZN,1673.57,*,AMZN181228P01040000,,put,12/28/2018,11/29/2018,1040,1.7,0.16,0.72,0,1,0.4608,-0.0001,0,-0.4263,0.1447,AMZN181228P01040000
AMZN,1673.57,*,AMZN181228C01050000,,call,12/28/2018,11/29/2018,1050,463.9,621.5,631.5,0,1,0.3874,1,0,-24.6539,0.0122,AMZN181228C01050000
AMZN,1673.57,*,AMZN181228P01050000,,put,12/28/2018,11/29/2018,1050,0.52,0.19,0.73,0,7,0.4608,-0.0001,0,-0.5635,0.1913,AMZN181228P01050000
AMZN,1673.57,*,AMZN181228C01060000,,call,12/28/2018,11/29/2018,1060,0,611.3,621,0,0,0.3874,1,0,-24.9024,0.0178,AMZN181228C01060000
AMZN,1673.57,*,AMZN181228P01060000,,put,12/28/2018,11/29/2018,1060,0.8,0.2,0.76,0,2,0.4608,-0.0001,0,-0.7389,0.2509,AMZN181228P01060000
AMZN,1673.57,*,AMZN181228C01070000,,call,12/28/2018,11/29/2018,1070,0,601.75,611.5,0,0,0.3874,1,0,-25.1567,0.0258,AMZN181228C01070000
AMZN,1673.57,*,AMZN181228P01070000,,put,12/28/2018,11/29/2018,1070,0.55,0.25,0.78,0,3,0.4608,-0.0002,0,-0.9613,0.3264,AMZN181228P01070000
AMZN,1673.57,*,AMZN181228C01080000,,call,12/28/2018,11/29/2018,1080,0,591.55,601.5,0,0,0.3874,1,0,-25.4188,0.037,AMZN181228C01080000
AMZN,1673.57,*,AMZN181228P01080000,,put,12/28/2018,11/29/2018,1080,0.87,0.26,0.82,0,10,0.4608,-0.0002,0,-1.2409,0.4214,AMZN181228P01080000
AMZN,1673.57,*,AMZN181228C01090000,,call,12/28/2018,11/29/2018,1090,0,582,591.5,0,0,0.3874,1,0,-25.6915,0.0524,AMZN181228C01090000
AMZN,1673.57,*,AMZN181228P01090000,,put,12/28/2018,11/29/2018,1090,0.45,0.3,0.82,0,5,0.4608,-0.0003,0,-1.5899,0.54,AMZN181228P01090000
AMZN,1673.57,*,AMZN181228C01100000,,call,12/28/2018,11/29/2018,1100,0,571.9,581.5,0,0,0.3874,1,0,-25.9782,0.0735,AMZN181228C01100000
AMZN,1673.57,*,AMZN181228P01100000,,put,12/28/2018,11/29/2018,1100,0.68,0.34,0.67,10,55,0.4608,-0.0004,0,-2.0221,0.6869,AMZN181228P01100000
AMZN,1673.57,*,AMZN181228C01110000,,call,12/28/2018,11/29/2018,1110,0,561.5,571.4,0,0,0.3874,0.9999,0,-26.2834,0.1021,AMZN181228C01110000
AMZN,1673.57,*,AMZN181228P01110000,,put,12/28/2018,11/29/2018,1110,1.11,0.36,0.89,0,8,0.4608,-0.0005,0,-2.5534,0.8675,AMZN181228P01110000
AMZN,1673.57,*,AMZN181228C01120000,,call,12/28/2018,11/29/2018,1120,0,552,561.5,0,0,0.3874,0.9999,0,-26.6126,0.1404,AMZN181228C01120000
AMZN,1673.57,*,AMZN181228P01120000,,put,12/28/2018,11/29/2018,1120,3.05,0.37,0.96,0,6,0.4608,-0.0007,0,-3.2019,1.088,AMZN181228P01120000
AMZN,1673.57,*,AMZN181228C01130000,,call,12/28/2018,11/29/2018,1130,456.6,542.05,551.5,0,1,0.3874,0.9999,0,-26.9727,0.1912,AMZN181228C01130000
AMZN,1673.57,*,AMZN181228P01130000,,put,12/28/2018,11/29/2018,1130,1,0.43,0.92,0,17,0.4608,-0.0009,0,-3.9876,1.3552,AMZN181228P01130000
AMZN,1673.57,*,AMZN181228C01140000,,call,12/28/2018,11/29/2018,1140,0,531.8,541.5,0,0,0.3874,0.9999,0,-27.3722,0.2579,AMZN181228C01140000
AMZN,1673.57,*,AMZN181228P01140000,,put,12/28/2018,11/29/2018,1140,0.68,0.44,0.96,1,2,0.4608,-0.0011,0,-4.9332,1.6768,AMZN181228P01140000
AMZN,1673.57,*,AMZN181228C01150000,,call,12/28/2018,11/29/2018,1150,0,522,532,0,0,0.3874,0.9998,0,-27.8214,0.3448,AMZN181228C01150000
AMZN,1673.57,*,AMZN181228P01150000,,put,12/28/2018,11/29/2018,1150,0.85,0.48,1.01,0,11,0.4608,-0.0013,0,-6.0633,2.0613,AMZN181228P01150000
AMZN,1673.57,*,AMZN181228C01160000,,call,12/28/2018,11/29/2018,1160,372.7,512.2,522,0,3,0.3874,0.9997,0,-28.3326,0.4568,AMZN181228C01160000
AMZN,1673.57,*,AMZN181228P01160000,,put,12/28/2018,11/29/2018,1160,0.78,0.53,1.04,1,7,0.4608,-0.0017,0,-7.4051,2.518,AMZN181228P01160000
AMZN,1673.57,*,AMZN181228C01170000,,call,12/28/2018,11/29/2018,1170,0,502.15,512,0,0,0.3874,0.9996,0,-28.9206,0.5999,AMZN181228C01170000
AMZN,1673.57,*,AMZN181228P01170000,,put,12/28/2018,11/29/2018,1170,9.72,0.51,1.1,0,1,0.4608,-0.0021,0,-8.9878,3.0567,AMZN181228P01170000
AMZN,1673.57,*,AMZN181228C01180000,,call,12/28/2018,11/29/2018,1180,354.4,494.25,502.5,0,1,0.3874,0.9995,0,-29.6027,0.7812,AMZN181228C01180000
AMZN,1673.57,*,AMZN181228P01180000,,put,12/28/2018,11/29/2018,1180,1.3,0.61,1.11,0,10,0.4608,-0.0026,0,-10.8428,3.6883,AMZN181228P01180000
AMZN,1673.57,*,AMZN181228C01190000,,call,12/28/2018,11/29/2018,1190,430.55,482.35,492,0,1,0.3874,0.9994,0,-30.3989,1.0087,AMZN181228C01190000
AMZN,1673.57,*,AMZN181228P01190000,,put,12/28/2018,11/29/2018,1190,1.86,0.65,1.23,0,10,0.4608,-0.0031,0,-13.0034,4.4241,AMZN181228P01190000
AMZN,1673.57,*,AMZN181228C01200000,,call,12/28/2018,11/29/2018,1200,468.44,474.4,482.5,2,0,0.3874,0.9992,0,-31.3323,1.2919,AMZN181228C01200000
AMZN,1673.57,*,AMZN181228P01200000,,put,12/28/2018,11/29/2018,1200,0.87,0.69,1.27,1,44,0.4608,-0.0038,0.0001,-15.5043,5.2761,AMZN181228P01200000
AMZN,1673.57,*,AMZN181228C01210000,,call,12/28/2018,11/29/2018,1210,441.05,462.5,472.35,0,6,0.3874,0.999,0,-32.4292,1.6414,AMZN181228C01210000
AMZN,1673.57,*,AMZN181228P01210000,,put,12/28/2018,11/29/2018,1210,0,0.78,1.29,0,32,0.4608,-0.0046,0.0001,-18.3818,6.2566,AMZN181228P01210000
AMZN,1673.57,*,AMZN181228C01220000,,call,12/28/2018,11/29/2018,1220,431.1,452.5,462.4,0,3,0.3874,0.9986,0,-33.719,2.0692,AMZN181228C01220000
AMZN,1673.57,*,AMZN181228P01220000,,put,12/28/2018,11/29/2018,1220,1.2,0.91,1.36,0,6,0.4608,-0.0055,0.0001,-21.6731,7.3784,AMZN181228P01220000
AMZN,1673.57,*,AMZN181228C01230000,,call,12/28/2018,11/29/2018,1230,322,442.65,452.5,0,2,0.3874,0.9983,0,-35.2346,2.5888,AMZN181228C01230000
AMZN,1673.57,*,AMZN181228P01230000,,put,12/28/2018,11/29/2018,1230,2.37,0.89,1.44,0,10,0.4608,-0.0066,0.0001,-25.4157,8.6545,AMZN181228P01230000
AMZN,1673.57,*,AMZN181228C01240000,,call,12/28/2018,11/29/2018,1240,411.35,433,442.5,0,2,0.3874,0.9978,0,-37.0119,3.2146,AMZN181228C01240000
AMZN,1673.57,*,AMZN181228P01240000,,put,12/28/2018,11/29/2018,1240,1.21,1.05,1.52,1,10,0.4608,-0.0079,0.0001,-29.6473,10.0978,AMZN181228P01240000
AMZN,1673.57,*,AMZN181228C01250000,,call,12/28/2018,11/29/2018,1250,280.4,424.9,432.7,0,2,0.3874,0.9972,0,-39.0901,3.9628,AMZN181228C01250000
AMZN,1673.57,*,AMZN181228P01250000,,put,12/28/2018,11/29/2018,1250,1.65,1.16,1.6,1,11,0.4608,-0.0094,0.0001,-34.4048,11.721,AMZN181228P01250000
AMZN,1673.57,*,AMZN181228C01260000,,call,12/28/2018,11/29/2018,1260,0,412.8,420.95,0,0,0.3874,0.9965,0.0001,-41.511,4.8504,AMZN181228C01260000
AMZN,1673.57,*,AMZN181228P01260000,,put,12/28/2018,11/29/2018,1260,1.83,1.23,1.74,0,8,0.4608,-0.011,0.0001,-39.7242,13.5366,AMZN181228P01260000
AMZN,1673.57,*,AMZN181228C01270000,,call,12/28/2018,11/29/2018,1270,381.95,403.25,412.95,0,2,0.3874,0.9957,0.0001,-44.3188,5.8954,AMZN181228C01270000
AMZN,1673.57,*,AMZN181228P01270000,,put,12/28/2018,11/29/2018,1270,1.75,1.32,1.7,6,21,0.4608,-0.0129,0.0002,-45.6394,15.5562,AMZN181228P01270000
AMZN,1673.57,*,AMZN181228C01280000,,call,12/28/2018,11/29/2018,1280,249.8,393.4,403,0,6,0.3874,0.9947,0.0001,-47.5597,7.1167,AMZN181228C01280000
AMZN,1673.57,*,AMZN181228P01280000,,put,12/28/2018,11/29/2018,1280,2.03,1.46,1.94,15,45,0.4608,-0.0151,0.0002,-52.1819,17.7909,AMZN181228P01280000
AMZN,1673.57,*,AMZN181228C01290000,,call,12/28/2018,11/29/2018,1290,234.45,383.5,393.25,0,4,0.3874,0.9935,0.0001,-51.2812,8.5339,AMZN181228C01290000
AMZN,1673.57,*,AMZN181228P01290000,,put,12/28/2018,11/29/2018,1290,3.06,1.58,2.07,0,36,0.4608,-0.0176,0.0002,-59.38,20.2506,AMZN181228P01290000
AMZN,1673.57,*,AMZN181228C01300000,,call,12/28/2018,11/29/2018,1300,384.53,373.4,381.55,0,7,0.3874,0.992,0.0001,-55.5312,10.1666,AMZN181228C01300000
AMZN,1673.57,*,AMZN181228P01300000,,put,12/28/2018,11/29/2018,1300,1.9,1.73,2.21,7,120,0.4608,-0.0204,0.0002,-67.2582,22.9438,AMZN181228P01300000
AMZN,1673.57,*,AMZN181228C01310000,,call,12/28/2018,11/29/2018,1310,244.3,363.6,371.75,0,1,0.3874,0.9904,0.0001,-60.3573,12.0344,AMZN181228C01310000
AMZN,1673.57,*,AMZN181228P01310000,,put,12/28/2018,11/29/2018,1310,2.17,1.87,2.43,6,27,0.4608,-0.0235,0.0003,-75.8363,25.8776,AMZN181228P01310000
AMZN,1673.57,*,AMZN181228C01320000,,call,12/28/2018,11/29/2018,1320,184.8,354.2,363.9,0,2,0.3874,0.9884,0.0002,-65.8057,14.1563,AMZN181228C01320000
AMZN,1673.57,*,AMZN181228P01320000,,put,12/28/2018,11/29/2018,1320,2.35,2.05,2.6,8,29,0.4608,-0.027,0.0003,-85.129,29.0573,AMZN181228P01320000
AMZN,1673.57,*,AMZN181228C01330000,,call,12/28/2018,11/29/2018,1330,201.1,344.4,354,0,2,0.3874,0.9861,0.0002,-71.9203,16.5505,AMZN181228C01330000
AMZN,1673.57,*,AMZN181228P01330000,,put,12/28/2018,11/29/2018,1330,2.4,2.28,2.82,5,29,0.4558,-0.0296,0.0003,-90.7954,31.3423,AMZN181228P01330000
AMZN,1673.57,*,AMZN181228C01340000,,call,12/28/2018,11/29/2018,1340,331.7,334.35,342.45,2,3,0.3874,0.9834,0.0002,-78.7413,19.2338,AMZN181228C01340000
AMZN,1673.57,*,AMZN181228P01340000,,put,12/28/2018,11/29/2018,1340,2.59,2.52,3.1,0,71,0.4513,-0.0325,0.0003,-97.1967,33.8988,AMZN181228P01340000
AMZN,1673.57,*,AMZN181228C01350000,,call,12/28/2018,11/29/2018,1350,296.15,324.6,332.7,0,1,0.3874,0.9804,0.0003,-86.3043,22.2212,AMZN181228C01350000
AMZN,1673.57,*,AMZN181228P01350000,,put,12/28/2018,11/29/2018,1350,2.98,2.7,3.4,7,150,0.4454,-0.0353,0.0004,-102.6172,36.2774,AMZN181228P01350000
AMZN,1673.57,*,AMZN181228C01360000,,call,12/28/2018,11/29/2018,1360,212.1,315.2,324.95,0,1,0.3874,0.9769,0.0003,-94.6392,25.5251,AMZN181228C01360000
AMZN,1673.57,*,AMZN181228P01360000,,put,12/28/2018,11/29/2018,1360,3.07,2.92,3.7,0,54,0.4395,-0.0383,0.0004,-108.2705,38.8057,AMZN181228P01360000
AMZN,1673.57,*,AMZN181228C01370000,,call,12/28/2018,11/29/2018,1370,277.1,305.8,315.5,0,1,0.3874,0.9729,0.0003,-103.7684,29.1553,AMZN181228C01370000
AMZN,1673.57,*,AMZN181228P01370000,,put,12/28/2018,11/29/2018,1370,3.6,3.3,4,5,19,0.4352,-0.0421,0.0004,-115.763,41.9184,AMZN181228P01370000
AMZN,1673.57,*,AMZN181228C01380000,,call,12/28/2018,11/29/2018,1380,304.6,295.75,305.5,0,21,0.3874,0.9684,0.0004,-113.7066,33.1184,AMZN181228C01380000
AMZN,1673.57,*,AMZN181228P01380000,,put,12/28/2018,11/29/2018,1380,4.33,3.65,4.4,0,34,0.4308,-0.0463,0.0005,-123.5028,45.1974,AMZN181228P01380000
AMZN,1673.57,*,AMZN181228C01390000,,call,12/28/2018,11/29/2018,1390,149.3,286.5,296.4,0,9,0.3874,0.9633,0.0004,-124.459,37.4172,AMZN181228C01390000
AMZN,1673.57,*,AMZN181228P01390000,,put,12/28/2018,11/29/2018,1390,4.8,4,4.85,0,31,0.4262,-0.0507,0.0005,-131.3695,48.6175,AMZN181228P01390000
AMZN,1673.57,*,AMZN181228C01400000,,call,12/28/2018,11/29/2018,1400,272.72,277,286.85,0,7,0.3874,0.9577,0.0005,-136.0209,42.0504,AMZN181228C01400000
AMZN,1673.57,*,AMZN181228P01400000,,put,12/28/2018,11/29/2018,1400,4.45,4.4,5.3,8,154,0.4214,-0.0554,0.0006,-139.338,52.1792,AMZN181228P01400000
AMZN,1673.57,*,AMZN181228C01410000,,call,12/28/2018,11/29/2018,1410,124.08,267.5,277.35,0,20,0.3874,0.9514,0.0006,-148.3766,47.0125,AMZN181228C01410000
AMZN,1673.57,*,AMZN181228P01410000,,put,12/28/2018,11/29/2018,1410,4.95,4.95,5.8,2,182,0.4177,-0.061,0.0006,-148.8706,56.2708,AMZN181228P01410000
AMZN,1673.57,*,AMZN181228C01420000,,call,12/28/2018,11/29/2018,1420,200,258.1,268,0,8,0.3874,0.9444,0.0006,-161.4991,52.2932,AMZN181228C01420000
AMZN,1673.57,*,AMZN181228P01420000,,put,12/28/2018,11/29/2018,1420,5.92,5.5,6.4,0,32,0.4139,-0.067,0.0007,-158.652,60.5504,AMZN181228P01420000
AMZN,1673.57,*,AMZN181228C01430000,,call,12/28/2018,11/29/2018,1430,136.05,248.65,258.5,0,6,0.3874,0.9368,0.0007,-175.3494,57.8776,AMZN181228C01430000
AMZN,1673.57,*,AMZN181228P01430000,,put,12/28/2018,11/29/2018,1430,6.6,6.1,7,1,38,0.4097,-0.0734,0.0007,-168.2913,64.9239,AMZN181228P01430000
AMZN,1673.57,*,AMZN181228C01440000,,call,12/28/2018,11/29/2018,1440,185.7,239.35,249,0,3,0.3874,0.9283,0.0008,-189.8768,63.7459,AMZN181228C01440000
AMZN,1673.57,*,AMZN181228P01440000,,put,12/28/2018,11/29/2018,1440,7.93,6.8,7.75,4,65,0.4063,-0.0807,0.0008,-179.2176,69.758,AMZN181228P01440000
AMZN,1673.57,*,AMZN181228C01450000,,call,12/28/2018,11/29/2018,1450,134,230.25,240,0,5,0.3874,0.9192,0.0008,-205.0186,69.8734,AMZN181228C01450000
AMZN,1673.57,*,AMZN181228P01450000,,put,12/28/2018,11/29/2018,1450,7.22,7.5,8.5,88,80,0.4021,-0.0881,0.0009,-189.4442,74.5552,AMZN181228P01450000
AMZN,1673.57,*,AMZN181228C01460000,,call,12/28/2018,11/29/2018,1460,145.13,221,230.85,0,5,0.3874,0.9092,0.0009,-220.7004,76.2309,AMZN181228C01460000
AMZN,1673.57,*,AMZN181228P01460000,,put,12/28/2018,11/29/2018,1460,7.6,8.3,9.35,8,37,0.3983,-0.0964,0.0009,-200.424,79.6808,AMZN181228P01460000
AMZN,1673.57,*,AMZN181228C01467500,,call,12/28/2018,11/29/2018,1467.5,0,214.7,224,0,0,0.3874,0.9012,0.001,-232.7653,81.1297,AMZN181228C01467500
AMZN,1673.57,*,AMZN181228P01467500,,put,12/28/2018,11/29/2018,1467.5,9.8,8.95,10.05,2,6,0.3955,-0.1031,0.001,-208.8689,83.669,AMZN181228P01467500
AMZN,1673.57,*,AMZN181228C01470000,,call,12/28/2018,11/29/2018,1470,162.75,213.45,221.8,0,17,0.3874,0.8984,0.001,-236.837,82.7844,AMZN181228C01470000
AMZN,1673.57,*,AMZN181228P01470000,,put,12/28/2018,11/29/2018,1470,8.9,9.2,10.35,3,87,0.3951,-0.1057,0.001,-212.4054,85.1859,AMZN181228P01470000
AMZN,1673.57,*,AMZN181228C01472500,,call,12/28/2018,11/29/2018,1472.5,0,209.65,219.4,0,0,0.3874,0.8956,0.001,-240.9312,84.4491,AMZN181228C01472500
AMZN,1673.57,*,AMZN181228P01472500,,put,12/28/2018,11/29/2018,1472.5,18.55,9.5,10.6,0,28,0.3945,-0.1082,0.001,-215.6951,86.6517,AMZN181228P01472500
AMZN,1673.57,*,AMZN181228C01475000,,call,12/28/2018,11/29/2018,1475,0,207.1,215.7,0,0,0.3874,0.8927,0.001,-245.0464,86.123,AMZN181228C01475000
AMZN,1673.57,*,AMZN181228P01475000,,put,12/28/2018,11/29/2018,1475,11.28,9.75,10.85,2,18,0.3937,-0.1107,0.001,-218.7343,88.0669,AMZN181228P01475000
AMZN,1673.57,*,AMZN181228C01477500,,call,12/28/2018,11/29/2018,1477.5,0,205.55,214.8,0,0,0.3944,0.886,0.001,-258.414,89.9459,AMZN181228C01477500
AMZN,1673.57,*,AMZN181228P01477500,,put,12/28/2018,11/29/2018,1477.5,10.55,10,11.1,1,5,0.3927,-0.1131,0.001,-221.5195,89.432,AMZN181228P01477500
AMZN,1673.57,*,AMZN181228C01480000,,call,12/28/2018,11/29/2018,1480,100,202.9,212.4,0,10,0.394,0.8832,0.0011,-262.0666,91.4993,AMZN181228C01480000
AMZN,1673.57,*,AMZN181228P01480000,,put,12/28/2018,11/29/2018,1480,9.94,10.25,11.45,9,60,0.3922,-0.1158,0.0011,-224.9743,90.9587,AMZN181228P01480000
AMZN,1673.57,*,AMZN181228C01482500,,call,12/28/2018,11/29/2018,1482.5,210.7,200.7,210.5,3,0,0.3944,0.88,0.0011,-266.7931,93.2981,AMZN181228C01482500
AMZN,1673.57,*,AMZN181228P01482500,,put,12/28/2018,11/29/2018,1482.5,0,10.5,11.75,0,0,0.3914,-0.1184,0.0011,-228.0411,92.4043,AMZN181228P01482500
AMZN,1673.57,*,AMZN181228C01485000,,call,12/28/2018,11/29/2018,1485,98.7,200.1,208.5,0,2,0.3944,0.8769,0.0011,-271.0012,94.9827,AMZN181228C01485000
AMZN,1673.57,*,AMZN181228P01485000,,put,12/28/2018,11/29/2018,1485,0,10.75,12.05,0,0,0.3905,-0.121,0.0011,-230.9819,93.8296,AMZN181228P01485000
AMZN,1673.57,*,AMZN181228C01487500,,call,12/28/2018,11/29/2018,1487.5,203.75,196.5,206,4,0,0.3944,0.8737,0.0011,-275.2195,96.6722,AMZN181228C01487500
AMZN,1673.57,*,AMZN181228P01487500,,put,12/28/2018,11/29/2018,1487.5,14.9,11.1,12.25,2,5,0.3896,-0.1237,0.0011,-233.9281,95.2645,AMZN181228P01487500
AMZN,1673.57,*,AMZN181228C01490000,,call,12/28/2018,11/29/2018,1490,197.4,194.15,203.9,1,6,0.3932,0.8712,0.0011,-277.8399,98.0207,AMZN181228C01490000
AMZN,1673.57,*,AMZN181228P01490000,,put,12/28/2018,11/29/2018,1490,10.96,11.35,12.55,16,40,0.3886,-0.1263,0.0011,-236.7451,96.679,AMZN181228P01490000
AMZN,1673.57,*,AMZN181228C01492500,,call,12/28/2018,11/29/2018,1492.5,0,192.2,200.45,0,0,0.3883,0.8706,0.0012,-275.5035,98.3076,AMZN181228C01492500
AMZN,1673.57,*,AMZN181228P01492500,,put,12/28/2018,11/29/2018,1492.5,14.41,11.5,12.95,1,0,0.3875,-0.1289,0.0012,-239.4311,98.0736,AMZN181228P01492500
AMZN,1673.57,*,AMZN181228C01495000,,call,12/28/2018,11/29/2018,1495,199.3,190,199.1,1,1,0.3912,0.8657,0.0012,-283.6198,100.8594,AMZN181228C01495000
AMZN,1673.57,*,AMZN181228P01495000,,put,12/28/2018,11/29/2018,1495,42.46,11.7,13.25,0,30,0.3861,-0.1314,0.0012,-241.7162,99.39,AMZN181228P01495000
AMZN,1673.57,*,AMZN181228C01497500,,call,12/28/2018,11/29/2018,1497.5,0,187.85,197.35,0,0,0.3925,0.8617,0.0012,-289.6027,102.9367,AMZN181228C01497500
AMZN,1673.57,*,AMZN181228P01497500,,put,12/28/2018,11/29/2018,1497.5,63.45,12.1,13.55,0,10,0.3857,-0.1345,0.0012,-245.344,101.006,AMZN181228P01497500
AMZN,1673.57,*,AMZN181228C01500000,,call,12/28/2018,11/29/2018,1500,200,185.65,195,1,39,0.3908,0.8592,0.0012,-291.553,104.1766,AMZN181228C01500000
AMZN,1673.57,*,AMZN181228P01500000,,put,12/28/2018,11/29/2018,1500,11.8,12.55,13.9,37,101,0.3857,-0.1379,0.0012,-249.5123,102.7413,AMZN181228P01500000
AMZN,1673.57,*,AMZN181228C01502500,,call,12/28/2018,11/29/2018,1502.5,0,183.55,193,0,0,0.3911,0.8556,0.0012,-296.1939,105.9763,AMZN181228C01502500
AMZN,1673.57,*,AMZN181228P01502500,,put,12/28/2018,11/29/2018,1502.5,12,12.85,14.2,22,2,0.3846,-0.1408,0.0012,-252.2007,104.168,AMZN181228P01502500
AMZN,1673.57,*,AMZN181228C01505000,,call,12/28/2018,11/29/2018,1505,111.45,182,190.85,0,1,0.3936,0.8507,0.0013,-303.8009,108.3626,AMZN181228C01505000
AMZN,1673.57,*,AMZN181228P01505000,,put,12/28/2018,11/29/2018,1505,14.05,13,14.55,2,24,0.383,-0.1434,0.0013,-254.2122,105.4622,AMZN181228P01505000
AMZN,1673.57,*,AMZN181228C01507500,,call,12/28/2018,11/29/2018,1507.5,108.6,179.25,188.75,0,3,0.3899,0.8492,0.0013,-303.042,109.0893,AMZN181228C01507500
AMZN,1673.57,*,AMZN181228P01507500,,put,12/28/2018,11/29/2018,1507.5,0,13.35,14.95,0,0,0.3825,-0.1466,0.0013,-257.7031,107.0726,AMZN181228P01507500
AMZN,1673.57,*,AMZN181228C01510000,,call,12/28/2018,11/29/2018,1510,180.4,178.45,186.65,1,21,0.3944,0.8432,0.0013,-313.3415,111.9786,AMZN181228C01510000
AMZN,1673.57,*,AMZN181228P01510000,,put,12/28/2018,11/29/2018,1510,14.75,13.85,15.2,6,62,0.382,-0.1499,0.0013,-261.1902,108.6866,AMZN181228P01510000
AMZN,1673.57,*,AMZN181228C01512500,,call,12/28/2018,11/29/2018,1512.5,92,175.6,184.5,0,0,0.3915,0.8411,0.0013,-313.6468,112.9392,AMZN181228C01512500
AMZN,1673.57,*,AMZN181228P01512500,,put,12/28/2018,11/29/2018,1512.5,16.72,14.15,15.65,0,2,0.3814,-0.1532,0.0013,-264.5369,110.2765,AMZN181228P01512500
AMZN,1673.57,*,AMZN181228C01515000,,call,12/28/2018,11/29/2018,1515,168.71,173.5,181.1,0,1,0.3856,0.8407,0.0013,-309.8901,113.1359,AMZN181228C01515000
AMZN,1673.57,*,AMZN181228P01515000,,put,12/28/2018,11/29/2018,1515,17.7,14.75,15.95,2,44,0.3814,-0.157,0.0014,-268.6873,112.0296,AMZN181228P01515000
AMZN,1673.57,*,AMZN181228C01517500,,call,12/28/2018,11/29/2018,1517.5,0,171.4,179.9,0,0,0.3886,0.8353,0.0014,-318.1409,115.6282,AMZN181228C01517500
AMZN,1673.57,*,AMZN181228P01517500,,put,12/28/2018,11/29/2018,1517.5,20.7,15,16.4,0,2,0.3804,-0.1601,0.0014,-271.478,113.5176,AMZN181228P01517500
AMZN,1673.57,*,AMZN181228C01520000,,call,12/28/2018,11/29/2018,1520,172.46,169.3,178,3,29,0.3887,0.8314,0.0014,-322.4627,117.3664,AMZN181228C01520000
AMZN,1673.57,*,AMZN181228P01520000,,put,12/28/2018,11/29/2018,1520,15.16,15.5,16.75,15,32,0.3799,-0.1637,0.0014,-274.9342,115.1401,AMZN181228P01520000
AMZN,1673.57,*,AMZN181228C01522500,,call,12/28/2018,11/29/2018,1522.5,76.85,166.7,175.55,0,3,0.3842,0.8301,0.0014,-320.5642,117.9714,AMZN181228C01522500
AMZN,1673.57,*,AMZN181228P01522500,,put,12/28/2018,11/29/2018,1522.5,0,15.55,17.2,0,0,0.3779,-0.1664,0.0014,-276.3522,116.3784,AMZN181228P01522500
AMZN,1673.57,*,AMZN181228C01525000,,call,12/28/2018,11/29/2018,1525,135,164.55,173.5,0,15,0.3834,0.8266,0.0014,-323.6456,119.5005,AMZN181228C01525000
AMZN,1673.57,*,AMZN181228P01525000,,put,12/28/2018,11/29/2018,1525,21.91,16.1,17.6,0,5,0.3778,-0.1703,0.0014,-280.3243,118.1085,AMZN181228P01525000
AMZN,1673.57,*,AMZN181228C01527500,,call,12/28/2018,11/29/2018,1527.5,93,163.05,171.5,0,1,0.3856,0.8214,0.0015,-330.7536,121.7462,AMZN181228C01527500
AMZN,1673.57,*,AMZN181228P01527500,,put,12/28/2018,11/29/2018,1527.5,19.97,16.5,18.05,0,11,0.3772,-0.1739,0.0015,-283.6062,119.7101,AMZN181228P01527500
AMZN,1673.57,*,AMZN181228C01530000,,call,12/28/2018,11/29/2018,1530,178.15,160.5,169.15,4,42,0.3816,0.8196,0.0015,-329.4905,122.5137,AMZN181228C01530000
AMZN,1673.57,*,AMZN181228P01530000,,put,12/28/2018,11/29/2018,1530,16.66,17.25,18.4,22,67,0.3776,-0.1781,0.0015,-288.2201,121.5544,AMZN181228P01530000
AMZN,1673.57,*,AMZN181228C01532500,,call,12/28/2018,11/29/2018,1532.5,149.54,158.45,167.35,0,2,0.3819,0.8154,0.0015,-334.0004,124.3,AMZN181228C01532500
AMZN,1673.57,*,AMZN181228P01532500,,put,12/28/2018,11/29/2018,1532.5,43.5,17.4,18.95,0,1,0.3762,-0.1814,0.0015,-290.3887,122.9584,AMZN181228P01532500
AMZN,1673.57,*,AMZN181228C01535000,,call,12/28/2018,11/29/2018,1535,164.72,156.9,164.25,0,15,0.3794,0.8127,0.0015,-334.7243,125.4374,AMZN181228C01535000
AMZN,1673.57,*,AMZN181228P01535000,,put,12/28/2018,11/29/2018,1535,21.12,18.05,19.3,5,23,0.3759,-0.1854,0.0015,-294.0198,124.6254,AMZN181228P01535000
AMZN,1673.57,*,AMZN181228C01537500,,call,12/28/2018,11/29/2018,1537.5,107.05,154.85,163.5,0,9,0.3839,0.806,0.0015,-344.8223,128.1431,AMZN181228C01537500
AMZN,1673.57,*,AMZN181228P01537500,,put,12/28/2018,11/29/2018,1537.5,19.05,18.55,19.8,2,1,0.3756,-0.1894,0.0015,-297.6284,126.2866,AMZN181228P01537500
AMZN,1673.57,*,AMZN181228C01540000,,call,12/28/2018,11/29/2018,1540,158.35,152.85,161.3,1,26,0.3827,0.8025,0.0016,-347.2427,129.5636,AMZN181228C01540000
AMZN,1673.57,*,AMZN181228P01540000,,put,12/28/2018,11/29/2018,1540,17.51,18.95,20.25,10,50,0.3746,-0.1931,0.0016,-300.2734,127.784,AMZN181228P01540000
AMZN,1673.57,*,AMZN181228C01550000,,call,12/28/2018,11/29/2018,1550,157.35,145.1,153.9,4,56,0.3829,0.7851,0.0016,-363.3096,136.2157,AMZN181228C01550000
AMZN,1673.57,*,AMZN181228P01550000,,put,12/28/2018,11/29/2018,1550,20.46,20.95,22.25,55,80,0.3723,-0.2093,0.0017,-312.8693,134.1113,AMZN181228P01550000
AMZN,1673.57,*,AMZN181228C01560000,,call,12/28/2018,11/29/2018,1560,145,139.6,143.05,0,27,0.3785,0.7693,0.0017,-372.7294,141.8405,AMZN181228C01560000
AMZN,1673.57,*,AMZN181228P01560000,,put,12/28/2018,11/29/2018,1560,22.46,23.1,24.4,6,35,0.3698,-0.2262,0.0017,-324.6858,140.28,AMZN181228P01560000
AMZN,1673.57,*,AMZN181228C01570000,,call,12/28/2018,11/29/2018,1570,89.65,131.8,135.2,0,34,0.3744,0.7524,0.0018,-381.9455,147.4137,AMZN181228C01570000
AMZN,1673.57,*,AMZN181228P01570000,,put,12/28/2018,11/29/2018,1570,23.69,25.35,26.85,27,50,0.3675,-0.2442,0.0018,-336.1369,146.3167,AMZN181228P01570000
AMZN,1673.57,*,AMZN181228C01577500,,call,12/28/2018,11/29/2018,1577.5,81.7,126.25,129.6,0,11,0.3726,0.7386,0.0019,-390.0439,151.6721,AMZN181228C01577500
AMZN,1673.57,*,AMZN181228P01577500,,put,12/28/2018,11/29/2018,1577.5,31.5,27.15,28.65,2,7,0.3653,-0.258,0.0019,-343.6253,150.6286,AMZN181228P01577500
AMZN,1673.57,*,AMZN181228C01580000,,call,12/28/2018,11/29/2018,1580,122.6,124.35,127.7,1,62,0.3716,0.734,0.0019,-392.1265,153.006,AMZN181228C01580000
AMZN,1673.57,*,AMZN181228P01580000,,put,12/28/2018,11/29/2018,1580,27.1,27.75,29.25,7,45,0.3644,-0.2626,0.0019,-345.8069,152.0135,AMZN181228P01580000
AMZN,1673.57,*,AMZN181228C01582500,,call,12/28/2018,11/29/2018,1582.5,95.8,122.55,125.9,0,4,0.3712,0.7292,0.0019,-394.9265,154.4041,AMZN181228C01582500
AMZN,1673.57,*,AMZN181228P01582500,,put,12/28/2018,11/29/2018,1582.5,27.2,28.15,29.95,22,4,0.3631,-0.2671,0.0019,-347.423,153.3298,AMZN181228P01582500
AMZN,1673.57,*,AMZN181228C01585000,,call,12/28/2018,11/29/2018,1585,124,120.75,124.1,2,42,0.3706,0.7244,0.0019,-397.4134,155.7572,AMZN181228C01585000
AMZN,1673.57,*,AMZN181228P01585000,,put,12/28/2018,11/29/2018,1585,50.08,29.1,30.6,0,12,0.3634,-0.2724,0.002,-351.0381,154.8447,AMZN181228P01585000
AMZN,1673.57,*,AMZN181228C01587500,,call,12/28/2018,11/29/2018,1587.5,124.45,119,122.05,1,14,0.3694,0.7198,0.002,-399.0789,157.0204,AMZN181228C01587500
AMZN,1673.57,*,AMZN181228P01587500,,put,12/28/2018,11/29/2018,1587.5,0,29.8,31.4,0,32,0.3632,-0.2775,0.002,-353.9497,156.2677,AMZN181228P01587500
AMZN,1673.57,*,AMZN181228C01590000,,call,12/28/2018,11/29/2018,1590,120.2,117.1,120.2,0,36,0.3683,0.7151,0.002,-400.8166,158.2812,AMZN181228C01590000
AMZN,1673.57,*,AMZN181228P01590000,,put,12/28/2018,11/29/2018,1590,32.88,30.45,32,3,31,0.3622,-0.2823,0.002,-355.781,157.5712,AMZN181228P01590000
AMZN,1673.57,*,AMZN181228C01592500,,call,12/28/2018,11/29/2018,1592.5,119.59,115.55,118.5,0,32,0.3687,0.7097,0.002,-404.3936,159.6888,AMZN181228C01592500
AMZN,1673.57,*,AMZN181228P01592500,,put,12/28/2018,11/29/2018,1592.5,29.74,30.7,32.7,40,40,0.3601,-0.2866,0.002,-356.1598,158.7323,AMZN181228P01592500
AMZN,1673.57,*,AMZN181228C01595000,,call,12/28/2018,11/29/2018,1595,113.95,113.7,116.65,1,31,0.3676,0.7049,0.002,-406.0091,160.9104,AMZN181228C01595000
AMZN,1673.57,*,AMZN181228P01595000,,put,12/28/2018,11/29/2018,1595,30.43,31.85,33.35,70,55,0.3607,-0.2922,0.002,-359.8998,160.1819,AMZN181228P01595000
AMZN,1673.57,*,AMZN181228C01597500,,call,12/28/2018,11/29/2018,1597.5,69.9,111.95,115,0,5,0.3673,0.6997,0.002,-408.5687,162.1928,AMZN181228C01597500
AMZN,1673.57,*,AMZN181228P01597500,,put,12/28/2018,11/29/2018,1597.5,29.95,32.2,34.1,1,5,0.359,-0.2969,0.0021,-360.6686,161.3579,AMZN181228P01597500
AMZN,1673.57,*,AMZN181228C01600000,,call,12/28/2018,11/29/2018,1600,116.55,110.15,113.1,14,72,0.3661,0.6948,0.0021,-409.933,163.3658,AMZN181228C01600000
AMZN,1673.57,*,AMZN181228P01600000,,put,12/28/2018,11/29/2018,1600,32.13,33.3,34.9,34,141,0.3597,-0.3026,0.0021,-364.3916,162.7575,AMZN181228P01600000
AMZN,1673.57,*,AMZN181228C01602500,,call,12/28/2018,11/29/2018,1602.5,107.73,108.15,111.3,2,12,0.3645,0.6901,0.0021,-410.7349,164.4854,AMZN181228C01602500
AMZN,1673.57,*,AMZN181228P01602500,,put,12/28/2018,11/29/2018,1602.5,57.14,33.65,35.65,0,4,0.3579,-0.3074,0.0021,-364.9091,163.8872,AMZN181228P01602500
AMZN,1673.57,*,AMZN181228C01605000,,call,12/28/2018,11/29/2018,1605,118.55,106.55,109.7,1,65,0.3646,0.6846,0.0021,-413.5894,165.7313,AMZN181228C01605000
AMZN,1673.57,*,AMZN181228P01605000,,put,12/28/2018,11/29/2018,1605,45.52,34.35,36.5,0,20,0.3573,-0.3127,0.0021,-366.8622,165.1091,AMZN181228P01605000
AMZN,1673.57,*,AMZN181228C01607500,,call,12/28/2018,11/29/2018,1607.5,104.12,105.15,107.8,1,6,0.3644,0.6792,0.0021,-415.9949,166.9211,AMZN181228C01607500
AMZN,1673.57,*,AMZN181228P01607500,,put,12/28/2018,11/29/2018,1607.5,32.98,35.65,37.2,1,4,0.3581,-0.3185,0.0021,-370.4821,166.4197,AMZN181228P01607500
AMZN,1673.57,*,AMZN181228C01610000,,call,12/28/2018,11/29/2018,1610,114,103.25,106.3,7,59,0.3637,0.6739,0.0021,-417.7065,168.044,AMZN181228C01610000
AMZN,1673.57,*,AMZN181228P01610000,,put,12/28/2018,11/29/2018,1610,38.99,36.3,38.05,2,32,0.3572,-0.3238,0.0022,-371.9127,167.5583,AMZN181228P01610000
AMZN,1673.57,*,AMZN181228C01612500,,call,12/28/2018,11/29/2018,1612.5,99,101.55,104.55,2,4,0.3629,0.6687,0.0021,-419.2213,169.1339,AMZN181228C01612500
AMZN,1673.57,*,AMZN181228P01612500,,put,12/28/2018,11/29/2018,1612.5,35.5,37.2,38.85,1,2,0.3569,-0.3293,0.0022,-374.0109,168.7149,AMZN181228P01612500
AMZN,1673.57,*,AMZN181228C01615000,,call,12/28/2018,11/29/2018,1615,85.3,100,102.85,0,19,0.3626,0.6632,0.0022,-421.2753,170.2292,AMZN181228C01615000
AMZN,1673.57,*,AMZN181228P01615000,,put,12/28/2018,11/29/2018,1615,42.06,37.95,39.7,0,16,0.3562,-0.3347,0.0022,-375.5382,169.8133,AMZN181228P01615000
AMZN,1673.57,*,AMZN181228C01617500,,call,12/28/2018,11/29/2018,1617.5,96.25,98.4,101.2,3,16,0.3621,0.6577,0.0022,-423.0047,171.2812,AMZN181228C01617500
AMZN,1673.57,*,AMZN181228P01617500,,put,12/28/2018,11/29/2018,1617.5,128.54,38.4,40.5,0,0,0.3544,-0.3398,0.0022,-375.6393,170.8146,AMZN181228P01617500
AMZN,1673.57,*,AMZN181228C01620000,,call,12/28/2018,11/29/2018,1620,106.5,96.55,99.45,5,59,0.3606,0.6525,0.0022,-423.4339,172.2482,AMZN181228C01620000
AMZN,1673.57,*,AMZN181228P01620000,,put,12/28/2018,11/29/2018,1620,36.15,39.6,41.3,7,61,0.3547,-0.3457,0.0022,-378.2364,171.9177,AMZN181228P01620000
AMZN,1673.57,*,AMZN181228C01622500,,call,12/28/2018,11/29/2018,1622.5,106.4,95.05,97.95,1,20,0.3608,0.6468,0.0022,-425.8577,173.2777,AMZN181228C01622500
AMZN,1673.57,*,AMZN181228P01622500,,put,12/28/2018,11/29/2018,1622.5,99.4,39.95,42.45,0,4,0.3534,-0.351,0.0023,-378.7956,172.8964,AMZN181228P01622500
AMZN,1673.57,*,AMZN181228C01625000,,call,12/28/2018,11/29/2018,1625,101,93.3,96.2,79,24,0.3594,0.6415,0.0022,-426.2522,174.1958,AMZN181228C01625000
AMZN,1673.57,*,AMZN181228P01625000,,put,12/28/2018,11/29/2018,1625,48,41.5,43.05,3,15,0.354,-0.357,0.0023,-381.5858,173.9413,AMZN181228P01625000
AMZN,1673.57,*,AMZN181228C01627500,,call,12/28/2018,11/29/2018,1627.5,99.04,92,94.45,2,5,0.3593,0.6357,0.0022,-428.1423,175.1429,AMZN181228C01627500
AMZN,1673.57,*,AMZN181228P01627500,,put,12/28/2018,11/29/2018,1627.5,115,41.85,44.1,0,2,0.3523,-0.3624,0.0023,-381.4961,174.8414,AMZN181228P01627500
AMZN,1673.57,*,AMZN181228C01630000,,call,12/28/2018,11/29/2018,1630,90.25,90.3,92.95,1,38,0.3593,0.63,0.0023,-430.0653,176.0568,AMZN181228C01630000
AMZN,1673.57,*,AMZN181228P01630000,,put,12/28/2018,11/29/2018,1630,46.88,43.05,44.9,3,57,0.3523,-0.3683,0.0023,-383.3827,175.7851,AMZN181228P01630000
AMZN,1673.57,*,AMZN181228C01632500,,call,12/28/2018,11/29/2018,1632.5,92.8,88.75,91.45,3,4,0.3583,0.6244,0.0023,-430.6942,176.8988,AMZN181228C01632500
AMZN,1673.57,*,AMZN181228P01632500,,put,12/28/2018,11/29/2018,1632.5,157.7,43.65,46,0,2,0.3513,-0.3739,0.0023,-383.9727,176.6534,AMZN181228P01632500
AMZN,1673.57,*,AMZN181228C01635000,,call,12/28/2018,11/29/2018,1635,95.9,87.1,89.9,2,15,0.3568,0.6189,0.0023,-430.6369,177.6941,AMZN181228C01635000
AMZN,1673.57,*,AMZN181228P01635000,,put,12/28/2018,11/29/2018,1635,128.75,44.6,46.9,0,8,0.3507,-0.3797,0.0023,-384.9577,177.5023,AMZN181228P01635000
AMZN,1673.57,*,AMZN181228C01637500,,call,12/28/2018,11/29/2018,1637.5,81.18,85.45,89.1,0,5,0.3587,0.6127,0.0023,-434.5743,178.5523,AMZN181228C01637500
AMZN,1673.57,*,AMZN181228P01637500,,put,12/28/2018,11/29/2018,1637.5,50.82,46,47.8,10,1,0.3513,-0.3858,0.0023,-387.2936,178.3493,AMZN181228P01637500
AMZN,1673.57,*,AMZN181228C01640000,,call,12/28/2018,11/29/2018,1640,93.83,83.95,86.75,15,55,0.3559,0.6073,0.0023,-432.7833,179.2475,AMZN181228C01640000
AMZN,1673.57,*,AMZN181228P01640000,,put,12/28/2018,11/29/2018,1640,47.77,47,48.7,9,46,0.3506,-0.3917,0.0023,-387.9751,179.1187,AMZN181228P01640000
AMZN,1673.57,*,AMZN181228C01642500,,call,12/28/2018,11/29/2018,1642.5,65.62,82.8,85.1,0,3,0.356,0.6014,0.0023,-434.3772,179.9798,AMZN181228C01642500
AMZN,1673.57,*,AMZN181228P01642500,,put,12/28/2018,11/29/2018,1642.5,54,47.9,49.7,0,1,0.3499,-0.3976,0.0024,-388.5652,179.8513,AMZN181228P01642500
AMZN,1673.57,*,AMZN181228C01645000,,call,12/28/2018,11/29/2018,1645,90,81.2,83.6,2,34,0.3551,0.5956,0.0023,-434.6831,180.6532,AMZN181228C01645000
AMZN,1673.57,*,AMZN181228P01645000,,put,12/28/2018,11/29/2018,1645,56.69,48.35,50.8,0,18,0.3482,-0.4033,0.0024,-387.8684,180.5278,AMZN181228P01645000
AMZN,1673.57,*,AMZN181228C01647500,,call,12/28/2018,11/29/2018,1647.5,33.5,79.45,82.7,0,6,0.3554,0.5896,0.0023,-436.3273,181.3084,AMZN181228C01647500
AMZN,1673.57,*,AMZN181228P01647500,,put,12/28/2018,11/29/2018,1647.5,60.96,49.7,51.95,0,4,0.3489,-0.4095,0.0024,-389.943,181.2097,AMZN181228P01647500
AMZN,1673.57,*,AMZN181228C01650000,,call,12/28/2018,11/29/2018,1650,85,78.25,80.6,11,157,0.3539,0.5838,0.0024,-435.7324,181.8986,AMZN181228C01650000
AMZN,1673.57,*,AMZN181228P01650000,,put,12/28/2018,11/29/2018,1650,49.02,50.9,52.8,51,89,0.3484,-0.4155,0.0024,-390.4891,181.8292,AMZN181228P01650000
AMZN,1673.57,*,AMZN181228C01652500,,call,12/28/2018,11/29/2018,1652.5,74.21,76.8,79.45,3,0,0.3542,0.5778,0.0024,-437.1857,182.4722,AMZN181228C01652500
AMZN,1673.57,*,AMZN181228P01652500,,put,12/28/2018,11/29/2018,1652.5,0,51.4,54,0,0,0.3468,-0.4214,0.0024,-389.6302,182.3965,AMZN181228P01652500
AMZN,1673.57,*,AMZN181228C01655000,,call,12/28/2018,11/29/2018,1655,76.02,75.45,77.7,17,34,0.353,0.5719,0.0024,-436.7591,182.9907,AMZN181228C01655000
AMZN,1673.57,*,AMZN181228P01655000,,put,12/28/2018,11/29/2018,1655,49.77,53.2,54.9,2,40,0.348,-0.4276,0.0024,-392.0046,182.9508,AMZN181228P01655000
AMZN,1673.57,*,AMZN181228C01657500,,call,12/28/2018,11/29/2018,1657.5,0,73.75,76.95,0,0,0.3535,0.5658,0.0024,-438.2563,183.4815,AMZN181228C01657500
AMZN,1673.57,*,AMZN181228P01657500,,put,12/28/2018,11/29/2018,1657.5,64.6,53.9,56.05,1,0,0.3466,-0.4337,0.0024,-391.1895,183.44,AMZN181228P01657500
AMZN,1673.57,*,AMZN181228C01660000,,call,12/28/2018,11/29/2018,1660,83,72.4,74.95,29,112,0.3515,0.5599,0.0024,-436.687,183.9176,AMZN181228C01660000
AMZN,1673.57,*,AMZN181228P01660000,,put,12/28/2018,11/29/2018,1660,53.15,55.2,57.1,19,39,0.3465,-0.4398,0.0024,-391.8205,183.8962,AMZN181228P01660000
AMZN,1673.57,*,AMZN181228C01662500,,call,12/28/2018,11/29/2018,1662.5,69.75,71.1,73.45,2,0,0.351,0.5539,0.0024,-436.8014,184.321,AMZN181228C01662500
AMZN,1673.57,*,AMZN181228P01662500,,put,12/28/2018,11/29/2018,1662.5,64.81,55.65,58.5,1,0,0.345,-0.4459,0.0025,-390.6895,184.3043,AMZN181228P01662500
AMZN,1673.57,*,AMZN181228C01665000,,call,12/28/2018,11/29/2018,1665,79.62,69.85,72.05,14,28,0.3507,0.5478,0.0024,-437.0548,184.6827,AMZN181228C01665000
AMZN,1673.57,*,AMZN181228P01665000,,put,12/28/2018,11/29/2018,1665,68.95,57.5,59.3,4,13,0.3456,-0.4521,0.0025,-391.9523,184.6751,AMZN181228P01665000
AMZN,1673.57,*,AMZN181228C01667500,,call,12/28/2018,11/29/2018,1667.5,77.35,68.4,70.7,46,0,0.3499,0.5417,0.0024,-436.6154,185.0014,AMZN181228C01667500
AMZN,1673.57,*,AMZN181228P01667500,,put,12/28/2018,11/29/2018,1667.5,56.5,58.45,60.55,3,0,0.3449,-0.4583,0.0025,-391.571,184.9991,AMZN181228P01667500
AMZN,1673.57,*,AMZN181228C01670000,,call,12/28/2018,11/29/2018,1670,74.6,67.2,69.3,20,151,0.3497,0.5356,0.0024,-436.7893,185.2775,AMZN181228C01670000
AMZN,1673.57,*,AMZN181228P01670000,,put,12/28/2018,11/29/2018,1670,58.53,59.7,61.7,18,9,0.3446,-0.4644,0.0025,-391.5639,185.2793,AMZN181228P01670000
AMZN,1673.57,*,AMZN181228C01672500,,call,12/28/2018,11/29/2018,1672.5,70,65.7,68.15,1,0,0.3492,0.5295,0.0024,-436.5071,185.5105,AMZN181228C01672500
AMZN,1673.57,*,AMZN181228P01672500,,put,12/28/2018,11/29/2018,1672.5,63.5,60.7,63.15,1,0,0.3444,-0.4706,0.0025,-391.575,185.5148,AMZN181228P01672500
AMZN,1673.57,*,AMZN181228C01675000,,call,12/28/2018,11/29/2018,1675,75,64.45,66.7,11,59,0.3484,0.5233,0.0025,-435.7676,185.7003,AMZN181228C01675000
AMZN,1673.57,*,AMZN181228P01675000,,put,12/28/2018,11/29/2018,1675,60,62,64.05,14,22,0.3434,-0.4769,0.0025,-390.5326,185.7063,AMZN181228P01675000
AMZN,1673.57,*,AMZN181228C01677500,,call,12/28/2018,11/29/2018,1677.5,67.51,63.2,65.3,11,0,0.3478,0.5172,0.0025,-435.1654,185.8462,AMZN181228C01677500
AMZN,1673.57,*,AMZN181228P01677500,,put,12/28/2018,11/29/2018,1677.5,68,63.15,65.55,2,0,0.3436,-0.4831,0.0025,-390.8179,185.8513,AMZN181228P01677500
AMZN,1673.57,*,AMZN181228C01680000,,call,12/28/2018,11/29/2018,1680,69.5,61.8,64.05,60,191,0.347,0.511,0.0025,-434.2235,185.9481,AMZN181228C01680000
AMZN,1673.57,*,AMZN181228P01680000,,put,12/28/2018,11/29/2018,1680,65.2,64.3,66.55,10,25,0.3424,-0.4894,0.0025,-389.3318,185.9527,AMZN181228P01680000
AMZN,1673.57,*,AMZN181228C01682500,,call,12/28/2018,11/29/2018,1682.5,68.15,60.5,62.9,3,0,0.3467,0.5048,0.0025,-433.7778,186.005,AMZN181228C01682500
AMZN,1673.57,*,AMZN181228P01682500,,put,12/28/2018,11/29/2018,1682.5,66.4,64.9,67.85,1,0,0.3404,-0.4958,0.0025,-386.7836,186.0083,AMZN181228P01682500
AMZN,1673.57,*,AMZN181228C01685000,,call,12/28/2018,11/29/2018,1685,65,59.55,61.5,21,31,0.3466,0.4987,0.0025,-433.4721,186.0176,AMZN181228C01685000
AMZN,1673.57,*,AMZN181228P01685000,,put,12/28/2018,11/29/2018,1685,67.14,66.2,69.15,0,11,0.3402,-0.5021,0.0025,-386.2841,186.0161,AMZN181228P01685000
AMZN,1673.57,*,AMZN181228C01687500,,call,12/28/2018,11/29/2018,1687.5,67.57,58.2,60.5,2,0,0.3465,0.4925,0.0025,-433.0679,185.9861,AMZN181228C01687500
AMZN,1673.57,*,AMZN181228P01687500,,put,12/28/2018,11/29/2018,1687.5,62.7,68.1,70.3,1,0,0.3411,-0.5082,0.0025,-387.0056,185.9795,AMZN181228P01687500
AMZN,1673.57,*,AMZN181228C01690000,,call,12/28/2018,11/29/2018,1690,66,56.8,59,7,331,0.3447,0.4862,0.0025,-430.5181,185.9065,AMZN181228C01690000
AMZN,1673.57,*,AMZN181228P01690000,,put,12/28/2018,11/29/2018,1690,67.4,69.25,71.8,27,23,0.3408,-0.5144,0.0025,-386.1876,185.8967,AMZN181228P01690000
AMZN,1673.57,*,AMZN181228C01695000,,call,12/28/2018,11/29/2018,1695,63.55,54.7,56.55,1,26,0.3443,0.4738,0.0025,-428.968,185.618,AMZN181228C01695000
AMZN,1673.57,*,AMZN181228P01695000,,put,12/28/2018,11/29/2018,1695,67.2,71.95,74.45,26,35,0.3403,-0.5269,0.0025,-384.3723,185.5946,AMZN181228P01695000
AMZN,1673.57,*,AMZN181228C01697500,,call,12/28/2018,11/29/2018,1697.5,51.55,53.4,55.55,1,54,0.344,0.4676,0.0025,-427.9248,185.4066,AMZN181228C01697500
AMZN,1673.57,*,AMZN181228P01697500,,put,12/28/2018,11/29/2018,1697.5,73.88,72.55,75.85,4,9,0.338,-0.5336,0.0025,-380.8238,185.3586,AMZN181228P01697500
AMZN,1673.57,*,AMZN181228C01700000,,call,12/28/2018,11/29/2018,1700,58.4,52.2,54,68,314,0.3423,0.4612,0.0025,-425.0771,185.1367,AMZN181228C01700000
AMZN,1673.57,*,AMZN181228P01700000,,put,12/28/2018,11/29/2018,1700,76.34,74.8,77.15,41,81,0.3399,-0.5394,0.0025,-382.2832,185.112,AMZN181228P01700000
AMZN,1673.57,*,AMZN181228C01702500,,call,12/28/2018,11/29/2018,1702.5,49.75,51.2,53.2,1,28,0.3431,0.4552,0.0025,-425.1791,184.8469,AMZN181228C01702500
AMZN,1673.57,*,AMZN181228P01702500,,put,12/28/2018,11/29/2018,1702.5,214.25,75.4,78.4,0,1,0.337,-0.5462,0.0025,-377.7868,184.7677,AMZN181228P01702500
AMZN,1673.57,*,AMZN181228C01705000,,call,12/28/2018,11/29/2018,1705,53.51,49.95,52.6,5,20,0.3437,0.4493,0.0025,-424.9489,184.5157,AMZN181228C01705000
AMZN,1673.57,*,AMZN181228P01705000,,put,12/28/2018,11/29/2018,1705,81.42,76.75,79.85,17,46,0.3367,-0.5525,0.0025,-376.364,184.4052,AMZN181228P01705000
AMZN,1673.57,*,AMZN181228C01707500,,call,12/28/2018,11/29/2018,1707.5,20.95,49.05,51.1,0,3,0.3427,0.443,0.0025,-422.6591,184.1165,AMZN181228C01707500
AMZN,1673.57,*,AMZN181228P01707500,,put,12/28/2018,11/29/2018,1707.5,206.33,78,81.35,0,1,0.3361,-0.5588,0.0025,-374.4738,183.9912,AMZN181228P01707500
AMZN,1673.57,*,AMZN181228C01710000,,call,12/28/2018,11/29/2018,1710,56.37,47.95,49.75,2,41,0.3415,0.4366,0.0025,-420.0197,183.6649,AMZN181228C01710000
AMZN,1673.57,*,AMZN181228P01710000,,put,12/28/2018,11/29/2018,1710,77.5,80.2,82.8,59,83,0.3379,-0.5645,0.0025,-375.4587,183.5848,AMZN181228P01710000
AMZN,1673.57,*,AMZN181228C01712500,,call,12/28/2018,11/29/2018,1712.5,54.76,46.95,48.85,3,11,0.3417,0.4306,0.0025,-419.0179,183.1988,AMZN181228C01712500
AMZN,1673.57,*,AMZN181228P01712500,,put,12/28/2018,11/29/2018,1712.5,210.29,81,84.25,0,1,0.3358,-0.5712,0.0025,-371.5162,183.0454,AMZN181228P01712500
AMZN,1673.57,*,AMZN181228C01715000,,call,12/28/2018,11/29/2018,1715,42.68,45.75,48.15,1,21,0.3419,0.4247,0.0025,-417.9286,182.6932,AMZN181228C01715000
AMZN,1673.57,*,AMZN181228P01715000,,put,12/28/2018,11/29/2018,1715,81.74,82.35,85.65,27,36,0.335,-0.5776,0.0025,-369.0848,182.487,AMZN181228P01715000
AMZN,1673.57,*,AMZN181228C01717500,,call,12/28/2018,11/29/2018,1717.5,42.85,44.85,46.55,0,11,0.3394,0.4178,0.0025,-413.3643,182.059,AMZN181228C01717500
AMZN,1673.57,*,AMZN181228P01717500,,put,12/28/2018,11/29/2018,1717.5,100.02,83.75,87.45,0,1,0.3353,-0.5836,0.0025,-367.9367,181.9186,AMZN181228P01717500
AMZN,1673.57,*,AMZN181228C01720000,,call,12/28/2018,11/29/2018,1720,48.73,43.75,45.65,6,34,0.3398,0.412,0.0025,-412.3404,181.4726,AMZN181228C01720000
AMZN,1673.57,*,AMZN181228P01720000,,put,12/28/2018,11/29/2018,1720,81.11,86.15,88.6,23,26,0.3365,-0.5892,0.0025,-367.84,181.3464,AMZN181228P01720000
AMZN,1673.57,*,AMZN181228C01722500,,call,12/28/2018,11/29/2018,1722.5,20.12,42.65,45.1,0,6,0.3411,0.4065,0.0024,-412.3756,180.8874,AMZN181228C01722500
AMZN,1673.57,*,AMZN181228P01722500,,put,12/28/2018,11/29/2018,1722.5,102.56,86.7,90.25,0,0,0.334,-0.5962,0.0025,-362.9757,180.5826,AMZN181228P01722500
AMZN,1673.57,*,AMZN181228C01725000,,call,12/28/2018,11/29/2018,1725,22.4,41.85,43.65,0,10,0.3394,0.3999,0.0024,-408.5214,180.1357,AMZN181228C01725000
AMZN,1673.57,*,AMZN181228P01725000,,put,12/28/2018,11/29/2018,1725,95.44,88.3,91.75,10,76,0.3338,-0.6023,0.0025,-360.9275,179.8667,AMZN181228P01725000
AMZN,1673.57,*,AMZN181228C01727500,,call,12/28/2018,11/29/2018,1727.5,45.3,40.75,43.2,0,21,0.3401,0.3943,0.0024,-407.6346,179.4526,AMZN181228C01727500
AMZN,1673.57,*,AMZN181228P01727500,,put,12/28/2018,11/29/2018,1727.5,131.9,90.5,93.15,0,2,0.3349,-0.6078,0.0025,-360.4598,179.1795,AMZN181228P01727500
AMZN,1673.57,*,AMZN181228C01730000,,call,12/28/2018,11/29/2018,1730,40.24,39.8,41.7,4,36,0.3382,0.3876,0.0024,-403.3284,178.5912,AMZN181228C01730000
AMZN,1673.57,*,AMZN181228P01730000,,put,12/28/2018,11/29/2018,1730,90.13,92.05,94.8,10,31,0.3348,-0.6138,0.0025,-358.3769,178.3936,AMZN181228P01730000
AMZN,1673.57,*,AMZN181228C01732500,,call,12/28/2018,11/29/2018,1732.5,14.05,38.85,41.1,0,1,0.3387,0.382,0.0024,-402.022,177.8219,AMZN181228C01732500
AMZN,1673.57,*,AMZN181228P01732500,,put,12/28/2018,11/29/2018,1732.5,0,92.9,96.3,0,0,0.3323,-0.6209,0.0025,-353.0992,177.4125,AMZN181228P01732500
AMZN,1673.57,*,AMZN181228C01735000,,call,12/28/2018,11/29/2018,1735,44.85,38.05,39.8,28,20,0.3377,0.3757,0.0024,-398.6914,176.9195,AMZN181228C01735000
AMZN,1673.57,*,AMZN181228P01735000,,put,12/28/2018,11/29/2018,1735,180.25,94.45,98.3,0,3,0.333,-0.6265,0.0024,-351.8794,176.5925,AMZN181228P01735000
AMZN,1673.57,*,AMZN181228C01737500,,call,12/28/2018,11/29/2018,1737.5,35.86,37.15,38.8,2,19,0.3371,0.3697,0.0024,-395.7924,175.9991,AMZN181228C01737500
AMZN,1673.57,*,AMZN181228P01737500,,put,12/28/2018,11/29/2018,1737.5,88.68,96.05,99.6,0,2,0.3318,-0.6329,0.0024,-348.0994,175.597,AMZN181228P01737500
AMZN,1673.57,*,AMZN181228C01740000,,call,12/28/2018,11/29/2018,1740,41.25,36.35,37.85,32,25,0.3368,0.3637,0.0024,-393.2039,175.0602,AMZN181228C01740000
AMZN,1673.57,*,AMZN181228P01740000,,put,12/28/2018,11/29/2018,1740,102.84,98.25,101.3,1,33,0.3334,-0.6379,0.0024,-347.9189,174.7838,AMZN181228P01740000
AMZN,1673.57,*,AMZN181228C01742500,,call,12/28/2018,11/29/2018,1742.5,37.4,35.5,37.15,1,48,0.337,0.3581,0.0024,-391.1989,174.1262,AMZN181228C01742500
AMZN,1673.57,*,AMZN181228P01742500,,put,12/28/2018,11/29/2018,1742.5,97.11,99.2,103.05,1,11,0.3315,-0.6447,0.0024,-343.0448,173.6423,AMZN181228P01742500
AMZN,1673.57,*,AMZN181228C01745000,,call,12/28/2018,11/29/2018,1745,39.83,34.5,36.6,11,26,0.3372,0.3525,0.0024,-389.1245,173.1606,AMZN181228C01745000
AMZN,1673.57,*,AMZN181228P01745000,,put,12/28/2018,11/29/2018,1745,98.73,100.9,104.95,1,10,0.3321,-0.6502,0.0024,-341.405,172.6819,AMZN181228P01745000
AMZN,1673.57,*,AMZN181228C01747500,,call,12/28/2018,11/29/2018,1747.5,13.3,33.7,35.95,0,22,0.3375,0.3471,0.0023,-387.1163,172.1741,AMZN181228C01747500
AMZN,1673.57,*,AMZN181228P01747500,,put,12/28/2018,11/29/2018,1747.5,97.7,102.55,106.55,0,5,0.3315,-0.6562,0.0024,-338.0928,171.5722,AMZN181228P01747500
AMZN,1673.57,*,AMZN181228C01750000,,call,12/28/2018,11/29/2018,1750,35.13,33.05,34.5,82,130,0.336,0.3406,0.0023,-382.6204,170.9708,AMZN181228C01750000
AMZN,1673.57,*,AMZN181228P01750000,,put,12/28/2018,11/29/2018,1750,111.86,104.25,107.9,3,43,0.3304,-0.6625,0.0024,-334.0268,170.3662,AMZN181228P01750000
AMZN,1673.57,*,AMZN181228C01752500,,call,12/28/2018,11/29/2018,1752.5,32.52,32.25,33.8,2,14,0.336,0.3351,0.0023,-380.0659,169.8835,AMZN181228C01752500
AMZN,1673.57,*,AMZN181228P01752500,,put,12/28/2018,11/29/2018,1752.5,151.65,106.75,109.6,0,2,0.3325,-0.6669,0.0023,-334.2222,169.486,AMZN181228P01752500
AMZN,1673.57,*,AMZN181228C01755000,,call,12/28/2018,11/29/2018,1755,33.57,31.3,33.3,52,13,0.3361,0.3296,0.0023,-377.5826,168.7773,AMZN181228C01755000
AMZN,1673.57,*,AMZN181228P01755000,,put,12/28/2018,11/29/2018,1755,198.83,107.5,111.85,0,25,0.3309,-0.6734,0.0023,-329.3326,168.1479,AMZN181228P01755000
AMZN,1673.57,*,AMZN181228C01757500,,call,12/28/2018,11/29/2018,1757.5,10.25,30.45,32.7,0,7,0.3362,0.3242,0.0023,-375.0377,167.6427,AMZN181228C01757500
AMZN,1673.57,*,AMZN181228P01757500,,put,12/28/2018,11/29/2018,1757.5,239.45,107.35,115.6,0,1,0.331,-0.6789,0.0023,-326.6893,166.9782,AMZN181228P01757500
AMZN,1673.57,*,AMZN181228C01760000,,call,12/28/2018,11/29/2018,1760,31.3,29.95,31.4,24,91,0.3352,0.3181,0.0023,-370.9175,166.3348,AMZN181228C01760000
AMZN,1673.57,*,AMZN181228P01760000,,put,12/28/2018,11/29/2018,1760,117.54,109.35,116.5,1,31,0.329,-0.6857,0.0023,-321.0839,165.4892,AMZN181228P01760000
AMZN,1673.57,*,AMZN181228C01762500,,call,12/28/2018,11/29/2018,1762.5,22.5,29.05,30.8,0,1,0.3349,0.3125,0.0023,-367.6924,165.0823,AMZN181228C01762500
AMZN,1673.57,*,AMZN181228P01762500,,put,12/28/2018,11/29/2018,1762.5,195.9,110.8,118.3,0,1,0.3279,-0.6918,0.0023,-316.6378,164.0721,AMZN181228P01762500
AMZN,1673.57,*,AMZN181228C01765000,,call,12/28/2018,11/29/2018,1765,34.35,28.25,30.25,2,22,0.335,0.3072,0.0022,-364.9628,163.8572,AMZN181228C01765000
AMZN,1673.57,*,AMZN181228P01765000,,put,12/28/2018,11/29/2018,1765,242.03,112.15,120.25,0,3,0.3269,-0.6979,0.0023,-312.2565,162.6254,AMZN181228P01765000
AMZN,1673.57,*,AMZN181228C01767500,,call,12/28/2018,11/29/2018,1767.5,33.51,27.8,29.1,1,6,0.3343,0.3015,0.0022,-361.0583,162.4834,AMZN181228C01767500
AMZN,1673.57,*,AMZN181228P01767500,,put,12/28/2018,11/29/2018,1767.5,192.84,114.25,121.8,0,2,0.3269,-0.7033,0.0023,-309.2125,161.3008,AMZN181228P01767500
AMZN,1673.57,*,AMZN181228C01770000,,call,12/28/2018,11/29/2018,1770,30.14,27.05,28.35,0,40,0.3339,0.296,0.0022,-357.5124,161.1224,AMZN181228C01770000
AMZN,1673.57,*,AMZN181228P01770000,,put,12/28/2018,11/29/2018,1770,125.22,116,123.55,1,97,0.3263,-0.7091,0.0023,-305.2661,159.8468,AMZN181228P01770000
AMZN,1673.57,*,AMZN181228C01775000,,call,12/28/2018,11/29/2018,1775,27.74,25.7,27.15,28,27,0.3341,0.2857,0.0022,-351.6752,158.4871,AMZN181228C01775000
AMZN,1673.57,*,AMZN181228P01775000,,put,12/28/2018,11/29/2018,1775,139.16,119.7,127.35,1,3,0.3265,-0.7195,0.0022,-299.1996,157.1007,AMZN181228P01775000
AMZN,1673.57,*,AMZN181228C01780000,,call,12/28/2018,11/29/2018,1780,28.15,24.35,25.8,8,36,0.3335,0.2751,0.0021,-344.5039,155.6131,AMZN181228C01780000
AMZN,1673.57,*,AMZN181228P01780000,,put,12/28/2018,11/29/2018,1780,133.28,123.55,133,1,93,0.3326,-0.7255,0.0021,-301.4651,155.4393,AMZN181228P01780000
AMZN,1673.57,*,AMZN181228C01785000,,call,12/28/2018,11/29/2018,1785,23.15,23.05,24.8,4,23,0.334,0.2655,0.0021,-338.7414,152.8654,AMZN181228C01785000
AMZN,1673.57,*,AMZN181228P01785000,,put,12/28/2018,11/29/2018,1785,186.8,127.3,136.45,0,1,0.3313,-0.7364,0.0021,-292.9553,152.3024,AMZN181228P01785000
AMZN,1673.57,*,AMZN181228C01790000,,call,12/28/2018,11/29/2018,1790,26.82,21.9,23.35,5,17,0.3332,0.2551,0.0021,-330.9299,149.7682,AMZN181228C01790000
AMZN,1673.57,*,AMZN181228P01790000,,put,12/28/2018,11/29/2018,1790,139.94,130.9,140.3,1,6,0.3304,-0.7469,0.0021,-284.8418,149.139,AMZN181228P01790000
AMZN,1673.57,*,AMZN181228C01795000,,call,12/28/2018,11/29/2018,1795,21,20.75,22.3,1,9,0.3329,0.2454,0.002,-323.6975,146.6969,AMZN181228C01795000
AMZN,1673.57,*,AMZN181228P01795000,,put,12/28/2018,11/29/2018,1795,145.45,134.95,144.45,3,14,0.3317,-0.7555,0.002,-279.8264,146.4107,AMZN181228P01795000
AMZN,1673.57,*,AMZN181228C01800000,,call,12/28/2018,11/29/2018,1800,23.31,19.65,20.95,44,110,0.3313,0.2348,0.002,-314.3946,143.226,AMZN181228C01800000
AMZN,1673.57,*,AMZN181228P01800000,,put,12/28/2018,11/29/2018,1800,149.1,138.8,147.6,1,20,0.3287,-0.7672,0.002,-268.2983,142.5569,AMZN181228P01800000
AMZN,1673.57,*,AMZN181228C01805000,,call,12/28/2018,11/29/2018,1805,22.49,18.6,19.95,3,18,0.3312,0.2256,0.0019,-307.2042,140.057,AMZN181228C01805000
AMZN,1673.57,*,AMZN181228P01805000,,put,12/28/2018,11/29/2018,1805,153.3,142.7,151.55,1,1,0.3282,-0.7767,0.002,-260.36,139.24,AMZN181228P01805000
AMZN,1673.57,*,AMZN181228C01810000,,call,12/28/2018,11/29/2018,1810,20.06,17.6,18.9,0,14,0.3309,0.2165,0.0019,-299.6192,136.7827,AMZN181228C01810000
AMZN,1673.57,*,AMZN181228P01810000,,put,12/28/2018,11/29/2018,1810,154.8,146.7,155.55,1,10,0.3279,-0.7859,0.0019,-252.6279,135.9214,AMZN181228P01810000
AMZN,1673.57,*,AMZN181228C01815000,,call,12/28/2018,11/29/2018,1815,16.65,16.65,18,1,10,0.3309,0.2078,0.0019,-292.4117,133.5508,AMZN181228C01815000
AMZN,1673.57,*,AMZN181228P01815000,,put,12/28/2018,11/29/2018,1815,161.55,150.7,159.6,3,5,0.3274,-0.795,0.0019,-244.5148,132.496,AMZN181228P01815000
AMZN,1673.57,*,AMZN181228C01820000,,call,12/28/2018,11/29/2018,1820,15,15.7,17,2,23,0.3303,0.1989,0.0018,-284.2274,130.1006,AMZN181228C01820000
AMZN,1673.57,*,AMZN181228P01820000,,put,12/28/2018,11/29/2018,1820,162.88,154.8,163.7,2,4,0.3272,-0.8036,0.0018,-236.7989,129.1223,AMZN181228P01820000
AMZN,1673.57,*,AMZN181228C01825000,,call,12/28/2018,11/29/2018,1825,14.9,14.9,16.1,3,9,0.3303,0.1907,0.0018,-276.9139,126.8055,AMZN181228C01825000
AMZN,1673.57,*,AMZN181228P01825000,,put,12/28/2018,11/29/2018,1825,174.27,158.65,167.8,0,6,0.3255,-0.8132,0.0018,-226.7334,125.2199,AMZN181228P01825000
AMZN,1673.57,*,AMZN181228C01830000,,call,12/28/2018,11/29/2018,1830,13.79,14.05,15.2,2,16,0.3298,0.1823,0.0017,-268.8011,123.3241,AMZN181228C01830000
AMZN,1673.57,*,AMZN181228P01830000,,put,12/28/2018,11/29/2018,1830,160.75,163.15,172,6,1,0.3268,-0.8201,0.0017,-221.2576,122.2986,AMZN181228P01830000
AMZN,1673.57,*,AMZN181228C01835000,,call,12/28/2018,11/29/2018,1835,6.01,13.2,14.6,0,8,0.3302,0.1749,0.0017,-262.0614,120.1351,AMZN181228C01835000
AMZN,1673.57,*,AMZN181228P01835000,,put,12/28/2018,11/29/2018,1835,330.9,167.35,176.85,0,11,0.3288,-0.8263,0.0017,-216.8642,119.6438,AMZN181228P01835000
AMZN,1673.57,*,AMZN181228C01840000,,call,12/28/2018,11/29/2018,1840,15.25,12.5,13.6,1,11,0.3293,0.1666,0.0016,-253.311,116.4813,AMZN181228C01840000
AMZN,1673.57,*,AMZN181228P01840000,,put,12/28/2018,11/29/2018,1840,180.42,171.5,180.5,2,1,0.3257,-0.8363,0.0016,-204.5872,115.1619,AMZN181228P01840000
AMZN,1673.57,*,AMZN181228C01845000,,call,12/28/2018,11/29/2018,1845,12.45,11.8,12.9,4,4,0.3293,0.1593,0.0016,-245.9656,113.1455,AMZN181228C01845000
AMZN,1673.57,*,AMZN181228P01845000,,put,12/28/2018,11/29/2018,1845,340.61,176,185.45,0,10,0.3291,-0.8408,0.0016,-202.3883,113.0708,AMZN181228P01845000
AMZN,1673.57,*,AMZN181228C01850000,,call,12/28/2018,11/29/2018,1850,11.3,11.1,12.15,11,89,0.3289,0.152,0.0015,-238.027,109.6647,AMZN181228C01850000
AMZN,1673.57,*,AMZN181228P01850000,,put,12/28/2018,11/29/2018,1850,189.64,180.3,189.6,2,3,0.3281,-0.8487,0.0015,-193.4037,109.357,AMZN181228P01850000
AMZN,1673.57,*,AMZN181228C01855000,,call,12/28/2018,11/29/2018,1855,10.75,10.4,11.65,1,7,0.3293,0.1455,0.0015,-231.3653,106.5047,AMZN181228C01855000
AMZN,1673.57,*,AMZN181228P01855000,,put,12/28/2018,11/29/2018,1855,182.75,184.7,194.2,6,6,0.3291,-0.8547,0.0015,-187.5541,106.4263,AMZN181228P01855000
AMZN,1673.57,*,AMZN181228C01860000,,call,12/28/2018,11/29/2018,1860,11.55,9.85,10.95,1,14,0.3292,0.1388,0.0014,-223.9795,103.1708,AMZN181228C01860000
AMZN,1673.57,*,AMZN181228P01860000,,put,12/28/2018,11/29/2018,1860,312.39,189.2,198.6,0,3,0.3295,-0.861,0.0014,-180.8231,103.2909,AMZN181228P01860000
AMZN,1673.57,*,AMZN181228C01865000,,call,12/28/2018,11/29/2018,1865,9.65,9.2,10.35,1,17,0.3288,0.1321,0.0014,-216.1936,99.7373,AMZN181228C01865000
AMZN,1673.57,*,AMZN181228P01865000,,put,12/28/2018,11/29/2018,1865,190,193.5,203.2,6,5,0.3292,-0.8676,0.0014,-173.0722,99.9008,AMZN181228P01865000
AMZN,1673.57,*,AMZN181228C01870000,,call,12/28/2018,11/29/2018,1870,9.6,8.7,9.75,4,13,0.3289,0.126,0.0013,-209.249,96.5356,AMZN181228C01870000
AMZN,1673.57,*,AMZN181228P01870000,,put,12/28/2018,11/29/2018,1870,198.24,198.45,207.9,1,6,0.3333,-0.8706,0.0014,-172.142,98.346,AMZN181228P01870000
AMZN,1673.57,*,AMZN181228C01875000,,call,12/28/2018,11/29/2018,1875,9.22,8.2,9.25,3,26,0.3292,0.1203,0.0013,-202.6882,93.4537,AMZN181228C01875000
AMZN,1673.57,*,AMZN181228P01875000,,put,12/28/2018,11/29/2018,1875,0,202.5,212.2,0,0,0.3293,-0.8796,0.0013,-158.8696,93.4959,AMZN181228P01875000
AMZN,1673.57,*,AMZN181228C01880000,,call,12/28/2018,11/29/2018,1880,9.35,7.7,8.75,1,35,0.3293,0.1147,0.0013,-195.9083,90.3281,AMZN181228C01880000
AMZN,1673.57,*,AMZN181228P01880000,,put,12/28/2018,11/29/2018,1880,207.17,207,216.75,1,3,0.3291,-0.8855,0.0013,-151.5172,90.2427,AMZN181228P01880000
AMZN,1673.57,*,AMZN181228C01885000,,call,12/28/2018,11/29/2018,1885,3.45,7.2,8.35,0,14,0.3297,0.1095,0.0012,-189.6746,87.3748,AMZN181228C01885000
AMZN,1673.57,*,AMZN181228P01885000,,put,12/28/2018,11/29/2018,1885,384.75,211.5,221.05,0,1,0.3272,-0.8924,0.0012,-141.7136,86.293,AMZN181228P01885000
AMZN,1673.57,*,AMZN181228C01890000,,call,12/28/2018,11/29/2018,1890,8.35,6.85,7.9,0,14,0.3305,0.1048,0.0012,-184.1337,84.6433,AMZN181228C01890000
AMZN,1673.57,*,AMZN181228P01890000,,put,12/28/2018,11/29/2018,1890,341.61,216.15,226,0,2,0.3293,-0.8961,0.0012,-138.0196,84.1225,AMZN181228P01890000
AMZN,1673.57,*,AMZN181228C01895000,,call,12/28/2018,11/29/2018,1895,8,6.45,7.5,2,14,0.3305,0.0996,0.0011,-177.4987,81.6162,AMZN181228C01895000
AMZN,1673.57,*,AMZN181228P01895000,,put,12/28/2018,11/29/2018,1895,284.22,220.6,230.5,0,4,0.327,-0.9029,0.0011,-127.8894,80.08,AMZN181228P01895000
AMZN,1673.57,*,AMZN181228C01900000,,call,12/28/2018,11/29/2018,1900,8,6.05,7.1,38,117,0.3307,0.0949,0.0011,-171.2735,78.7281,AMZN181228C01900000
AMZN,1673.57,*,AMZN181228P01900000,,put,12/28/2018,11/29/2018,1900,0,225.5,235.45,0,13,0.3309,-0.905,0.0011,-127.0097,78.8157,AMZN181228P01900000
AMZN,1673.57,*,AMZN181228C01910000,,call,12/28/2018,11/29/2018,1910,6.55,5.4,6.45,0,8,0.3317,0.0863,0.001,-160.0378,73.3822,AMZN181228C01910000
AMZN,1673.57,*,AMZN181228P01910000,,put,12/28/2018,11/29/2018,1910,275.15,235,244.8,0,3,0.3323,-0.9133,0.001,-116.1087,73.6456,AMZN181228P01910000
AMZN,1673.57,*,AMZN181228C01920000,,call,12/28/2018,11/29/2018,1920,5.7,4.7,5.75,1,9,0.3315,0.0776,0.0009,-147.5768,67.7428,AMZN181228C01920000
AMZN,1673.57,*,AMZN181228P01920000,,put,12/28/2018,11/29/2018,1920,287.67,244.2,254,0,4,0.3271,-0.9253,0.0009,-96.4242,65.7975,AMZN181228P01920000
AMZN,1673.57,*,AMZN181228C01930000,,call,12/28/2018,11/29/2018,1930,5.5,4.2,5.2,5,7,0.3329,0.0706,0.0009,-137.8636,63.05,AMZN181228C01930000
AMZN,1673.57,*,AMZN181228P01930000,,put,12/28/2018,11/29/2018,1930,291.7,253.5,263.45,0,3,0.3194,-0.9379,0.0008,-74.5449,57.0907,AMZN181228P01930000
AMZN,1673.57,*,AMZN181228C01940000,,call,12/28/2018,11/29/2018,1940,4.36,3.7,4.35,0,5,0.331,0.0623,0.0008,-124.2602,57.1786,AMZN181228C01940000
AMZN,1673.57,*,AMZN181228P01940000,,put,12/28/2018,11/29/2018,1940,388.15,263.5,273.05,0,3,0.3266,-0.9404,0.0008,-73.0344,55.2715,AMZN181228P01940000
AMZN,1673.57,*,AMZN181228C01950000,,call,12/28/2018,11/29/2018,1950,3.6,3.25,4.2,10,12,0.3344,0.0577,0.0007,-118.1582,53.8448,AMZN181228C01950000
AMZN,1673.57,*,AMZN181228P01950000,,put,12/28/2018,11/29/2018,1950,448.55,272.8,282.65,0,3,0.3266,-0.9468,0.0007,-62.5915,50.5334,AMZN181228P01950000
AMZN,1673.57,*,AMZN181228C01960000,,call,12/28/2018,11/29/2018,1960,3.8,2.95,3.8,1,8,0.3365,0.0527,0.0007,-110.7574,50.1798,AMZN181228C01960000
AMZN,1673.57,*,AMZN181228P01960000,,put,12/28/2018,11/29/2018,1960,455.22,282.5,292.35,0,3,0.3266,-0.9526,0.0006,-52.7618,46.0765,AMZN181228P01960000
AMZN,1673.57,*,AMZN181228C01970000,,call,12/28/2018,11/29/2018,1970,3.5,2.62,3.15,1,19,0.335,0.0464,0.0006,-99.4743,45.2863,AMZN181228C01970000
AMZN,1673.57,*,AMZN181228P01970000,,put,12/28/2018,11/29/2018,1970,0,292.5,302.45,0,0,0.3266,-0.9579,0.0006,-43.5442,41.9008,AMZN181228P01970000
AMZN,1673.57,*,AMZN181228C01980000,,call,12/28/2018,11/29/2018,1980,3.31,2.32,3.1,18,5,0.3392,0.0434,0.0006,-95.4208,42.9221,AMZN181228C01980000
AMZN,1673.57,*,AMZN181228P01980000,,put,12/28/2018,11/29/2018,1980,0,302.05,312,0,0,0.3266,-0.9626,0.0005,-34.9317,38.0037,AMZN181228P01980000
AMZN,1673.57,*,AMZN181228C01990000,,call,12/28/2018,11/29/2018,1990,2.7,2.03,2.58,0,16,0.3377,0.038,0.0005,-85.3016,38.5536,AMZN181228C01990000
AMZN,1673.57,*,AMZN181228P01990000,,put,12/28/2018,11/29/2018,1990,0,312.05,322,0,0,0.3266,-0.9669,0.0005,-26.9123,34.3802,AMZN181228P01990000
AMZN,1673.57,*,AMZN181228C02000000,,call,12/28/2018,11/29/2018,2000,2.6,1.88,2.49,19,211,0.3419,0.0356,0.0005,-81.8657,36.561,AMZN181228C02000000
AMZN,1673.57,*,AMZN181228P02000000,,put,12/28/2018,11/29/2018,2000,369.07,322,331.6,0,4,0.3266,-0.9708,0.0004,-19.47,31.0233,AMZN181228P02000000
AMZN,1673.57,*,AMZN181228C02010000,,call,12/28/2018,11/29/2018,2010,2.32,1.64,2.28,22,12,0.3433,0.0323,0.0005,-75.7734,33.7138,AMZN181228C02010000
AMZN,1673.57,*,AMZN181228P02010000,,put,12/28/2018,11/29/2018,2010,0,331.7,341.5,0,0,0.3266,-0.9743,0.0004,-12.5853,27.9243,AMZN181228P02010000
AMZN,1673.57,*,AMZN181228C02020000,,call,12/28/2018,11/29/2018,2020,1.7,1.65,2.09,1,9,0.3485,0.0307,0.0004,-73.7968,32.3568,AMZN181228C02020000
AMZN,1673.57,*,AMZN181228P02020000,,put,12/28/2018,11/29/2018,2020,372,341.5,351.25,0,0,0.3266,-0.9774,0.0004,-6.2355,25.0731,AMZN181228P02020000
AMZN,1673.57,*,AMZN181228C02030000,,call,12/28/2018,11/29/2018,2030,5.3,1.27,1.98,0,1,0.347,0.0268,0.0004,-65.5957,28.8934,AMZN181228C02030000
AMZN,1673.57,*,AMZN181228P02030000,,put,12/28/2018,11/29/2018,2030,0,351.55,361.5,0,0,0.3266,-0.9801,0.0003,-0.3962,22.4586,AMZN181228P02030000
AMZN,1673.57,*,AMZN181228C02040000,,call,12/28/2018,11/29/2018,2040,3.25,1.17,1.79,0,1,0.3493,0.0246,0.0004,-61.4008,26.8759,AMZN181228C02040000
AMZN,1673.57,*,AMZN181228P02040000,,put,12/28/2018,11/29/2018,2040,0,361.5,371.2,0,0,0.3266,-0.9826,0.0003,4.9588,20.0689,AMZN181228P02040000
AMZN,1673.57,*,AMZN181228C02050000,,call,12/28/2018,11/29/2018,2050,1.39,1.04,1.64,6,7,0.351,0.0224,0.0003,-56.9682,24.8223,AMZN181228C02050000
AMZN,1673.57,*,AMZN181228P02050000,,put,12/28/2018,11/29/2018,2050,0,371.5,381.1,0,0,0.3266,-0.9848,0.0003,9.8569,17.8914,AMZN181228P02050000
AMZN,1673.57,*,AMZN181228C02060000,,call,12/28/2018,11/29/2018,2060,1.1,0.95,1.56,0,21,0.3544,0.0209,0.0003,-54.2192,23.4049,AMZN181228C02060000
AMZN,1673.57,*,AMZN181228P02060000,,put,12/28/2018,11/29/2018,2060,0,381.5,391,0,0,0.3266,-0.9867,0.0002,14.326,15.9134,AMZN181228P02060000
AMZN,1673.57,*,AMZN181228C02070000,,call,12/28/2018,11/29/2018,2070,1.37,0.83,1.43,1,2,0.3558,0.0189,0.0003,-50.0755,21.5369,AMZN181228C02070000
AMZN,1673.57,*,AMZN181228P02070000,,put,12/28/2018,11/29/2018,2070,0,391.5,401.2,0,0,0.3266,-0.9884,0.0002,18.3941,14.122,AMZN181228P02070000
AMZN,1673.57,*,AMZN181228C02080000,,call,12/28/2018,11/29/2018,2080,1.39,0.77,1.33,1,15,0.3588,0.0176,0.0003,-47.4121,20.2264,AMZN181228C02080000
AMZN,1673.57,*,AMZN181228P02080000,,put,12/28/2018,11/29/2018,2080,0,401.5,411.1,0,0,0.3266,-0.9899,0.0002,22.0893,12.5043,AMZN181228P02080000
AMZN,1673.57,*,AMZN181228C02090000,,call,12/28/2018,11/29/2018,2090,1.1,0.7,1.23,1,3,0.3613,0.0162,0.0002,-44.56,18.883,AMZN181228C02090000
AMZN,1673.57,*,AMZN181228P02090000,,put,12/28/2018,11/29/2018,2090,0,411.5,421.15,0,0,0.3266,-0.9913,0.0002,25.439,11.0475,AMZN181228P02090000
AMZN,1673.57,*,AMZN181228C02100000,,call,12/28/2018,11/29/2018,2100,1,0.56,1.18,12,29,0.362,0.0146,0.0002,-40.6765,17.208,AMZN181228C02100000
AMZN,1673.57,*,AMZN181228P02100000,,put,12/28/2018,11/29/2018,2100,0,421,430.6,0,0,0.3266,-0.9924,0.0001,28.4699,9.7393,AMZN181228P02100000
AMZN,1673.57,*,AMZN181228C02110000,,call,12/28/2018,11/29/2018,2110,1.22,0.46,1.12,0,2,0.3624,0.013,0.0002,-36.9063,15.5992,AMZN181228C02110000
AMZN,1673.57,*,AMZN181228P02110000,,put,12/28/2018,11/29/2018,2110,0,431.5,441.2,0,0,0.3266,-0.9935,0.0001,31.208,8.5677,AMZN181228P02110000
AMZN,1673.57,*,AMZN181228C02120000,,call,12/28/2018,11/29/2018,2120,0.82,0.45,1.03,0,4,0.366,0.0122,0.0002,-35.357,14.8009,AMZN181228C02120000
AMZN,1673.57,*,AMZN181228P02120000,,put,12/28/2018,11/29/2018,2120,0,441.5,450.9,0,0,0.3266,-0.9943,0.0001,33.6781,7.5213,AMZN181228P02120000
AMZN,1673.57,*,AMZN181228C02130000,,call,12/28/2018,11/29/2018,2130,0.45,0.38,0.97,0,2,0.3673,0.0111,0.0002,-32.5699,13.5888,AMZN181228C02130000
AMZN,1673.57,*,AMZN181228P02130000,,put,12/28/2018,11/29/2018,2130,0,451.5,461.05,0,0,0.3266,-0.9951,0.0001,35.9036,6.589,AMZN181228P02130000
AMZN,1673.57,*,AMZN181228C02140000,,call,12/28/2018,11/29/2018,2140,0.97,0.36,0.96,0,3,0.3721,0.0107,0.0002,-31.9199,13.1489,AMZN181228C02140000
AMZN,1673.57,*,AMZN181228P02140000,,put,12/28/2018,11/29/2018,2140,0,461.5,471.15,0,0,0.3266,-0.9958,0.0001,37.9069,5.7605,AMZN181228P02140000
AMZN,1673.57,*,AMZN181228C02150000,,call,12/28/2018,11/29/2018,2150,0.63,0.29,0.89,3,7,0.372,0.0094,0.0001,-28.6944,11.8256,AMZN181228C02150000
AMZN,1673.57,*,AMZN181228P02150000,,put,12/28/2018,11/29/2018,2150,0,471.5,481.15,0,0,0.3266,-0.9964,0.0001,39.7089,5.0262,AMZN181228P02150000
AMZN,1673.57,*,AMZN181228C02160000,,call,12/28/2018,11/29/2018,2160,1.58,0.19,0.84,0,4,0.369,0.0079,0.0001,-24.3758,10.1291,AMZN181228C02160000
AMZN,1673.57,*,AMZN181228P02160000,,put,12/28/2018,11/29/2018,2160,0,481.5,491,0,0,0.3266,-0.9969,0.0001,41.3291,4.3768,AMZN181228P02160000
AMZN,1673.57,*,AMZN181228C02170000,,call,12/28/2018,11/29/2018,2170,0.94,0.16,0.82,0,0,0.3715,0.0073,0.0001,-22.9415,9.4707,AMZN181228C02170000
AMZN,1673.57,*,AMZN181228P02170000,,put,12/28/2018,11/29/2018,2170,0,491.5,501.1,0,0,0.3266,-0.9974,0.0001,42.7858,3.8039,AMZN181228P02170000
AMZN,1673.57,*,AMZN181228C02180000,,call,12/28/2018,11/29/2018,2180,1.75,0.14,0.77,0,1,0.3729,0.0067,0.0001,-21.1416,8.6965,AMZN181228C02180000
AMZN,1673.57,*,AMZN181228P02180000,,put,12/28/2018,11/29/2018,2180,0,501.5,511.2,0,0,0.3266,-0.9977,0,44.0958,3.2996,AMZN181228P02180000
AMZN,1673.57,*,AMZN181228C02190000,,call,12/28/2018,11/29/2018,2190,1.38,0.11,0.74,0,8,0.3737,0.006,0.0001,-19.2468,7.9015,AMZN181228C02190000
AMZN,1673.57,*,AMZN181228P02190000,,put,12/28/2018,11/29/2018,2190,0,511.5,521.05,0,0,0.3266,-0.9981,0,45.2744,2.8568,AMZN181228P02190000
AMZN,1673.57,*,AMZN181228C02200000,,call,12/28/2018,11/29/2018,2200,0.43,0.13,0.72,1,43,0.3737,0.0053,0.0001,-17.2231,7.0718,AMZN181228C02200000
AMZN,1673.57,*,AMZN181228P02200000,,put,12/28/2018,11/29/2018,2200,0,521.5,531.2,0,0,0.3266,-0.9984,0,46.336,2.4689,AMZN181228P02200000
AMZN,1673.57,*,AMZN181228C02210000,,call,12/28/2018,11/29/2018,2210,0.01,0.07,0.74,0,44,0.3737,0.0047,0.0001,-15.3906,6.3204,AMZN181228C02210000
AMZN,1673.57,*,AMZN181228P02210000,,put,12/28/2018,11/29/2018,2210,0,531.5,541.05,0,0,0.3266,-0.9986,0,47.2934,2.1297,AMZN181228P02210000
AMZN,1673.57,*,AMZN181228C02220000,,call,12/28/2018,11/29/2018,2220,0.49,0.04,0.68,0,3,0.3735,0.0041,0.0001,-13.6736,5.6191,AMZN181228C02220000
AMZN,1673.57,*,AMZN181228P02220000,,put,12/28/2018,11/29/2018,2220,0,541.5,551.3,0,0,0.3266,-0.9988,0,48.1584,1.8339,AMZN181228P02220000
AMZN,1673.57,*,AMZN181228C02230000,,call,12/28/2018,11/29/2018,2230,1.1,0.03,0.66,0,7,0.3737,0.0036,0.0001,-12.2396,5.0279,AMZN181228C02230000
AMZN,1673.57,*,AMZN181228P02230000,,put,12/28/2018,11/29/2018,2230,0,551.5,561.1,0,0,0.3266,-0.999,0,48.9416,1.5763,AMZN181228P02230000
AMZN,1673.57,*,AMZN181228C02240000,,call,12/28/2018,11/29/2018,2240,1.16,0.02,0.67,0,43,0.3737,0.0032,0.0001,-10.8931,4.4754,AMZN181228C02240000
AMZN,1673.57,*,AMZN181228P02240000,,put,12/28/2018,11/29/2018,2240,0,561.5,571.15,0,0,0.3266,-0.9991,0,49.6527,1.3525,AMZN181228P02240000
AMZN,1673.57,*,AMZN181228C02250000,,call,12/28/2018,11/29/2018,2250,1.13,0,0.63,0,30,0.3737,0.0028,0,-9.682,3.9783,AMZN181228C02250000
AMZN,1673.57,*,AMZN181228P02250000,,put,12/28/2018,11/29/2018,2250,671.19,571.5,581.1,0,0,0.3266,-0.9993,0,50.3004,1.1585,AMZN181228P02250000
AMZN,1673.57,*,AMZN181228C02260000,,call,12/28/2018,11/29/2018,2260,0.45,0,0.64,0,15,0.3737,0.0024,0,-8.5944,3.5319,AMZN181228C02260000
AMZN,1673.57,*,AMZN181228P02260000,,put,12/28/2018,11/29/2018,2260,0,581.5,591,0,0,0.3266,-0.9994,0,50.8923,0.9907,AMZN181228P02260000
AMZN,1673.57,*,AMZN181228C02270000,,call,12/28/2018,11/29/2018,2270,0.15,0,0.61,0,7,0.3737,0.0021,0,-7.6193,3.1316,AMZN181228C02270000
AMZN,1673.57,*,AMZN181228P02270000,,put,12/28/2018,11/29/2018,2270,0,591.5,601.1,0,0,0.3266,-0.9995,0,51.4354,0.8458,AMZN181228P02270000
AMZN,1673.57,*,AMZN181228C02280000,,call,12/28/2018,11/29/2018,2280,0.4,0.05,0.35,10,5,0.3737,0.0019,0,-6.7464,2.7732,AMZN181228C02280000
AMZN,1673.57,*,AMZN181228P02280000,,put,12/28/2018,11/29/2018,2280,0,601.5,611.1,0,0,0.3266,-0.9996,0,51.9358,0.7208,AMZN181228P02280000
AMZN,1673.57,*,AMZN181228C02290000,,call,12/28/2018,11/29/2018,2290,0.5,0,0.3,0,42,0.3737,0.0016,0,-5.9661,2.4527,AMZN181228C02290000
AMZN,1673.57,*,AMZN181228P02290000,,put,12/28/2018,11/29/2018,2290,0,611.5,621,0,0,0.3266,-0.9996,0,52.399,0.6134,AMZN181228P02290000
AMZN,1673.57,*,AMZN190104C01400000,,call,01/04/2019,11/29/2018,1400,298,280.1,289.5,8,3,0.3807,0.9436,0.0006,-146.7403,59.1249,AMZN190104C01400000
AMZN,1673.57,*,AMZN190104P01400000,,put,01/04/2019,11/29/2018,1400,6.7,6.45,7.4,15,184,0.4106,-0.0696,0.0006,-144.7105,69.6012,AMZN190104P01400000
AMZN,1673.57,*,AMZN190104C01405000,,call,01/04/2019,11/29/2018,1405,248.66,275.65,285,0,3,0.3807,0.9401,0.0006,-152.3379,61.9863,AMZN190104C01405000
AMZN,1673.57,*,AMZN190104P01405000,,put,01/04/2019,11/29/2018,1405,17.05,6.65,7.75,0,4,0.4081,-0.0723,0.0006,-148.0291,71.6551,AMZN190104P01405000
AMZN,1673.57,*,AMZN190104C01410000,,call,01/04/2019,11/29/2018,1410,0,270.4,280,0,0,0.3807,0.9364,0.0006,-158.0646,64.9167,AMZN190104C01410000
AMZN,1673.57,*,AMZN190104P01410000,,put,01/04/2019,11/29/2018,1410,8.07,7,8.05,0,16,0.4062,-0.0753,0.0007,-152.0367,73.9614,AMZN190104P01410000
AMZN,1673.57,*,AMZN190104C01415000,,call,01/04/2019,11/29/2018,1415,187.1,265.8,275.5,0,1,0.3807,0.9326,0.0007,-163.9157,67.9138,AMZN190104C01415000
AMZN,1673.57,*,AMZN190104P01415000,,put,01/04/2019,11/29/2018,1415,7.38,7.45,8.45,9,32,0.4054,-0.079,0.0007,-157.2997,76.6948,AMZN190104P01415000
AMZN,1673.57,*,AMZN190104C01420000,,call,01/04/2019,11/29/2018,1420,0,261.5,271,0,0,0.3807,0.9286,0.0007,-169.8858,70.9749,AMZN190104C01420000
AMZN,1673.57,*,AMZN190104P01420000,,put,01/04/2019,11/29/2018,1420,8.05,7.8,8.85,27,62,0.4038,-0.0825,0.0007,-161.7525,79.2028,AMZN190104P01420000
AMZN,1673.57,*,AMZN190104C01425000,,call,01/04/2019,11/29/2018,1425,159.45,256.75,266.5,0,2,0.3807,0.9245,0.0007,-175.969,74.0971,AMZN190104C01425000
AMZN,1673.57,*,AMZN190104P01425000,,put,01/04/2019,11/29/2018,1425,9.55,8.25,9.25,3,50,0.4025,-0.0862,0.0008,-166.5934,81.862,AMZN190104P01425000
AMZN,1673.57,*,AMZN190104C01430000,,call,01/04/2019,11/29/2018,1430,250.5,252.4,262,1,0,0.3807,0.9202,0.0007,-182.1592,77.2772,AMZN190104C01430000
AMZN,1673.57,*,AMZN190104P01430000,,put,01/04/2019,11/29/2018,1430,0,8.5,9.75,0,10,0.4004,-0.0896,0.0008,-170.5884,84.2929,AMZN190104P01430000
AMZN,1673.57,*,AMZN190104C01435000,,call,01/04/2019,11/29/2018,1435,170.65,247.75,257.5,0,6,0.3807,0.9157,0.0008,-188.4496,80.512,AMZN190104C01435000
AMZN,1673.57,*,AMZN190104P01435000,,put,01/04/2019,11/29/2018,1435,17.8,9,10.1,0,7,0.3988,-0.0934,0.0008,-175.1883,86.942,AMZN190104P01435000
AMZN,1673.57,*,AMZN190104C01440000,,call,01/04/2019,11/29/2018,1440,0,242.9,252.5,0,0,0.3807,0.9111,0.0008,-194.833,83.7977,AMZN190104C01440000
AMZN,1673.57,*,AMZN190104P01440000,,put,01/04/2019,11/29/2018,1440,10.5,9.5,10.5,1,26,0.3972,-0.0974,0.0008,-179.8309,89.6361,AMZN190104P01440000
AMZN,1673.57,*,AMZN190104C01445000,,call,01/04/2019,11/29/2018,1445,192.3,238.75,248.5,0,1,0.3807,0.9063,0.0008,-201.302,87.1307,AMZN190104C01445000
AMZN,1673.57,*,AMZN190104P01445000,,put,01/04/2019,11/29/2018,1445,13.55,9.9,10.9,0,10,0.3949,-0.1011,0.0009,-183.7052,92.1342,AMZN190104P01445000
AMZN,1673.57,*,AMZN190104C01450000,,call,01/04/2019,11/29/2018,1450,231.47,234.3,243.5,1,1,0.3807,0.9013,0.0009,-207.8486,90.5069,AMZN190104C01450000
AMZN,1673.57,*,AMZN190104P01450000,,put,01/04/2019,11/29/2018,1450,11,10.3,11.45,31,59,0.3932,-0.1053,0.0009,-188.2999,94.8812,AMZN190104P01450000
AMZN,1673.57,*,AMZN190104C01455000,,call,01/04/2019,11/29/2018,1455,177.7,229.85,239.25,0,1,0.3807,0.8962,0.0009,-214.4645,93.9221,AMZN190104C01455000
AMZN,1673.57,*,AMZN190104P01455000,,put,01/04/2019,11/29/2018,1455,12.62,10.85,12.05,20,13,0.3923,-0.11,0.0009,-193.8578,97.9405,AMZN190104P01455000
AMZN,1673.57,*,AMZN190104C01460000,,call,01/04/2019,11/29/2018,1460,170.25,225.55,235,0,1,0.3807,0.8908,0.0009,-221.1409,97.3719,AMZN190104C01460000
AMZN,1673.57,*,AMZN190104P01460000,,put,01/04/2019,11/29/2018,1460,11.52,11.35,12.6,14,19,0.3907,-0.1146,0.001,-198.629,100.8001,AMZN190104P01460000
AMZN,1673.57,*,AMZN190104C01465000,,call,01/04/2019,11/29/2018,1465,220.3,221.3,230,2,1,0.3807,0.8853,0.001,-227.8689,100.8519,AMZN190104C01465000
AMZN,1673.57,*,AMZN190104P01465000,,put,01/04/2019,11/29/2018,1465,0,11.8,13.1,0,0,0.3884,-0.1189,0.001,-202.5952,103.4638,AMZN190104P01465000
AMZN,1673.57,*,AMZN190104C01467500,,call,01/04/2019,11/29/2018,1467.5,0,218.45,228,0,0,0.3807,0.8825,0.001,-231.2493,102.6016,AMZN190104C01467500
AMZN,1673.57,*,AMZN190104P01467500,,put,01/04/2019,11/29/2018,1467.5,15.37,12.15,13.35,0,2,0.3878,-0.1214,0.001,-205.2318,104.9928,AMZN190104P01467500
AMZN,1673.57,*,AMZN190104C01470000,,call,01/04/2019,11/29/2018,1470,181.16,215.55,225.05,0,0,0.3807,0.8797,0.001,-234.6391,104.3571,AMZN190104C01470000
AMZN,1673.57,*,AMZN190104P01470000,,put,01/04/2019,11/29/2018,1470,12.1,12.5,13.6,14,3,0.3871,-0.1238,0.001,-207.7543,106.4967,AMZN190104P01470000
AMZN,1673.57,*,AMZN190104C01472500,,call,01/04/2019,11/29/2018,1472.5,124.3,214.2,224,0,1,0.3807,0.8768,0.001,-238.0371,106.1178,AMZN190104C01472500
AMZN,1673.57,*,AMZN190104P01472500,,put,01/04/2019,11/29/2018,1472.5,16.25,12.6,14.05,0,1,0.3861,-0.1262,0.001,-209.9238,107.9101,AMZN190104P01472500
AMZN,1673.57,*,AMZN190104C01475000,,call,01/04/2019,11/29/2018,1475,131.65,212.5,221.5,0,3,0.3807,0.8738,0.001,-241.442,107.8829,AMZN190104C01475000
AMZN,1673.57,*,AMZN190104P01475000,,put,01/04/2019,11/29/2018,1475,15.1,12.95,14.4,3,100,0.3858,-0.129,0.001,-212.9265,109.56,AMZN190104P01475000
AMZN,1673.57,*,AMZN190104C01477500,,call,01/04/2019,11/29/2018,1477.5,0,210,219.35,0,0,0.3807,0.8709,0.0011,-244.8525,109.6518,AMZN190104C01477500
AMZN,1673.57,*,AMZN190104P01477500,,put,01/04/2019,11/29/2018,1477.5,13.5,13.25,14.7,15,0,0.385,-0.1315,0.0011,-215.337,111.0538,AMZN190104P01477500
AMZN,1673.57,*,AMZN190104C01480000,,call,01/04/2019,11/29/2018,1480,185.03,209,217.15,0,3,0.3807,0.8678,0.0011,-248.2675,111.424,AMZN190104C01480000
AMZN,1673.57,*,AMZN190104P01480000,,put,01/04/2019,11/29/2018,1480,15.78,13.55,15.05,5,101,0.3843,-0.1342,0.0011,-217.867,112.5869,AMZN190104P01480000
AMZN,1673.57,*,AMZN190104C01482500,,call,01/04/2019,11/29/2018,1482.5,155.8,205.8,215,0,2,0.3807,0.8647,0.0011,-251.6856,113.1988,AMZN190104C01482500
AMZN,1673.57,*,AMZN190104P01482500,,put,01/04/2019,11/29/2018,1482.5,35.96,13.9,15.35,0,11,0.3836,-0.1369,0.0011,-220.3969,114.1264,AMZN190104P01482500
AMZN,1673.57,*,AMZN190104C01485000,,call,01/04/2019,11/29/2018,1485,117.55,203.35,212.5,0,4,0.3807,0.8616,0.0011,-255.1056,114.9755,AMZN190104C01485000
AMZN,1673.57,*,AMZN190104P01485000,,put,01/04/2019,11/29/2018,1485,20.75,14.35,15.65,0,1,0.3833,-0.1398,0.0011,-223.404,115.7977,AMZN190104P01485000
AMZN,1673.57,*,AMZN190104C01487500,,call,01/04/2019,11/29/2018,1487.5,215.75,201.2,209.85,5,2,0.3807,0.8585,0.0011,-258.5262,116.7534,AMZN190104C01487500
AMZN,1673.57,*,AMZN190104P01487500,,put,01/04/2019,11/29/2018,1487.5,47.4,14.45,16.05,0,1,0.3818,-0.1421,0.0011,-224.9744,117.0983,AMZN190104P01487500
AMZN,1673.57,*,AMZN190104C01490000,,call,01/04/2019,11/29/2018,1490,186.46,200.1,208.5,0,5,0.3807,0.8553,0.0011,-261.946,118.5319,AMZN190104C01490000
AMZN,1673.57,*,AMZN190104P01490000,,put,01/04/2019,11/29/2018,1490,14.78,14.95,16.4,6,24,0.3817,-0.1453,0.0011,-228.217,118.8414,AMZN190104P01490000
AMZN,1673.57,*,AMZN190104C01492500,,call,01/04/2019,11/29/2018,1492.5,153.9,198.9,206.45,0,4,0.3807,0.852,0.0012,-265.3638,120.3104,AMZN190104C01492500
AMZN,1673.57,*,AMZN190104P01492500,,put,01/04/2019,11/29/2018,1492.5,16.24,15.35,16.7,0,27,0.381,-0.1481,0.0012,-230.7382,120.4021,AMZN190104P01492500
AMZN,1673.57,*,AMZN190104C01495000,,call,01/04/2019,11/29/2018,1495,143.1,195.45,204.3,0,7,0.3807,0.8487,0.0012,-268.7782,122.0881,AMZN190104C01495000
AMZN,1673.57,*,AMZN190104P01495000,,put,01/04/2019,11/29/2018,1495,37.9,15.6,17.1,0,7,0.38,-0.1509,0.0012,-232.8952,121.8765,AMZN190104P01495000
AMZN,1673.57,*,AMZN190104C01497500,,call,01/04/2019,11/29/2018,1497.5,141.25,193.35,202,0,2,0.3807,0.8454,0.0012,-272.1878,123.8643,AMZN190104C01497500
AMZN,1673.57,*,AMZN190104P01497500,,put,01/04/2019,11/29/2018,1497.5,16.08,16,17.5,6,5,0.3796,-0.154,0.0012,-235.7662,123.5363,AMZN190104P01497500
AMZN,1673.57,*,AMZN190104C01500000,,call,01/04/2019,11/29/2018,1500,195,190.75,200,21,58,0.3807,0.842,0.0012,-275.5914,125.6385,AMZN190104C01500000
AMZN,1673.57,*,AMZN190104P01500000,,put,01/04/2019,11/29/2018,1500,16.13,16.55,17.8,19,54,0.3793,-0.1572,0.0012,-238.7511,125.2271,AMZN190104P01500000
AMZN,1673.57,*,AMZN190104C01502500,,call,01/04/2019,11/29/2018,1502.5,146.25,189.15,197.75,0,3,0.3807,0.8386,0.0012,-278.9876,127.4098,AMZN190104C01502500
AMZN,1673.57,*,AMZN190104P01502500,,put,01/04/2019,11/29/2018,1502.5,16.77,16.7,18.35,6,1,0.3783,-0.16,0.0012,-240.889,126.7139,AMZN190104P01502500
AMZN,1673.57,*,AMZN190104C01505000,,call,01/04/2019,11/29/2018,1505,196.63,187.15,196,0,16,0.3807,0.8352,0.0013,-282.375,129.1776,AMZN190104C01505000
AMZN,1673.57,*,AMZN190104P01505000,,put,01/04/2019,11/29/2018,1505,18.95,17.2,18.75,1,7,0.3781,-0.1634,0.0013,-243.9784,128.4357,AMZN190104P01505000
AMZN,1673.57,*,AMZN190104C01507500,,call,01/04/2019,11/29/2018,1507.5,109.2,185.05,193.65,0,1,0.3807,0.8317,0.0013,-285.7522,130.9412,AMZN190104C01507500
AMZN,1673.57,*,AMZN190104P01507500,,put,01/04/2019,11/29/2018,1507.5,16.58,17.75,19.1,1,3,0.3778,-0.1667,0.0013,-246.9385,130.1272,AMZN190104P01507500
AMZN,1673.57,*,AMZN190104C01510000,,call,01/04/2019,11/29/2018,1510,196.5,182.9,192,5,8,0.3807,0.8281,0.0013,-289.118,132.6999,AMZN190104C01510000
AMZN,1673.57,*,AMZN190104P01510000,,put,01/04/2019,11/29/2018,1510,18.13,17.9,19.5,1,10,0.3761,-0.1693,0.0013,-248.2094,131.4254,AMZN190104P01510000
AMZN,1673.57,*,AMZN190104C01512500,,call,01/04/2019,11/29/2018,1512.5,180.6,180.25,188.65,1,1,0.3807,0.8245,0.0013,-292.4709,134.453,AMZN190104C01512500
AMZN,1673.57,*,AMZN190104P01512500,,put,01/04/2019,11/29/2018,1512.5,50.2,18.35,19.9,0,4,0.3755,-0.1726,0.0013,-250.7884,133.0363,AMZN190104P01512500
AMZN,1673.57,*,AMZN190104C01515000,,call,01/04/2019,11/29/2018,1515,173.6,178.75,187.35,5,561,0.3849,0.8186,0.0013,-300.8301,137.2911,AMZN190104C01515000
AMZN,1673.57,*,AMZN190104P01515000,,put,01/04/2019,11/29/2018,1515,83.9,18.8,20.35,0,2,0.375,-0.1759,0.0013,-253.4749,134.6742,AMZN190104P01515000
AMZN,1673.57,*,AMZN190104C01517500,,call,01/04/2019,11/29/2018,1517.5,126.75,176.7,185.35,0,2,0.3844,0.8152,0.0013,-303.551,138.8831,AMZN190104C01517500
AMZN,1673.57,*,AMZN190104P01517500,,put,01/04/2019,11/29/2018,1517.5,0,19.2,20.8,0,0,0.3743,-0.1792,0.0013,-255.9084,136.2569,AMZN190104P01517500
AMZN,1673.57,*,AMZN190104C01520000,,call,01/04/2019,11/29/2018,1520,178.56,175.15,183.35,0,4,0.3857,0.8108,0.0013,-308.401,140.9154,AMZN190104C01520000
AMZN,1673.57,*,AMZN190104P01520000,,put,01/04/2019,11/29/2018,1520,23.1,20,21.25,0,2,0.375,-0.1833,0.0014,-260.0015,138.2068,AMZN190104P01520000
AMZN,1673.57,*,AMZN190104C01522500,,call,01/04/2019,11/29/2018,1522.5,158.66,172.65,181.25,0,1,0.3835,0.8083,0.0014,-309.0621,142.0816,AMZN190104C01522500
AMZN,1673.57,*,AMZN190104P01522500,,put,01/04/2019,11/29/2018,1522.5,85,20.25,21.75,0,2,0.3738,-0.1864,0.0014,-261.8066,139.6531,AMZN190104P01522500
AMZN,1673.57,*,AMZN190104C01525000,,call,01/04/2019,11/29/2018,1525,165.6,171.1,179.3,5,560,0.3848,0.8038,0.0014,-313.8704,144.0886,AMZN190104C01525000
AMZN,1673.57,*,AMZN190104P01525000,,put,01/04/2019,11/29/2018,1525,27.4,20.65,22.1,0,3,0.3726,-0.1896,0.0014,-263.5965,141.1018,AMZN190104P01525000
AMZN,1673.57,*,AMZN190104C01527500,,call,01/04/2019,11/29/2018,1527.5,127.85,169,177.5,0,13,0.3845,0.8002,0.0014,-316.7536,145.702,AMZN190104C01527500
AMZN,1673.57,*,AMZN190104P01527500,,put,01/04/2019,11/29/2018,1527.5,25.2,21.1,22.65,0,2,0.3721,-0.1931,0.0014,-266.2043,142.7274,AMZN190104P01527500
AMZN,1673.57,*,AMZN190104C01530000,,call,01/04/2019,11/29/2018,1530,182.07,169.35,173.2,1,16,0.3846,0.7963,0.0014,-320.0888,147.3979,AMZN190104C01530000
AMZN,1673.57,*,AMZN190104P01530000,,put,01/04/2019,11/29/2018,1530,27.8,21.95,23.1,0,3,0.3727,-0.1974,0.0014,-270.1013,144.6163,AMZN190104P01530000
AMZN,1673.57,*,AMZN190104C01532500,,call,01/04/2019,11/29/2018,1532.5,151.01,164.95,173.5,0,1,0.383,0.7932,0.0014,-321.3893,148.7064,AMZN190104C01532500
AMZN,1673.57,*,AMZN190104P01532500,,put,01/04/2019,11/29/2018,1532.5,46.11,22.2,23.65,0,5,0.3715,-0.2006,0.0015,-271.836,146.0596,AMZN190104P01532500
AMZN,1673.57,*,AMZN190104C01535000,,call,01/04/2019,11/29/2018,1535,165.4,162.9,171.5,4,1,0.382,0.7898,0.0014,-323.3792,150.148,AMZN190104C01535000
AMZN,1673.57,*,AMZN190104P01535000,,put,01/04/2019,11/29/2018,1535,23.33,22.9,24.2,1,5,0.3717,-0.2047,0.0015,-275.2114,147.8305,AMZN190104P01535000
AMZN,1673.57,*,AMZN190104C01537500,,call,01/04/2019,11/29/2018,1537.5,72.8,160.65,169.1,0,2,0.3791,0.7873,0.0015,-323.1064,151.1791,AMZN190104C01537500
AMZN,1673.57,*,AMZN190104P01537500,,put,01/04/2019,11/29/2018,1537.5,69,22.95,24.75,0,3,0.3697,-0.2077,0.0015,-275.9572,149.0851,AMZN190104P01537500
AMZN,1673.57,*,AMZN190104C01540000,,call,01/04/2019,11/29/2018,1540,174,159.2,167.45,1,5,0.3812,0.7822,0.0015,-328.7033,153.2722,AMZN190104C01540000
AMZN,1673.57,*,AMZN190104P01540000,,put,01/04/2019,11/29/2018,1540,25.14,23.5,25.3,50,13,0.3693,-0.2115,0.0015,-278.5757,150.7055,AMZN190104P01540000
AMZN,1673.57,*,AMZN190104C01545000,,call,01/04/2019,11/29/2018,1545,111.65,157.2,161.1,0,6,0.3789,0.7753,0.0015,-332.1622,156.0614,AMZN190104C01545000
AMZN,1673.57,*,AMZN190104P01545000,,put,01/04/2019,11/29/2018,1545,25.33,24.7,26.25,1,2,0.3681,-0.2191,0.0015,-283.2638,153.8334,AMZN190104P01545000
AMZN,1673.57,*,AMZN190104C01550000,,call,01/04/2019,11/29/2018,1550,167.85,153.35,157.3,13,31,0.3778,0.7675,0.0016,-336.9189,159.0635,AMZN190104C01550000
AMZN,1673.57,*,AMZN190104P01550000,,put,01/04/2019,11/29/2018,1550,30.55,25.75,27.4,0,26,0.3669,-0.2269,0.0016,-287.8433,156.9286,AMZN190104P01550000
AMZN,1673.57,*,AMZN190104C01555000,,call,01/04/2019,11/29/2018,1555,107.25,149.55,153.5,0,21,0.3766,0.7596,0.0016,-341.4366,162.0059,AMZN190104C01555000
AMZN,1673.57,*,AMZN190104P01555000,,put,01/04/2019,11/29/2018,1555,32.49,26.95,28.6,0,15,0.366,-0.2351,0.0016,-292.6547,160.0435,AMZN190104P01555000
AMZN,1673.57,*,AMZN190104C01560000,,call,01/04/2019,11/29/2018,1560,122.5,145.85,149.5,0,17,0.3749,0.7518,0.0016,-345.2459,164.8193,AMZN190104C01560000
AMZN,1673.57,*,AMZN190104P01560000,,put,01/04/2019,11/29/2018,1560,29.61,28.5,29.65,50,5,0.3656,-0.2436,0.0016,-297.9147,163.1986,AMZN190104P01560000
AMZN,1673.57,*,AMZN190104C01565000,,call,01/04/2019,11/29/2018,1565,99.45,142.7,145.85,0,34,0.3756,0.7428,0.0016,-351.6781,167.9705,AMZN190104C01565000
AMZN,1673.57,*,AMZN190104P01565000,,put,01/04/2019,11/29/2018,1565,35.76,29.3,31.1,0,17,0.3638,-0.2517,0.0017,-301.4125,166.0496,AMZN190104P01565000
AMZN,1673.57,*,AMZN190104C01570000,,call,01/04/2019,11/29/2018,1570,125.35,138.4,141.95,0,2,0.372,0.7355,0.0017,-353.0254,170.3958,AMZN190104C01570000
AMZN,1673.57,*,AMZN190104P01570000,,put,01/04/2019,11/29/2018,1570,31.29,30.7,32.3,0,8,0.3628,-0.2603,0.0017,-305.6887,168.986,AMZN190104P01570000
AMZN,1673.57,*,AMZN190104C01575000,,call,01/04/2019,11/29/2018,1575,141.5,135.05,138.5,15,16,0.3722,0.7263,0.0017,-358.5624,173.3299,AMZN190104C01575000
AMZN,1673.57,*,AMZN190104P01575000,,put,01/04/2019,11/29/2018,1575,39.07,31.9,33.7,0,8,0.3615,-0.2689,0.0018,-309.4636,171.8133,AMZN190104P01575000
AMZN,1673.57,*,AMZN190104C01580000,,call,01/04/2019,11/29/2018,1580,125.82,131.5,134.75,6,11,0.3708,0.7177,0.0018,-362.1068,175.9668,AMZN190104C01580000
AMZN,1673.57,*,AMZN190104P01580000,,put,01/04/2019,11/29/2018,1580,32.89,33.55,35,0,28,0.3611,-0.2781,0.0018,-314.0944,174.6991,AMZN190104P01580000
AMZN,1673.57,*,AMZN190104C01585000,,call,01/04/2019,11/29/2018,1585,121.85,127.5,131.05,0,7,0.368,0.7095,0.0018,-363.9054,178.3738,AMZN190104C01585000
AMZN,1673.57,*,AMZN190104P01585000,,put,01/04/2019,11/29/2018,1585,73.56,34.7,36.4,0,12,0.3592,-0.2868,0.0018,-316.8482,177.308,AMZN190104P01585000
AMZN,1673.57,*,AMZN190104C01590000,,call,01/04/2019,11/29/2018,1590,129.62,123.9,127.6,1,6,0.3668,0.7005,0.0018,-367.3271,180.907,AMZN190104C01590000
AMZN,1673.57,*,AMZN190104P01590000,,put,01/04/2019,11/29/2018,1590,43.17,35.95,37.95,2,24,0.3578,-0.2959,0.0019,-319.9867,179.9115,AMZN190104P01590000
AMZN,1673.57,*,AMZN190104C01595000,,call,01/04/2019,11/29/2018,1595,128,120.6,123.9,3,6,0.3655,0.6914,0.0019,-370.4445,183.3486,AMZN190104C01595000
AMZN,1673.57,*,AMZN190104P01595000,,put,01/04/2019,11/29/2018,1595,40.02,37.35,39.45,4,13,0.3564,-0.3052,0.0019,-322.934,182.4357,AMZN190104P01595000
AMZN,1673.57,*,AMZN190104C01600000,,call,01/04/2019,11/29/2018,1600,126.78,117.5,120.5,3,75,0.3653,0.6817,0.0019,-374.5761,185.8001,AMZN190104C01600000
AMZN,1673.57,*,AMZN190104P01600000,,put,01/04/2019,11/29/2018,1600,41.5,39.4,41,26,53,0.3567,-0.3152,0.0019,-327.5632,185.0328,AMZN190104P01600000
AMZN,1673.57,*,AMZN190104C01605000,,call,01/04/2019,11/29/2018,1605,75.35,114.15,117.2,0,23,0.3645,0.6721,0.0019,-377.8265,188.0933,AMZN190104C01605000
AMZN,1673.57,*,AMZN190104P01605000,,put,01/04/2019,11/29/2018,1605,40.15,40.8,42.65,1,2,0.3553,-0.3248,0.0019,-330.09,187.3635,AMZN190104P01605000
AMZN,1673.57,*,AMZN190104C01610000,,call,01/04/2019,11/29/2018,1610,105.75,110.75,113.7,1,43,0.3627,0.6627,0.0019,-379.762,190.2142,AMZN190104C01610000
AMZN,1673.57,*,AMZN190104P01610000,,put,01/04/2019,11/29/2018,1610,51.25,42.55,44.25,0,1,0.3543,-0.3347,0.002,-332.8369,189.6266,AMZN190104P01610000
AMZN,1673.57,*,AMZN190104C01615000,,call,01/04/2019,11/29/2018,1615,101.25,107.5,110.1,0,12,0.3609,0.6531,0.002,-381.4784,192.2426,AMZN190104C01615000
AMZN,1673.57,*,AMZN190104P01615000,,put,01/04/2019,11/29/2018,1615,53.85,44.3,46,0,4,0.3535,-0.3447,0.002,-335.5707,191.7922,AMZN190104P01615000
AMZN,1673.57,*,AMZN190104C01620000,,call,01/04/2019,11/29/2018,1620,106.65,104.25,107.3,8,15,0.3615,0.6427,0.002,-385.564,194.2936,AMZN190104C01620000
AMZN,1673.57,*,AMZN190104P01620000,,put,01/04/2019,11/29/2018,1620,97.54,45.6,47.9,0,21,0.3517,-0.3546,0.002,-336.9802,193.785,AMZN190104P01620000
AMZN,1673.57,*,AMZN190104C01622500,,call,01/04/2019,11/29/2018,1622.5,0,102.6,106.25,0,0,0.3615,0.6376,0.002,-387.1866,195.2519,AMZN190104C01622500
AMZN,1673.57,*,AMZN190104P01622500,,put,01/04/2019,11/29/2018,1622.5,0,46.5,48.9,0,0,0.3515,-0.3599,0.002,-338.353,194.7765,AMZN190104P01622500
AMZN,1673.57,*,AMZN190104C01625000,,call,01/04/2019,11/29/2018,1625,109.89,101.1,103.95,3,2,0.3587,0.6331,0.002,-385.7298,196.0591,AMZN190104C01625000
AMZN,1673.57,*,AMZN190104P01625000,,put,01/04/2019,11/29/2018,1625,0,47.15,49.85,0,0,0.3504,-0.3649,0.0021,-338.691,195.6936,AMZN190104P01625000
AMZN,1673.57,*,AMZN190104C01627500,,call,01/04/2019,11/29/2018,1627.5,0,99.1,103.05,0,0,0.3595,0.6277,0.002,-388.0907,196.9916,AMZN190104C01627500
AMZN,1673.57,*,AMZN190104P01627500,,put,01/04/2019,11/29/2018,1627.5,0,48.15,50.8,0,0,0.3502,-0.3701,0.0021,-339.9372,196.6216,AMZN190104P01627500
AMZN,1673.57,*,AMZN190104C01630000,,call,01/04/2019,11/29/2018,1630,79.9,98.05,100.8,0,135,0.3585,0.6227,0.002,-388.4519,197.8212,AMZN190104C01630000
AMZN,1673.57,*,AMZN190104P01630000,,put,01/04/2019,11/29/2018,1630,58.17,49.7,51.4,2,3,0.3504,-0.3755,0.0021,-341.5476,197.5299,AMZN190104P01630000
AMZN,1673.57,*,AMZN190104C01632500,,call,01/04/2019,11/29/2018,1632.5,0,96.4,99.9,0,0,0.3593,0.6173,0.002,-390.6791,198.6788,AMZN190104C01632500
AMZN,1673.57,*,AMZN190104P01632500,,put,01/04/2019,11/29/2018,1632.5,0,50,52.65,0,0,0.349,-0.3805,0.0021,-341.3746,198.3464,AMZN190104P01632500
AMZN,1673.57,*,AMZN190104C01635000,,call,01/04/2019,11/29/2018,1635,98.5,95.05,97.65,0,16,0.3575,0.6124,0.0021,-390.0571,199.4239,AMZN190104C01635000
AMZN,1673.57,*,AMZN190104P01635000,,put,01/04/2019,11/29/2018,1635,61.1,51.5,53.35,1,3,0.3492,-0.386,0.0021,-342.8519,199.1844,AMZN190104P01635000
AMZN,1673.57,*,AMZN190104C01637500,,call,01/04/2019,11/29/2018,1637.5,0,93.3,96.8,0,0,0.358,0.6071,0.0021,-391.8299,200.2014,AMZN190104C01637500
AMZN,1673.57,*,AMZN190104P01637500,,put,01/04/2019,11/29/2018,1637.5,0,52,54.65,0,0,0.3483,-0.3912,0.0021,-343.0847,199.9543,AMZN190104P01637500
AMZN,1673.57,*,AMZN190104C01640000,,call,01/04/2019,11/29/2018,1640,96.1,92,94.55,4,145,0.3562,0.6021,0.0021,-391.0816,200.8904,AMZN190104C01640000
AMZN,1673.57,*,AMZN190104P01640000,,put,01/04/2019,11/29/2018,1640,53.39,53.4,55.35,0,4,0.3482,-0.3966,0.0021,-344.1052,200.7112,AMZN190104P01640000
AMZN,1673.57,*,AMZN190104C01642500,,call,01/04/2019,11/29/2018,1642.5,0,90.3,93.2,0,0,0.3555,0.5969,0.0021,-391.4416,201.5741,AMZN190104C01642500
AMZN,1673.57,*,AMZN190104P01642500,,put,01/04/2019,11/29/2018,1642.5,0,54,56.45,0,0,0.3469,-0.4018,0.0021,-343.7778,201.4063,AMZN190104P01642500
AMZN,1673.57,*,AMZN190104C01645000,,call,01/04/2019,11/29/2018,1645,82.57,89.05,91.6,2,6,0.3552,0.5916,0.0021,-392.1605,202.2312,AMZN190104C01645000
AMZN,1673.57,*,AMZN190104P01645000,,put,01/04/2019,11/29/2018,1645,60,54.9,57.5,3,4,0.3462,-0.4072,0.0022,-344.0226,202.081,AMZN190104P01645000
AMZN,1673.57,*,AMZN190104C01647500,,call,01/04/2019,11/29/2018,1647.5,0,87.35,90.25,0,0,0.3544,0.5863,0.0021,-392.2797,202.8461,AMZN190104C01647500
AMZN,1673.57,*,AMZN190104P01647500,,put,01/04/2019,11/29/2018,1647.5,0,56,58.75,0,0,0.3465,-0.4127,0.0022,-345.2619,202.7354,AMZN190104P01647500
AMZN,1673.57,*,AMZN190104C01650000,,call,01/04/2019,11/29/2018,1650,91.84,85.9,88.75,9,118,0.3538,0.581,0.0021,-392.5434,203.4296,AMZN190104C01650000
AMZN,1673.57,*,AMZN190104P01650000,,put,01/04/2019,11/29/2018,1650,58.6,57.55,59.5,30,8,0.3465,-0.4182,0.0022,-346.1111,203.3454,AMZN190104P01650000
AMZN,1673.57,*,AMZN190104C01652500,,call,01/04/2019,11/29/2018,1652.5,0,84.4,87.55,0,0,0.3537,0.5757,0.0021,-393.2691,203.9825,AMZN190104C01652500
AMZN,1673.57,*,AMZN190104P01652500,,put,01/04/2019,11/29/2018,1652.5,0,58.05,60.65,0,0,0.345,-0.4235,0.0022,-345.2964,203.9015,AMZN190104P01652500
AMZN,1673.57,*,AMZN190104C01655000,,call,01/04/2019,11/29/2018,1655,91.65,83.05,85.8,3,4,0.3526,0.5704,0.0021,-392.8639,204.491,AMZN190104C01655000
AMZN,1673.57,*,AMZN190104P01655000,,put,01/04/2019,11/29/2018,1655,68.45,59.35,61.75,0,4,0.3451,-0.4291,0.0022,-346.1102,204.4366,AMZN190104P01655000
AMZN,1673.57,*,AMZN190104C01657500,,call,01/04/2019,11/29/2018,1657.5,0,81.6,85,0,0,0.3535,0.5649,0.0021,-394.5109,204.9757,AMZN190104C01657500
AMZN,1673.57,*,AMZN190104P01657500,,put,01/04/2019,11/29/2018,1657.5,0,60.1,63.05,0,0,0.3443,-0.4345,0.0022,-345.8972,204.9264,AMZN190104P01657500
AMZN,1673.57,*,AMZN190104C01660000,,call,01/04/2019,11/29/2018,1660,74.1,80.45,83,16,1,0.3521,0.5596,0.0022,-393.6477,205.4109,AMZN190104C01660000
AMZN,1673.57,*,AMZN190104P01660000,,put,01/04/2019,11/29/2018,1660,70.75,61.25,63.85,0,3,0.3432,-0.44,0.0022,-345.2941,205.3776,AMZN190104P01660000
AMZN,1673.57,*,AMZN190104C01662500,,call,01/04/2019,11/29/2018,1662.5,0,79.05,81.75,0,0,0.3519,0.5541,0.0022,-393.9867,205.8144,AMZN190104C01662500
AMZN,1673.57,*,AMZN190104P01662500,,put,01/04/2019,11/29/2018,1662.5,0,62.35,65.2,0,0,0.3433,-0.4456,0.0022,-345.892,205.7947,AMZN190104P01662500
AMZN,1673.57,*,AMZN190104C01665000,,call,01/04/2019,11/29/2018,1665,86,77.5,80.2,178,5,0.3505,0.5487,0.0022,-392.9816,206.1785,AMZN190104C01665000
AMZN,1673.57,*,AMZN190104P01665000,,put,01/04/2019,11/29/2018,1665,61.7,64.15,66.3,101,0,0.3444,-0.4512,0.0022,-347.4789,206.1721,AMZN190104P01665000
AMZN,1673.57,*,AMZN190104C01667500,,call,01/04/2019,11/29/2018,1667.5,0,76.15,79.4,0,0,0.3514,0.5433,0.0022,-394.3462,206.5066,AMZN190104C01667500
AMZN,1673.57,*,AMZN190104P01667500,,put,01/04/2019,11/29/2018,1667.5,70.3,65.15,67.35,22,0,0.3433,-0.4567,0.0022,-346.6583,206.5063,AMZN190104P01667500
AMZN,1673.57,*,AMZN190104C01670000,,call,01/04/2019,11/29/2018,1670,81.25,75,77.45,17,1,0.3499,0.5378,0.0022,-393.0913,206.7962,AMZN190104C01670000
AMZN,1673.57,*,AMZN190104P01670000,,put,01/04/2019,11/29/2018,1670,74.72,65.65,68.55,1,1,0.3414,-0.4623,0.0022,-344.9137,206.8024,AMZN190104P01670000
AMZN,1673.57,*,AMZN190104C01672500,,call,01/04/2019,11/29/2018,1672.5,0,73.65,76.55,0,0,0.3504,0.5324,0.0022,-393.8897,207.0459,AMZN190104C01672500
AMZN,1673.57,*,AMZN190104P01672500,,put,01/04/2019,11/29/2018,1672.5,0,66.9,69.85,0,0,0.3414,-0.4679,0.0022,-345.1139,207.0576,AMZN190104P01672500
AMZN,1673.57,*,AMZN190104C01675000,,call,01/04/2019,11/29/2018,1675,75,72.4,74.9,61,1,0.3492,0.5269,0.0022,-392.8085,207.2591,AMZN190104C01675000
AMZN,1673.57,*,AMZN190104P01675000,,put,01/04/2019,11/29/2018,1675,69,68.6,70.95,11,0,0.342,-0.4735,0.0022,-345.8803,207.2708,AMZN190104P01675000
AMZN,1673.57,*,AMZN190104C01677500,,call,01/04/2019,11/29/2018,1677.5,0,71,73.8,0,0,0.349,0.5214,0.0022,-392.7194,207.4317,AMZN190104C01677500
AMZN,1673.57,*,AMZN190104P01677500,,put,01/04/2019,11/29/2018,1677.5,71.5,69.85,72.15,1,0,0.3416,-0.4791,0.0022,-345.5098,207.4445,AMZN190104P01677500
AMZN,1673.57,*,AMZN190104C01680000,,call,01/04/2019,11/29/2018,1680,68.96,70,72.2,4,8,0.3484,0.5159,0.0022,-392.1319,207.5658,AMZN190104C01680000
AMZN,1673.57,*,AMZN190104P01680000,,put,01/04/2019,11/29/2018,1680,68.5,70.8,73.6,19,0,0.3411,-0.4847,0.0022,-344.9589,207.5775,AMZN190104P01680000
AMZN,1673.57,*,AMZN190104C01682500,,call,01/04/2019,11/29/2018,1682.5,0,68.55,71.3,0,0,0.3484,0.5104,0.0022,-392.1132,207.6596,AMZN190104C01682500
AMZN,1673.57,*,AMZN190104P01682500,,put,01/04/2019,11/29/2018,1682.5,0,71.75,74.8,0,0,0.3399,-0.4904,0.0023,-343.5856,207.6702,AMZN190104P01682500
AMZN,1673.57,*,AMZN190104C01685000,,call,01/04/2019,11/29/2018,1685,73.5,67.25,69.75,9,1,0.3471,0.5048,0.0022,-390.6317,207.7153,AMZN190104C01685000
AMZN,1673.57,*,AMZN190104P01685000,,put,01/04/2019,11/29/2018,1685,76.8,73.6,75.85,1,3,0.3405,-0.4959,0.0022,-344.0641,207.7195,AMZN190104P01685000
AMZN,1673.57,*,AMZN190104C01687500,,call,01/04/2019,11/29/2018,1687.5,0,65.95,68.9,0,0,0.3475,0.4994,0.0022,-390.899,207.73,AMZN190104C01687500
AMZN,1673.57,*,AMZN190104P01687500,,put,01/04/2019,11/29/2018,1687.5,0,74.1,77.15,0,0,0.3383,-0.5018,0.0023,-341.4673,207.7282,AMZN190104P01687500
AMZN,1673.57,*,AMZN190104C01690000,,call,01/04/2019,11/29/2018,1690,74,64.75,67.2,18,8,0.3459,0.4937,0.0022,-388.9469,207.7042,AMZN190104C01690000
AMZN,1673.57,*,AMZN190104P01690000,,put,01/04/2019,11/29/2018,1690,80.3,75.35,78.65,1,0,0.3384,-0.5074,0.0023,-341.2633,207.6946,AMZN190104P01690000
AMZN,1673.57,*,AMZN190104C01695000,,call,01/04/2019,11/29/2018,1695,71.37,62.55,64.7,19,5,0.3453,0.4826,0.0022,-387.6192,207.5334,AMZN190104C01695000
AMZN,1673.57,*,AMZN190104P01695000,,put,01/04/2019,11/29/2018,1695,82.95,78.05,81.05,1,0,0.3374,-0.5188,0.0023,-339.3452,207.5005,AMZN190104P01695000
AMZN,1673.57,*,AMZN190104C01700000,,call,01/04/2019,11/29/2018,1700,68.35,60.15,62.35,119,57,0.3443,0.4715,0.0022,-385.5732,207.2003,AMZN190104C01700000
AMZN,1673.57,*,AMZN190104P01700000,,put,01/04/2019,11/29/2018,1700,81.95,81.4,83.75,2,7,0.3384,-0.5297,0.0023,-339.3082,207.1534,AMZN190104P01700000
AMZN,1673.57,*,AMZN190104C01705000,,call,01/04/2019,11/29/2018,1705,59.25,57.9,60.1,10,6,0.3437,0.4605,0.0022,-383.6784,206.7096,AMZN190104C01705000
AMZN,1673.57,*,AMZN190104P01705000,,put,01/04/2019,11/29/2018,1705,0,83.25,86.6,0,0,0.3358,-0.5414,0.0023,-335.0649,206.6082,AMZN190104P01705000
AMZN,1673.57,*,AMZN190104C01710000,,call,01/04/2019,11/29/2018,1710,50.6,55.65,57.9,2,5,0.3429,0.4494,0.0022,-381.2855,206.057,AMZN190104C01710000
AMZN,1673.57,*,AMZN190104P01710000,,put,01/04/2019,11/29/2018,1710,0,86.1,89.3,0,0,0.335,-0.5528,0.0023,-332.4928,205.9102,AMZN190104P01710000
AMZN,1673.57,*,AMZN190104C01715000,,call,01/04/2019,11/29/2018,1715,50.25,53.55,55.6,4,3,0.3419,0.4383,0.0022,-378.3933,205.2399,AMZN190104C01715000
AMZN,1673.57,*,AMZN190104P01715000,,put,01/04/2019,11/29/2018,1715,0,88.95,92.5,0,0,0.3352,-0.5638,0.0023,-330.7494,205.0711,AMZN190104P01715000
AMZN,1673.57,*,AMZN190104C01720000,,call,01/04/2019,11/29/2018,1720,53.45,51.3,53.5,8,1,0.3408,0.4272,0.0022,-375.1123,204.2579,AMZN190104C01720000
AMZN,1673.57,*,AMZN190104P01720000,,put,01/04/2019,11/29/2018,1720,0,91.8,95.15,0,0,0.3337,-0.5752,0.0023,-326.84,204.024,AMZN190104P01720000
AMZN,1673.57,*,AMZN190104C01725000,,call,01/04/2019,11/29/2018,1725,46.9,49.35,51.45,2,1,0.3403,0.4163,0.0022,-372.2345,203.1377,AMZN190104C01725000
AMZN,1673.57,*,AMZN190104P01725000,,put,01/04/2019,11/29/2018,1725,124.15,94.55,98.2,0,1,0.3328,-0.5865,0.0022,-323.3223,202.8267,AMZN190104P01725000
AMZN,1673.57,*,AMZN190104C01730000,,call,01/04/2019,11/29/2018,1730,49,47.4,49.45,1,3,0.339,0.4051,0.0022,-368.1879,201.8275,AMZN190104C01730000
AMZN,1673.57,*,AMZN190104P01730000,,put,01/04/2019,11/29/2018,1730,171.8,97.6,101.15,0,1,0.332,-0.5977,0.0022,-319.6488,201.4705,AMZN190104P01730000
AMZN,1673.57,*,AMZN190104C01735000,,call,01/04/2019,11/29/2018,1735,50.1,45.6,47.5,2,100,0.34,0.395,0.0022,-366.5191,200.4895,AMZN190104C01735000
AMZN,1673.57,*,AMZN190104P01735000,,put,01/04/2019,11/29/2018,1735,0,100.7,104.4,0,0,0.3319,-0.6085,0.0022,-316.5212,199.9985,AMZN190104P01735000
AMZN,1673.57,*,AMZN190104C01740000,,call,01/04/2019,11/29/2018,1740,0,43.55,46,0,0,0.3391,0.3841,0.0022,-362.4332,198.9063,AMZN190104C01740000
AMZN,1673.57,*,AMZN190104P01740000,,put,01/04/2019,11/29/2018,1740,179.9,103.9,107.5,0,1,0.3313,-0.6194,0.0022,-312.573,198.3479,AMZN190104P01740000
AMZN,1673.57,*,AMZN190104C01745000,,call,01/04/2019,11/29/2018,1745,18,41.7,44.15,0,5,0.3384,0.3735,0.0021,-358.3366,197.1897,AMZN190104C01745000
AMZN,1673.57,*,AMZN190104P01745000,,put,01/04/2019,11/29/2018,1745,184.05,106.95,110.95,0,4,0.331,-0.6302,0.0022,-308.7362,196.5744,AMZN190104P01745000
AMZN,1673.57,*,AMZN190104C01750000,,call,01/04/2019,11/29/2018,1750,44.33,40,41.9,3,45,0.3367,0.3623,0.0021,-352.8211,195.2382,AMZN190104C01750000
AMZN,1673.57,*,AMZN190104P01750000,,put,01/04/2019,11/29/2018,1750,121.52,110.25,113.9,0,4,0.3298,-0.6412,0.0022,-303.6027,194.5746,AMZN190104P01750000
AMZN,1673.57,*,AMZN190104C01755000,,call,01/04/2019,11/29/2018,1755,0,38.4,40.4,0,5,0.3369,0.3523,0.0021,-349.3326,193.3238,AMZN190104C01755000
AMZN,1673.57,*,AMZN190104P01755000,,put,01/04/2019,11/29/2018,1755,140.95,113.6,117.55,0,3,0.3303,-0.6513,0.0022,-300.2735,192.6088,AMZN190104P01755000
AMZN,1673.57,*,AMZN190104C01760000,,call,01/04/2019,11/29/2018,1760,30.78,36.85,38.55,0,3,0.3361,0.3418,0.0021,-344.4396,191.1796,AMZN190104C01760000
AMZN,1673.57,*,AMZN190104P01760000,,put,01/04/2019,11/29/2018,1760,194.35,117,120.6,0,1,0.329,-0.6622,0.0021,-294.5699,190.3109,AMZN190104P01760000
AMZN,1673.57,*,AMZN190104C01765000,,call,01/04/2019,11/29/2018,1765,40.98,35.15,37.05,10,12,0.3355,0.3316,0.0021,-339.5815,188.9289,AMZN190104C01765000
AMZN,1673.57,*,AMZN190104P01765000,,put,01/04/2019,11/29/2018,1765,0,120.2,124.35,0,0,0.3288,-0.6724,0.0021,-289.9937,188.016,AMZN190104P01765000
AMZN,1673.57,*,AMZN190104C01770000,,call,01/04/2019,11/29/2018,1770,36.1,33.65,35.3,1,3,0.3346,0.3212,0.0021,-334.1574,186.5114,AMZN190104C01770000
AMZN,1673.57,*,AMZN190104P01770000,,put,01/04/2019,11/29/2018,1770,178.28,121.7,129.9,0,1,0.3285,-0.6825,0.0021,-285.1082,185.5911,AMZN190104P01770000
AMZN,1673.57,*,AMZN190104C01775000,,call,01/04/2019,11/29/2018,1775,17.75,32.15,33.85,0,3,0.3342,0.3114,0.002,-329.1652,184.0479,AMZN190104C01775000
AMZN,1673.57,*,AMZN190104P01775000,,put,01/04/2019,11/29/2018,1775,0,125.2,133.05,0,0,0.327,-0.6933,0.0021,-278.5397,182.8499,AMZN190104P01775000
AMZN,1673.57,*,AMZN190104C01780000,,call,01/04/2019,11/29/2018,1780,14.74,30.65,32.7,0,1,0.3344,0.302,0.002,-324.7605,181.583,AMZN190104C01780000
AMZN,1673.57,*,AMZN190104P01780000,,put,01/04/2019,11/29/2018,1780,0,128.8,136.7,0,0,0.3268,-0.703,0.002,-273.4218,180.2078,AMZN190104P01780000
AMZN,1673.57,*,AMZN190104C01785000,,call,01/04/2019,11/29/2018,1785,13.91,29.45,31.25,0,1,0.3344,0.2926,0.002,-319.9564,178.9963,AMZN190104C01785000
AMZN,1673.57,*,AMZN190104P01785000,,put,01/04/2019,11/29/2018,1785,0,132.45,140.3,0,0,0.3263,-0.7129,0.002,-267.7665,177.408,AMZN190104P01785000
AMZN,1673.57,*,AMZN190104C01790000,,call,01/04/2019,11/29/2018,1790,31.1,28.1,29.6,25,2,0.3331,0.2826,0.0019,-313.34,176.0589,AMZN190104C01790000
AMZN,1673.57,*,AMZN190104P01790000,,put,01/04/2019,11/29/2018,1790,0,136.15,145.65,0,0,0.3306,-0.7192,0.002,-268.1603,175.5378,AMZN190104P01790000
AMZN,1673.57,*,AMZN190104C01795000,,call,01/04/2019,11/29/2018,1795,28.8,26.8,28.25,1,3,0.3326,0.2732,0.0019,-307.6027,173.1808,AMZN190104C01795000
AMZN,1673.57,*,AMZN190104P01795000,,put,01/04/2019,11/29/2018,1795,164.39,139.9,149.35,0,2,0.3303,-0.7284,0.0019,-262.5359,172.6657,AMZN190104P01795000
AMZN,1673.57,*,AMZN190104C01800000,,call,01/04/2019,11/29/2018,1800,30.35,25.7,27,21,30,0.3328,0.2645,0.0019,-302.6534,170.3813,AMZN190104C01800000
AMZN,1673.57,*,AMZN190104P01800000,,put,01/04/2019,11/29/2018,1800,0,143.7,153.2,0,0,0.3303,-0.7373,0.0019,-257.1813,169.7848,AMZN190104P01800000
AMZN,1673.57,*,AMZN190104C01805000,,call,01/04/2019,11/29/2018,1805,24.9,24.3,26.05,1,0,0.3327,0.2557,0.0019,-297.2044,167.4464,AMZN190104C01805000
AMZN,1673.57,*,AMZN190104P01805000,,put,01/04/2019,11/29/2018,1805,0,147.15,156.3,0,0,0.3267,-0.7488,0.0019,-246.9505,165.9042,AMZN190104P01805000
AMZN,1673.57,*,AMZN190104C01810000,,call,01/04/2019,11/29/2018,1810,16.5,23.35,24.9,0,6,0.3331,0.2475,0.0018,-292.3219,164.5812,AMZN190104C01810000
AMZN,1673.57,*,AMZN190104P01810000,,put,01/04/2019,11/29/2018,1810,0,151.4,160.85,0,0,0.3296,-0.7551,0.0018,-245.2292,163.6414,AMZN190104P01810000
AMZN,1673.57,*,AMZN190104C01815000,,call,01/04/2019,11/29/2018,1815,24.45,22.2,23.6,2,2,0.3312,0.2377,0.0018,-284.2738,161.0268,AMZN190104C01815000
AMZN,1673.57,*,AMZN190104P01815000,,put,01/04/2019,11/29/2018,1815,242.5,155.25,164.05,0,1,0.327,-0.7655,0.0018,-236.0829,159.818,AMZN190104P01815000
AMZN,1673.57,*,AMZN190104C01820000,,call,01/04/2019,11/29/2018,1820,19.33,21.25,22.4,1,1,0.3308,0.2292,0.0018,-278.1403,157.8123,AMZN190104C01820000
AMZN,1673.57,*,AMZN190104P01820000,,put,01/04/2019,11/29/2018,1820,160.94,159.45,168.75,0,1,0.3298,-0.7715,0.0018,-234.1259,157.5125,AMZN190104P01820000
AMZN,1673.57,*,AMZN190104C01825000,,call,01/04/2019,11/29/2018,1825,22.45,20.15,21.4,12,13,0.3303,0.2208,0.0017,-271.7981,154.5125,AMZN190104C01825000
AMZN,1673.57,*,AMZN190104P01825000,,put,01/04/2019,11/29/2018,1825,167.68,163,172.4,1,0,0.327,-0.7818,0.0017,-224.5248,153.4644,AMZN190104P01825000
AMZN,1673.57,*,AMZN190104C01830000,,call,01/04/2019,11/29/2018,1830,21.5,19.1,20.4,1,0,0.3297,0.2125,0.0017,-265.2556,151.1291,AMZN190104C01830000
AMZN,1673.57,*,AMZN190104P01830000,,put,01/04/2019,11/29/2018,1830,256.4,167,176.05,0,1,0.3254,-0.7909,0.0017,-216.4681,149.6924,AMZN190104P01830000
AMZN,1673.57,*,AMZN190104C01835000,,call,01/04/2019,11/29/2018,1835,20.3,18.1,19.7,1,3,0.3301,0.2052,0.0017,-260.0348,148.0411,AMZN190104C01835000
AMZN,1673.57,*,AMZN190104P01835000,,put,01/04/2019,11/29/2018,1835,0,171.5,180.15,0,0,0.3268,-0.7974,0.0017,-212.48,146.9005,AMZN190104P01835000
AMZN,1673.57,*,AMZN190104C01840000,,call,01/04/2019,11/29/2018,1840,19.8,17.1,18.55,12,11,0.3286,0.1966,0.0016,-252.1585,144.2617,AMZN190104C01840000
AMZN,1673.57,*,AMZN190104P01840000,,put,01/04/2019,11/29/2018,1840,177.05,175.35,184.85,0,1,0.3275,-0.8043,0.0016,-207.5074,143.866,AMZN190104P01840000
AMZN,1673.57,*,AMZN190104C01845000,,call,01/04/2019,11/29/2018,1845,12.37,16.4,17.6,0,3,0.3287,0.1894,0.0016,-246.4591,141.0161,AMZN190104C01845000
AMZN,1673.57,*,AMZN190104P01845000,,put,01/04/2019,11/29/2018,1845,0,179.5,189,0,0,0.3273,-0.8118,0.0016,-201.2693,140.4943,AMZN190104P01845000
AMZN,1673.57,*,AMZN190104C01850000,,call,01/04/2019,11/29/2018,1850,17.59,15.55,16.8,14,52,0.3285,0.1821,0.0015,-240.3272,137.6445,AMZN190104C01850000
AMZN,1673.57,*,AMZN190104P01850000,,put,01/04/2019,11/29/2018,1850,0,184.15,193.25,0,0,0.3291,-0.8174,0.0015,-197.7965,137.8743,AMZN190104P01850000
AMZN,1673.57,*,AMZN190104C01855000,,call,01/04/2019,11/29/2018,1855,10.45,14.8,15.95,0,13,0.3282,0.175,0.0015,-234.0474,134.2203,AMZN190104C01855000
AMZN,1673.57,*,AMZN190104P01855000,,put,01/04/2019,11/29/2018,1855,0,188.5,197.5,0,0,0.3296,-0.8239,0.0015,-192.5162,134.7726,AMZN190104P01855000
AMZN,1673.57,*,AMZN190104C01860000,,call,01/04/2019,11/29/2018,1860,0,13.9,15.35,0,0,0.3281,0.1682,0.0015,-228.0468,130.8676,AMZN190104C01860000
AMZN,1673.57,*,AMZN190104P01860000,,put,01/04/2019,11/29/2018,1860,0,192.65,201.5,0,0,0.3282,-0.8317,0.0015,-184.5868,130.9084,AMZN190104P01860000
AMZN,1673.57,*,AMZN190104C01865000,,call,01/04/2019,11/29/2018,1865,6.8,13.1,14.6,0,1,0.3275,0.1612,0.0014,-221.3575,127.3051,AMZN190104C01865000
AMZN,1673.57,*,AMZN190104P01865000,,put,01/04/2019,11/29/2018,1865,289.3,196.6,206.1,0,1,0.3276,-0.8387,0.0014,-177.7804,127.3471,AMZN190104P01865000
AMZN,1673.57,*,AMZN190104C01870000,,call,01/04/2019,11/29/2018,1870,15.78,12.65,13.75,1,0,0.3277,0.155,0.0014,-215.8036,124.0807,AMZN190104C01870000
AMZN,1673.57,*,AMZN190104P01870000,,put,01/04/2019,11/29/2018,1870,294.05,201.15,209.95,0,1,0.3269,-0.8456,0.0014,-170.8523,123.7363,AMZN190104P01870000
AMZN,1673.57,*,AMZN190104C01875000,,call,01/04/2019,11/29/2018,1875,13.29,11.95,13.25,1,1,0.3281,0.1492,0.0014,-210.5546,120.9591,AMZN190104C01875000
AMZN,1673.57,*,AMZN190104P01875000,,put,01/04/2019,11/29/2018,1875,0,205.5,214.85,0,0,0.3287,-0.8503,0.0014,-167.4409,121.2214,AMZN190104P01875000
AMZN,1673.57,*,AMZN190104C01880000,,call,01/04/2019,11/29/2018,1880,12.95,11.4,12.55,5,20,0.3281,0.1432,0.0013,-204.7795,117.6814,AMZN190104C01880000
AMZN,1673.57,*,AMZN190104P01880000,,put,01/04/2019,11/29/2018,1880,299.04,210,218.75,0,3,0.3274,-0.8574,0.0013,-159.7356,117.3681,AMZN190104P01880000
AMZN,1673.57,*,AMZN190104C01885000,,call,01/04/2019,11/29/2018,1885,12.84,10.9,11.9,3,11,0.3283,0.1376,0.0013,-199.3221,114.5142,AMZN190104C01885000
AMZN,1673.57,*,AMZN190104P01885000,,put,01/04/2019,11/29/2018,1885,249.31,214,223.4,0,2,0.326,-0.8643,0.0013,-151.9397,113.463,AMZN190104P01885000
AMZN,1673.57,*,AMZN190104C01890000,,call,01/04/2019,11/29/2018,1890,7.21,10.25,11.4,0,2,0.3282,0.1319,0.0013,-193.4933,111.2349,AMZN190104C01890000
AMZN,1673.57,*,AMZN190104P01890000,,put,01/04/2019,11/29/2018,1890,313.25,218.55,228.45,0,1,0.3288,-0.8677,0.0013,-150.0225,111.5117,AMZN190104P01890000
AMZN,1673.57,*,AMZN190104C01895000,,call,01/04/2019,11/29/2018,1895,10.53,9.8,10.8,3,4,0.3285,0.1266,0.0012,-188.2702,108.1687,AMZN190104C01895000
AMZN,1673.57,*,AMZN190104P01895000,,put,01/04/2019,11/29/2018,1895,317.95,223,232.35,0,1,0.3263,-0.8751,0.0012,-140.8133,107.1332,AMZN190104P01895000
AMZN,1673.57,*,AMZN190104C01900000,,call,01/04/2019,11/29/2018,1900,10.59,9.25,10.2,53,87,0.328,0.121,0.0012,-182.0015,104.7569,AMZN190104C01900000
AMZN,1673.57,*,AMZN190104P01900000,,put,01/04/2019,11/29/2018,1900,228.6,227.6,237.5,1,1,0.3295,-0.8779,0.0012,-139.5277,105.4676,AMZN190104P01900000
AMZN,1673.57,*,AMZN190111C01500000,,call,01/11/2019,11/29/2018,1500,0,195.6,205.5,0,0,0.3863,0.8209,0.0012,-275.8533,149.0888,AMZN190111C01500000
AMZN,1673.57,*,AMZN190111P01500000,,put,01/11/2019,11/29/2018,1500,19.75,19,24,2,0,0.3777,-0.1744,0.0012,-231.3829,146.6255,AMZN190111P01500000
AMZN,1673.57,*,AMZN190111C01505000,,call,01/11/2019,11/29/2018,1505,0,191.5,201.4,0,0,0.3855,0.8146,0.0012,-280.5733,152.3298,AMZN190111C01505000
AMZN,1673.57,*,AMZN190111P01505000,,put,01/11/2019,11/29/2018,1505,0,20.1,25.6,0,0,0.3795,-0.1822,0.0012,-238.8179,150.6791,AMZN190111P01505000
AMZN,1673.57,*,AMZN190111C01510000,,call,01/11/2019,11/29/2018,1510,0,187.7,197.5,0,0,0.3856,0.8077,0.0012,-286.2103,155.7898,AMZN190111C01510000
AMZN,1673.57,*,AMZN190111P01510000,,put,01/11/2019,11/29/2018,1510,27,20.5,26.5,1,0,0.3766,-0.1875,0.0013,-241.1097,153.389,AMZN190111P01510000
AMZN,1673.57,*,AMZN190111C01515000,,call,01/11/2019,11/29/2018,1515,0,183.6,193.5,0,0,0.3841,0.8016,0.0013,-290.0608,158.8127,AMZN190111C01515000
AMZN,1673.57,*,AMZN190111P01515000,,put,01/11/2019,11/29/2018,1515,26.5,21.5,27.5,2,0,0.3757,-0.194,0.0013,-245.5124,156.6477,AMZN190111P01515000
AMZN,1673.57,*,AMZN190111C01520000,,call,01/11/2019,11/29/2018,1520,0,179.6,189,0,0,0.3813,0.7959,0.0013,-292.4532,161.5089,AMZN190111C01520000
AMZN,1673.57,*,AMZN190111P01520000,,put,01/11/2019,11/29/2018,1520,0,22.05,28,0,0,0.3717,-0.199,0.0013,-246.5144,159.0897,AMZN190111P01520000
AMZN,1673.57,*,AMZN190111C01525000,,call,01/11/2019,11/29/2018,1525,0,175.45,185,0,0,0.3794,0.7896,0.0013,-295.7485,164.4248,AMZN190111C01525000
AMZN,1673.57,*,AMZN190111P01525000,,put,01/11/2019,11/29/2018,1525,0,23.55,29.5,0,0,0.3735,-0.2073,0.0013,-253.6941,163.0057,AMZN190111P01525000
AMZN,1673.57,*,AMZN190111C01530000,,call,01/11/2019,11/29/2018,1530,0,171.4,181,0,0,0.3776,0.7832,0.0014,-299.0796,167.3531,AMZN190111C01530000
AMZN,1673.57,*,AMZN190111P01530000,,put,01/11/2019,11/29/2018,1530,0,24.55,30.5,0,0,0.3721,-0.214,0.0014,-257.3558,166.0809,AMZN190111P01530000
AMZN,1673.57,*,AMZN190111C01535000,,call,01/11/2019,11/29/2018,1535,0,167.7,177.5,0,0,0.3785,0.7752,0.0014,-305.2029,170.849,AMZN190111C01535000
AMZN,1673.57,*,AMZN190111P01535000,,put,01/11/2019,11/29/2018,1535,29.84,25.5,31.45,1,0,0.3702,-0.2206,0.0014,-260.406,169.0213,AMZN190111P01535000
AMZN,1673.57,*,AMZN190111C01540000,,call,01/11/2019,11/29/2018,1540,0,164.3,173.5,0,0,0.3782,0.7677,0.0014,-309.9494,174.0231,AMZN190111C01540000
AMZN,1673.57,*,AMZN190111P01540000,,put,01/11/2019,11/29/2018,1540,0,27,32.9,0,0,0.3711,-0.2288,0.0014,-266.3471,172.5477,AMZN190111P01540000
AMZN,1673.57,*,AMZN190111C01545000,,call,01/11/2019,11/29/2018,1545,0,160.05,170,0,0,0.3765,0.7608,0.0014,-313.1182,176.8729,AMZN190111C01545000
AMZN,1673.57,*,AMZN190111P01545000,,put,01/11/2019,11/29/2018,1545,32.21,28,33.9,1,0,0.3691,-0.2356,0.0015,-269.1123,175.4047,AMZN190111P01545000
AMZN,1673.57,*,AMZN190111C01550000,,call,01/11/2019,11/29/2018,1550,0,156.6,166,0,0,0.3756,0.7533,0.0015,-317.029,179.8393,AMZN190111C01550000
AMZN,1673.57,*,AMZN190111P01550000,,put,01/11/2019,11/29/2018,1550,30,29.65,35,108,0,0.369,-0.2436,0.0015,-273.7832,178.6049,AMZN190111P01550000
AMZN,1673.57,*,AMZN190111C01555000,,call,01/11/2019,11/29/2018,1555,0,152.55,162.5,0,0,0.3742,0.7459,0.0015,-320.3074,182.669,AMZN190111C01555000
AMZN,1673.57,*,AMZN190111P01555000,,put,01/11/2019,11/29/2018,1555,0,30.5,36.4,0,0,0.3672,-0.2508,0.0015,-276.5577,181.4298,AMZN190111P01555000
AMZN,1673.57,*,AMZN190111C01560000,,call,01/11/2019,11/29/2018,1560,155.72,148.75,158.5,2,0,0.3719,0.7388,0.0015,-322.5388,185.3076,AMZN190111C01560000
AMZN,1673.57,*,AMZN190111P01560000,,put,01/11/2019,11/29/2018,1560,0,31.55,37.5,0,0,0.365,-0.258,0.0016,-278.8084,184.1502,AMZN190111P01560000
AMZN,1673.57,*,AMZN190111C01565000,,call,01/11/2019,11/29/2018,1565,0,145.1,155,0,0,0.3712,0.7308,0.0016,-326.3151,188.1603,AMZN190111C01565000
AMZN,1673.57,*,AMZN190111P01565000,,put,01/11/2019,11/29/2018,1565,0,33.05,39,0,0,0.3649,-0.2664,0.0016,-283.1266,187.1767,AMZN190111P01565000
AMZN,1673.57,*,AMZN190111C01570000,,call,01/11/2019,11/29/2018,1570,0,141.55,151,0,0,0.3693,0.7232,0.0016,-328.7254,190.7743,AMZN190111C01570000
AMZN,1673.57,*,AMZN190111P01570000,,put,01/11/2019,11/29/2018,1570,0,34.55,40.5,0,0,0.3646,-0.2747,0.0016,-287.1007,190.0908,AMZN190111P01570000
AMZN,1673.57,*,AMZN190111C01575000,,call,01/11/2019,11/29/2018,1575,0,138.05,148,0,0,0.3699,0.7145,0.0016,-333.5683,193.6701,AMZN190111C01575000
AMZN,1673.57,*,AMZN190111P01575000,,put,01/11/2019,11/29/2018,1575,0,36.05,42,0,0,0.3641,-0.2831,0.0016,-290.7273,192.8953,AMZN190111P01575000
AMZN,1673.57,*,AMZN190111C01580000,,call,01/11/2019,11/29/2018,1580,0,134.5,144,0,0,0.3676,0.7068,0.0016,-335.3017,196.1112,AMZN190111C01580000
AMZN,1673.57,*,AMZN190111P01580000,,put,01/11/2019,11/29/2018,1580,0,37.55,43.5,0,0,0.3633,-0.2915,0.0017,-293.9015,195.5798,AMZN190111P01580000
AMZN,1673.57,*,AMZN190111C01585000,,call,01/11/2019,11/29/2018,1585,0,131,140.95,0,0,0.3676,0.698,0.0017,-339.2304,198.7586,AMZN190111C01585000
AMZN,1673.57,*,AMZN190111P01585000,,put,01/11/2019,11/29/2018,1585,0,39.05,45,0,0,0.3623,-0.3,0.0017,-296.7233,198.1614,AMZN190111P01585000
AMZN,1673.57,*,AMZN190111C01590000,,call,01/11/2019,11/29/2018,1590,0,127.55,137.3,0,0,0.366,0.6898,0.0017,-341.384,201.1453,AMZN190111C01590000
AMZN,1673.57,*,AMZN190111P01590000,,put,01/11/2019,11/29/2018,1590,0,40.05,48.5,0,0,0.3648,-0.3098,0.0017,-302.921,201.0238,AMZN190111P01590000
AMZN,1673.57,*,AMZN190111C01595000,,call,01/11/2019,11/29/2018,1595,0,124.1,133.9,0,0,0.3649,0.6812,0.0017,-343.886,203.5055,AMZN190111C01595000
AMZN,1673.57,*,AMZN190111P01595000,,put,01/11/2019,11/29/2018,1595,0,40.65,50,0,0,0.3612,-0.3176,0.0017,-302.8039,203.1634,AMZN190111P01595000
AMZN,1673.57,*,AMZN190111C01600000,,call,01/11/2019,11/29/2018,1600,0,120.9,130.5,0,0,0.3642,0.6724,0.0017,-346.6236,205.8119,AMZN190111C01600000
AMZN,1673.57,*,AMZN190111P01600000,,put,01/11/2019,11/29/2018,1600,50.62,42.25,51.5,2,0,0.3598,-0.3262,0.0018,-304.7436,205.4475,AMZN190111P01600000
AMZN,1673.57,*,AMZN190111C01605000,,call,01/11/2019,11/29/2018,1605,0,117.5,127.4,0,0,0.3635,0.6634,0.0018,-349.1884,208.0202,AMZN190111C01605000
AMZN,1673.57,*,AMZN190111P01605000,,put,01/11/2019,11/29/2018,1605,0,43.85,53,0,0,0.3583,-0.335,0.0018,-306.4169,207.6379,AMZN190111P01605000
AMZN,1673.57,*,AMZN190111C01610000,,call,01/11/2019,11/29/2018,1610,0,114.45,124,0,0,0.3626,0.6545,0.0018,-351.3777,210.1139,AMZN190111C01610000
AMZN,1673.57,*,AMZN190111P01610000,,put,01/11/2019,11/29/2018,1610,0,45.6,54.8,0,0,0.3576,-0.3441,0.0018,-308.71,209.7918,AMZN190111P01610000
AMZN,1673.57,*,AMZN190111C01615000,,call,01/11/2019,11/29/2018,1615,0,111,120.9,0,0,0.3613,0.6455,0.0018,-352.9922,212.0833,AMZN190111C01615000
AMZN,1673.57,*,AMZN190111P01615000,,put,01/11/2019,11/29/2018,1615,0,48.1,56.5,0,0,0.3582,-0.3537,0.0018,-312.0996,211.9112,AMZN190111P01615000
AMZN,1673.57,*,AMZN190111C01620000,,call,01/11/2019,11/29/2018,1620,0,108,117.5,0,0,0.3603,0.6363,0.0018,-354.7181,213.9669,AMZN190111C01620000
AMZN,1673.57,*,AMZN190111P01620000,,put,01/11/2019,11/29/2018,1620,0,49.55,58.45,0,0,0.3567,-0.3628,0.0018,-313.2294,213.7958,AMZN190111P01620000
AMZN,1673.57,*,AMZN190111C01622500,,call,01/11/2019,11/29/2018,1622.5,0,106.35,116,0,0,0.3598,0.6317,0.0018,-355.5103,214.8682,AMZN190111C01622500
AMZN,1673.57,*,AMZN190111P01622500,,put,01/11/2019,11/29/2018,1622.5,0,50.45,59.5,0,0,0.3565,-0.3675,0.0019,-314.2631,214.7243,AMZN190111P01622500
AMZN,1673.57,*,AMZN190111C01625000,,call,01/11/2019,11/29/2018,1625,0,104.95,114.5,0,0,0.3598,0.627,0.0018,-356.7431,215.7614,AMZN190111C01625000
AMZN,1673.57,*,AMZN190111P01625000,,put,01/11/2019,11/29/2018,1625,0,51.15,60.3,0,0,0.3551,-0.372,0.0019,-314.074,215.5737,AMZN190111P01625000
AMZN,1673.57,*,AMZN190111C01627500,,call,01/11/2019,11/29/2018,1627.5,0,103.2,113,0,0,0.3589,0.6224,0.0019,-357.0477,216.5908,AMZN190111C01627500
AMZN,1673.57,*,AMZN190111P01627500,,put,01/11/2019,11/29/2018,1627.5,0,52.15,61.25,0,0,0.3548,-0.3768,0.0019,-314.9128,216.4418,AMZN190111P01627500
AMZN,1673.57,*,AMZN190111C01630000,,call,01/11/2019,11/29/2018,1630,0,101.6,111.5,0,0,0.3584,0.6177,0.0019,-357.6941,217.4072,AMZN190111C01630000
AMZN,1673.57,*,AMZN190111P01630000,,put,01/11/2019,11/29/2018,1630,0,53.55,62.5,0,0,0.356,-0.3818,0.0019,-317.1639,217.329,AMZN190111P01630000
AMZN,1673.57,*,AMZN190111C01632500,,call,01/11/2019,11/29/2018,1632.5,0,100.2,110,0,0,0.3582,0.6129,0.0019,-358.583,218.2033,AMZN190111C01632500
AMZN,1673.57,*,AMZN190111P01632500,,put,01/11/2019,11/29/2018,1632.5,0,54.15,63.2,0,0,0.3541,-0.3863,0.0019,-316.3425,218.0828,AMZN190111P01632500
AMZN,1673.57,*,AMZN190111C01635000,,call,01/11/2019,11/29/2018,1635,0,100.1,108.7,0,0,0.3615,0.6076,0.0019,-362.8223,219.0562,AMZN190111C01635000
AMZN,1673.57,*,AMZN190111P01635000,,put,01/11/2019,11/29/2018,1635,0,55.2,64.2,0,0,0.3538,-0.3911,0.0019,-317.0299,218.8582,AMZN190111P01635000
AMZN,1673.57,*,AMZN190111C01637500,,call,01/11/2019,11/29/2018,1637.5,0,100.1,107,0,0,0.3639,0.6025,0.0019,-366.1287,219.8347,AMZN190111C01637500
AMZN,1673.57,*,AMZN190111P01637500,,put,01/11/2019,11/29/2018,1637.5,0,56.15,65.2,0,0,0.3532,-0.3959,0.0019,-317.3745,219.5948,AMZN190111P01637500
AMZN,1673.57,*,AMZN190111C01640000,,call,01/11/2019,11/29/2018,1640,0,96.2,105.5,0,0,0.3579,0.5985,0.0019,-361.2346,220.4077,AMZN190111C01640000
AMZN,1673.57,*,AMZN190111P01640000,,put,01/11/2019,11/29/2018,1640,61.44,57.5,66.25,1,0,0.3536,-0.4009,0.0019,-318.6382,220.3215,AMZN190111P01640000
AMZN,1673.57,*,AMZN190111C01642500,,call,01/11/2019,11/29/2018,1642.5,0,94.55,102.75,0,0,0.3541,0.5942,0.0019,-358.4293,221.0135,AMZN190111C01642500
AMZN,1673.57,*,AMZN190111P01642500,,put,01/11/2019,11/29/2018,1642.5,0,58.1,67.25,0,0,0.3522,-0.4056,0.0019,-318.1037,220.98,AMZN190111P01642500
AMZN,1673.57,*,AMZN190111C01645000,,call,01/11/2019,11/29/2018,1645,0,93.5,102.4,0,0,0.3571,0.5889,0.0019,-362.1624,221.705,AMZN190111C01645000
AMZN,1673.57,*,AMZN190111P01645000,,put,01/11/2019,11/29/2018,1645,0,59.3,68.25,0,0,0.352,-0.4105,0.0019,-318.6807,221.6296,AMZN190111P01645000
AMZN,1673.57,*,AMZN190111C01647500,,call,01/11/2019,11/29/2018,1647.5,0,92.25,101.35,0,0,0.358,0.584,0.0019,-363.8064,222.3216,AMZN190111C01647500
AMZN,1673.57,*,AMZN190111P01647500,,put,01/11/2019,11/29/2018,1647.5,0,60.35,69.3,0,0,0.3516,-0.4154,0.0019,-319.0111,222.243,AMZN190111P01647500
AMZN,1673.57,*,AMZN190111C01650000,,call,01/11/2019,11/29/2018,1650,0,90.4,99.6,0,0,0.3559,0.5793,0.0019,-362.4949,222.871,AMZN190111C01650000
AMZN,1673.57,*,AMZN190111P01650000,,put,01/11/2019,11/29/2018,1650,65.71,61.3,70.45,1,0,0.3511,-0.4203,0.002,-319.1916,222.8223,AMZN190111P01650000
AMZN,1673.57,*,AMZN190111C01652500,,call,01/11/2019,11/29/2018,1652.5,0,89,98.4,0,0,0.356,0.5744,0.0019,-363.2594,223.4121,AMZN190111C01652500
AMZN,1673.57,*,AMZN190111P01652500,,put,01/11/2019,11/29/2018,1652.5,0,62.4,71.5,0,0,0.3507,-0.4252,0.002,-319.4155,223.3694,AMZN190111P01652500
AMZN,1673.57,*,AMZN190111C01655000,,call,01/11/2019,11/29/2018,1655,0,87.3,96.9,0,0,0.3546,0.5696,0.0019,-362.5203,223.9096,AMZN190111C01655000
AMZN,1673.57,*,AMZN190111P01655000,,put,01/11/2019,11/29/2018,1655,0,63.7,71.8,0,0,0.349,-0.4301,0.002,-318.3285,223.8745,AMZN190111P01655000
AMZN,1673.57,*,AMZN190111C01657500,,call,01/11/2019,11/29/2018,1657.5,0,86.2,95.6,0,0,0.3551,0.5647,0.0019,-363.5651,224.3854,AMZN190111C01657500
AMZN,1673.57,*,AMZN190111P01657500,,put,01/11/2019,11/29/2018,1657.5,0,64.55,73.6,0,0,0.3495,-0.4351,0.002,-319.315,224.3603,AMZN190111P01657500
AMZN,1673.57,*,AMZN190111C01660000,,call,01/11/2019,11/29/2018,1660,0,84.55,93.75,0,0,0.353,0.5598,0.002,-362.0423,224.8177,AMZN190111C01660000
AMZN,1673.57,*,AMZN190111P01660000,,put,01/11/2019,11/29/2018,1660,0,65.7,74.75,0,0,0.3493,-0.4401,0.002,-319.5703,224.8066,AMZN190111P01660000
AMZN,1673.57,*,AMZN190111C01662500,,call,01/11/2019,11/29/2018,1662.5,88.5,83.4,92.5,1,0,0.3533,0.5549,0.002,-362.7863,225.2244,AMZN190111C01662500
AMZN,1673.57,*,AMZN190111P01662500,,put,01/11/2019,11/29/2018,1662.5,0,66.8,75.65,0,0,0.3483,-0.445,0.002,-318.9973,225.2162,AMZN190111P01662500
AMZN,1673.57,*,AMZN190111C01665000,,call,01/11/2019,11/29/2018,1665,0,82.15,91.4,0,0,0.3537,0.5499,0.002,-363.5735,225.5954,AMZN190111C01665000
AMZN,1673.57,*,AMZN190111P01665000,,put,01/11/2019,11/29/2018,1665,0,67.85,77,0,0,0.3482,-0.45,0.002,-319.24,225.5927,AMZN190111P01665000
AMZN,1673.57,*,AMZN190111C01667500,,call,01/11/2019,11/29/2018,1667.5,0,80.55,90,0,0,0.3525,0.545,0.002,-362.7582,225.9313,AMZN190111C01667500
AMZN,1673.57,*,AMZN190111P01667500,,put,01/11/2019,11/29/2018,1667.5,0,69.2,78.2,0,0,0.3483,-0.455,0.002,-319.6218,225.9333,AMZN190111P01667500
AMZN,1673.57,*,AMZN190111C01670000,,call,01/11/2019,11/29/2018,1670,88.5,79.2,88.65,2,0,0.352,0.54,0.002,-362.5657,226.2332,AMZN190111C01670000
AMZN,1673.57,*,AMZN190111P01670000,,put,01/11/2019,11/29/2018,1670,76.75,70.5,79.45,1,0,0.3483,-0.4601,0.002,-319.8523,226.2377,AMZN190111P01670000
AMZN,1673.57,*,AMZN190111C01672500,,call,01/11/2019,11/29/2018,1672.5,0,78.05,87.05,0,0,0.3514,0.535,0.002,-362.2216,226.5004,AMZN190111C01672500
AMZN,1673.57,*,AMZN190111P01672500,,put,01/11/2019,11/29/2018,1672.5,79.54,71.8,80.6,1,0,0.3481,-0.4651,0.002,-319.8343,226.5063,AMZN190111P01672500
AMZN,1673.57,*,AMZN190111C01675000,,call,01/11/2019,11/29/2018,1675,81.95,76.6,85.85,1,0,0.3508,0.53,0.002,-361.8225,226.7328,AMZN190111C01675000
AMZN,1673.57,*,AMZN190111P01675000,,put,01/11/2019,11/29/2018,1675,0,72.65,81.5,0,0,0.3463,-0.4702,0.002,-318.2081,226.7424,AMZN190111P01675000
AMZN,1673.57,*,AMZN190111C01677500,,call,01/11/2019,11/29/2018,1677.5,83.7,75.6,84.7,2,0,0.3514,0.5251,0.002,-362.5346,226.9273,AMZN190111C01677500
AMZN,1673.57,*,AMZN190111P01677500,,put,01/11/2019,11/29/2018,1677.5,0,74.15,83.05,0,0,0.3473,-0.4751,0.002,-319.2453,226.9367,AMZN190111P01677500
AMZN,1673.57,*,AMZN190111C01680000,,call,01/11/2019,11/29/2018,1680,83.93,74.45,83.5,4,0,0.3514,0.5202,0.002,-362.6106,227.0877,AMZN190111C01680000
AMZN,1673.57,*,AMZN190111P01680000,,put,01/11/2019,11/29/2018,1680,0,75.2,84.3,0,0,0.3466,-0.4802,0.002,-318.5758,227.0985,AMZN190111P01680000
AMZN,1673.57,*,AMZN190111C01682500,,call,01/11/2019,11/29/2018,1682.5,0,72.95,82.3,0,0,0.3506,0.5151,0.002,-361.8532,227.2145,AMZN190111C01682500
AMZN,1673.57,*,AMZN190111P01682500,,put,01/11/2019,11/29/2018,1682.5,0,76.35,85.5,0,0,0.346,-0.4853,0.002,-317.9476,227.2236,AMZN190111P01682500
AMZN,1673.57,*,AMZN190111C01685000,,call,01/11/2019,11/29/2018,1685,0,71.6,81,0,0,0.3499,0.5101,0.002,-361.1375,227.3052,AMZN190111C01685000
AMZN,1673.57,*,AMZN190111P01685000,,put,01/11/2019,11/29/2018,1685,0,77.7,86.8,0,0,0.346,-0.4903,0.002,-317.8493,227.3112,AMZN190111P01685000
AMZN,1673.57,*,AMZN190111C01687500,,call,01/11/2019,11/29/2018,1687.5,84.55,70.5,79.8,1,0,0.3499,0.5051,0.002,-361.0509,227.3593,AMZN190111C01687500
AMZN,1673.57,*,AMZN190111P01687500,,put,01/11/2019,11/29/2018,1687.5,0,78.95,87.9,0,0,0.3452,-0.4954,0.002,-316.9144,227.3633,AMZN190111P01687500
AMZN,1673.57,*,AMZN190111C01690000,,call,01/11/2019,11/29/2018,1690,0,69.2,78.5,0,0,0.3492,0.5001,0.002,-360.225,227.3782,AMZN190111C01690000
AMZN,1673.57,*,AMZN190111P01690000,,put,01/11/2019,11/29/2018,1690,0,80.5,89.35,0,0,0.3459,-0.5004,0.002,-317.3932,227.3781,AMZN190111P01690000
AMZN,1673.57,*,AMZN190111C01695000,,call,01/11/2019,11/29/2018,1695,71.95,67,76.3,2,0,0.3493,0.4902,0.002,-359.8826,227.3095,AMZN190111C01695000
AMZN,1673.57,*,AMZN190111P01695000,,put,01/11/2019,11/29/2018,1695,92,83.05,91.8,1,0,0.3448,-0.5105,0.002,-315.7377,227.2987,AMZN190111P01695000
AMZN,1673.57,*,AMZN190111C01700000,,call,01/11/2019,11/29/2018,1700,75,64.3,73.8,4,0,0.3475,0.48,0.002,-357.4517,227.0918,AMZN190111C01700000
AMZN,1673.57,*,AMZN190111P01700000,,put,01/11/2019,11/29/2018,1700,0,85.4,94.45,0,0,0.3434,-0.5208,0.002,-313.5627,227.0685,AMZN190111P01700000
AMZN,1673.57,*,AMZN190111C01705000,,call,01/11/2019,11/29/2018,1705,0,62.15,71.5,0,0,0.3471,0.47,0.002,-356.1871,226.7354,AMZN190111C01705000
AMZN,1673.57,*,AMZN190111P01705000,,put,01/11/2019,11/29/2018,1705,0,88.05,97.3,0,0,0.3429,-0.5309,0.002,-312.0585,226.6945,AMZN190111P01705000
AMZN,1673.57,*,AMZN190111C01710000,,call,01/11/2019,11/29/2018,1710,0,59.85,69.2,0,0,0.3461,0.4599,0.002,-354.1122,226.2294,AMZN190111C01710000
AMZN,1673.57,*,AMZN190111P01710000,,put,01/11/2019,11/29/2018,1710,0,91.2,100,0,0,0.343,-0.5409,0.002,-310.9422,226.1841,AMZN190111P01710000
AMZN,1673.57,*,AMZN190111C01715000,,call,01/11/2019,11/29/2018,1715,0,57.7,67,0,0,0.3455,0.4499,0.002,-352.2255,225.5849,AMZN190111C01715000
AMZN,1673.57,*,AMZN190111P01715000,,put,01/11/2019,11/29/2018,1715,99.4,93.45,102.6,1,0,0.3407,-0.5514,0.002,-307.2027,225.4866,AMZN190111P01715000
AMZN,1673.57,*,AMZN190111C01720000,,call,01/11/2019,11/29/2018,1720,0,55.5,64.95,0,0,0.3449,0.44,0.002,-350.1317,224.799,AMZN190111C01720000
AMZN,1673.57,*,AMZN190111P01720000,,put,01/11/2019,11/29/2018,1720,0,96.6,105.75,0,0,0.3414,-0.5611,0.002,-306.2775,224.7049,AMZN190111P01720000
AMZN,1673.57,*,AMZN190111C01725000,,call,01/11/2019,11/29/2018,1725,0,53.5,62.5,0,0,0.3436,0.4298,0.002,-347.1179,223.8493,AMZN190111C01725000
AMZN,1673.57,*,AMZN190111P01725000,,put,01/11/2019,11/29/2018,1725,0,100.1,108.7,0,0,0.3421,-0.5707,0.002,-305.1661,223.7982,AMZN190111P01725000
AMZN,1673.57,*,AMZN190111C01730000,,call,01/11/2019,11/29/2018,1730,0,51.3,60.4,0,0,0.3425,0.4197,0.002,-344.0984,222.758,AMZN190111C01730000
AMZN,1673.57,*,AMZN190111P01730000,,put,01/11/2019,11/29/2018,1730,0,102,111.8,0,0,0.3395,-0.5814,0.002,-300.4686,222.63,AMZN190111P01730000
AMZN,1673.57,*,AMZN190111C01735000,,call,01/11/2019,11/29/2018,1735,0,49.4,58.8,0,0,0.3429,0.4102,0.002,-342.4336,221.5963,AMZN190111C01735000
AMZN,1673.57,*,AMZN190111P01735000,,put,01/11/2019,11/29/2018,1735,0,105.3,115,0,0,0.3399,-0.591,0.002,-298.6611,221.443,AMZN190111P01735000
AMZN,1673.57,*,AMZN190111C01740000,,call,01/11/2019,11/29/2018,1740,0,47.4,56.8,0,0,0.3416,0.4001,0.002,-338.8105,220.2156,AMZN190111C01740000
AMZN,1673.57,*,AMZN190111P01740000,,put,01/11/2019,11/29/2018,1740,0,107.7,117.5,0,0,0.3366,-0.602,0.002,-292.7911,219.9076,AMZN190111P01740000
AMZN,1673.57,*,AMZN190111C01745000,,call,01/11/2019,11/29/2018,1745,0,45.55,54.45,0,0,0.3405,0.3901,0.002,-335.1979,218.7016,AMZN190111C01745000
AMZN,1673.57,*,AMZN190111P01745000,,put,01/11/2019,11/29/2018,1745,0,111,120.85,0,0,0.3369,-0.6115,0.002,-290.4973,218.4428,AMZN190111P01745000
AMZN,1673.57,*,AMZN190111C01750000,,call,01/11/2019,11/29/2018,1750,54.59,43.7,53,2,0,0.341,0.3809,0.002,-333.1022,217.176,AMZN190111C01750000
AMZN,1673.57,*,AMZN190111P01750000,,put,01/11/2019,11/29/2018,1750,0,115.3,124.2,0,0,0.3394,-0.6198,0.002,-290.3895,217.0456,AMZN190111P01750000
AMZN,1673.57,*,AMZN190111C01755000,,call,01/11/2019,11/29/2018,1755,0,42,51.35,0,0,0.3405,0.3714,0.0019,-329.7719,215.4542,AMZN190111C01755000
AMZN,1673.57,*,AMZN190111P01755000,,put,01/11/2019,11/29/2018,1755,121.32,118.05,127.4,1,0,0.3377,-0.63,0.002,-285.6303,215.1927,AMZN190111P01755000
AMZN,1673.57,*,AMZN190111C01760000,,call,01/11/2019,11/29/2018,1760,47.14,40.15,49.5,1,0,0.3394,0.3616,0.0019,-325.6179,213.5472,AMZN190111C01760000
AMZN,1673.57,*,AMZN190111P01760000,,put,01/11/2019,11/29/2018,1760,0,120.75,130.5,0,0,0.3355,-0.6405,0.002,-280.1291,213.1318,AMZN190111P01760000
AMZN,1673.57,*,AMZN190111C01765000,,call,01/11/2019,11/29/2018,1765,0,40.75,46.75,0,0,0.3418,0.3537,0.0019,-325.1338,211.9121,AMZN190111C01765000
AMZN,1673.57,*,AMZN190111P01765000,,put,01/11/2019,11/29/2018,1765,0,125.85,134.5,0,0,0.3408,-0.6468,0.0019,-282.6812,211.7972,AMZN190111P01765000
AMZN,1673.57,*,AMZN190111C01770000,,call,01/11/2019,11/29/2018,1770,0,38.55,44.5,0,0,0.3385,0.3429,0.0019,-318.228,209.5021,AMZN190111C01770000
AMZN,1673.57,*,AMZN190111P01770000,,put,01/11/2019,11/29/2018,1770,0,127.5,137.25,0,0,0.3348,-0.6592,0.0019,-272.644,209.0126,AMZN190111P01770000
AMZN,1673.57,*,AMZN190111C01775000,,call,01/11/2019,11/29/2018,1775,43.23,37,42.95,2,0,0.3382,0.3337,0.0019,-314.4716,207.3327,AMZN190111C01775000
AMZN,1673.57,*,AMZN190111P01775000,,put,01/11/2019,11/29/2018,1775,0,130.55,140.45,0,0,0.3329,-0.6694,0.0019,-266.9321,206.555,AMZN190111P01775000
AMZN,1673.57,*,AMZN190111C01780000,,call,01/11/2019,11/29/2018,1780,0,35.5,41.45,0,0,0.3379,0.3247,0.0019,-310.574,205.0603,AMZN190111C01780000
AMZN,1673.57,*,AMZN190111P01780000,,put,01/11/2019,11/29/2018,1780,0,134.5,144.45,0,0,0.3349,-0.6771,0.0019,-265.4697,204.583,AMZN190111P01780000
AMZN,1673.57,*,AMZN190111C01785000,,call,01/11/2019,11/29/2018,1785,37.74,33.5,39.5,1,0,0.3351,0.3142,0.0019,-303.6831,202.2571,AMZN190111C01785000
AMZN,1673.57,*,AMZN190111P01785000,,put,01/11/2019,11/29/2018,1785,0,137.6,147.4,0,0,0.332,-0.6877,0.0019,-258.3095,201.7086,AMZN190111P01785000
AMZN,1673.57,*,AMZN190111C01790000,,call,01/11/2019,11/29/2018,1790,0,32.5,38.5,0,0,0.3369,0.3068,0.0018,-301.9209,200.1495,AMZN190111C01790000
AMZN,1673.57,*,AMZN190111P01790000,,put,01/11/2019,11/29/2018,1790,0,141.5,151.3,0,0,0.3333,-0.6956,0.0018,-255.8233,199.4701,AMZN190111P01790000
AMZN,1673.57,*,AMZN190111C01795000,,call,01/11/2019,11/29/2018,1795,0,31.05,37,0,0,0.3361,0.2977,0.0018,-297.0542,197.4879,AMZN190111C01795000
AMZN,1673.57,*,AMZN190111P01795000,,put,01/11/2019,11/29/2018,1795,0,145.15,155,0,0,0.3332,-0.7042,0.0018,-251.6168,196.8972,AMZN190111P01795000
AMZN,1673.57,*,AMZN190111C01800000,,call,01/11/2019,11/29/2018,1800,0,29.55,35.5,0,0,0.335,0.2886,0.0018,-291.7108,194.6605,AMZN190111C01800000
AMZN,1673.57,*,AMZN190111P01800000,,put,01/11/2019,11/29/2018,1800,0,148.55,158.45,0,0,0.3316,-0.7137,0.0018,-245.5352,193.9109,AMZN190111P01800000
AMZN,1673.57,*,AMZN190118C00365000,,call,01/18/2019,11/29/2018,365,1329.19,1305,1314.6,8,3627,0.4567,0.9995,0,-1.9264,0,AMZN190118C00365000
AMZN,1673.57,*,AMZN190118P00365000,,put,01/18/2019,11/29/2018,365,0.03,0.01,0.06,0,6401,0.4612,0,0,0,0,AMZN190118P00365000
AMZN,1673.57,*,AMZN190118C00370000,,call,01/18/2019,11/29/2018,370,1283.78,1300.45,1309.65,0,156,0.4567,0.9995,0,-2.0435,0,AMZN190118C00370000
AMZN,1673.57,*,AMZN190118P00370000,,put,01/18/2019,11/29/2018,370,0.47,0.01,0.08,0,798,0.4612,0,0,0,0,AMZN190118P00370000
AMZN,1673.57,*,AMZN190118C00375000,,call,01/18/2019,11/29/2018,375,1285.85,1295.45,1304.7,0,68,0.4567,0.9995,0,-2.1606,0,AMZN190118C00375000
AMZN,1673.57,*,AMZN190118P00375000,,put,01/18/2019,11/29/2018,375,0.47,0,0.3,0,310,0.4612,0,0,0,0,AMZN190118P00375000
AMZN,1673.57,*,AMZN190118C00380000,,call,01/18/2019,11/29/2018,380,1169.63,1290.3,1299.8,0,159,0.4567,0.9995,0,-2.2777,0,AMZN190118C00380000
AMZN,1673.57,*,AMZN190118P00380000,,put,01/18/2019,11/29/2018,380,0.1,0,0.2,0,256,0.4612,0,0,0,0,AMZN190118P00380000
AMZN,1673.57,*,AMZN190118C00385000,,call,01/18/2019,11/29/2018,385,1164.6,1285.2,1294.7,0,77,0.4567,0.9995,0,-2.3948,0,AMZN190118C00385000
AMZN,1673.57,*,AMZN190118P00385000,,put,01/18/2019,11/29/2018,385,0.53,0,0.2,0,171,0.4612,0,0,0,0,AMZN190118P00385000
AMZN,1673.57,*,AMZN190118C00390000,,call,01/18/2019,11/29/2018,390,1440.65,1280.3,1289.85,0,110,0.4567,0.9995,0,-2.5118,0,AMZN190118C00390000
AMZN,1673.57,*,AMZN190118P00390000,,put,01/18/2019,11/29/2018,390,0.18,0,0.2,0,548,0.4612,0,0,0,0,AMZN190118P00390000
AMZN,1673.57,*,AMZN190118C00400000,,call,01/18/2019,11/29/2018,400,1102,1270.35,1279.8,0,137,0.4567,0.9995,0,-2.746,0,AMZN190118C00400000
AMZN,1673.57,*,AMZN190118P00400000,,put,01/18/2019,11/29/2018,400,0.05,0,0.2,0,1773,0.4612,0,0,0,0,AMZN190118P00400000
AMZN,1673.57,*,AMZN190118C00410000,,call,01/18/2019,11/29/2018,410,1142.42,1260.4,1269.85,0,23,0.4567,0.9995,0,-2.9802,0,AMZN190118C00410000
AMZN,1673.57,*,AMZN190118P00410000,,put,01/18/2019,11/29/2018,410,0.53,0,0.3,0,110,0.4612,0,0,0,0,AMZN190118P00410000
AMZN,1673.57,*,AMZN190118C00420000,,call,01/18/2019,11/29/2018,420,1437.05,1250.45,1259.9,0,36,0.4567,0.9995,0,-3.2144,0,AMZN190118C00420000
AMZN,1673.57,*,AMZN190118P00420000,,put,01/18/2019,11/29/2018,420,0.5,0,0.35,0,279,0.4612,0,0,0,0,AMZN190118P00420000
AMZN,1673.57,*,AMZN190118C00430000,,call,01/18/2019,11/29/2018,430,1073.84,1240.7,1249.95,0,20,0.4567,0.9995,0,-3.4486,0,AMZN190118C00430000
AMZN,1673.57,*,AMZN190118P00430000,,put,01/18/2019,11/29/2018,430,0.05,0.02,0.3,0,173,0.4612,0,0,0,0,AMZN190118P00430000
AMZN,1673.57,*,AMZN190118C00440000,,call,01/18/2019,11/29/2018,440,1069.9,1230.15,1240.05,0,152,0.4567,0.9995,0,-3.6828,0,AMZN190118C00440000
AMZN,1673.57,*,AMZN190118P00440000,,put,01/18/2019,11/29/2018,440,0.28,0,0.2,0,220,0.4612,0,0,0,0,AMZN190118P00440000
AMZN,1673.57,*,AMZN190118C00450000,,call,01/18/2019,11/29/2018,450,1159.45,1220.15,1230.1,0,115,0.4567,0.9995,0,-3.917,0,AMZN190118C00450000
AMZN,1673.57,*,AMZN190118P00450000,,put,01/18/2019,11/29/2018,450,0.09,0.04,0.22,0,441,0.4612,0,0,0,0,AMZN190118P00450000
AMZN,1673.57,*,AMZN190118C00460000,,call,01/18/2019,11/29/2018,460,1183.72,1210.15,1220.1,0,254,0.4567,0.9995,0,-4.1512,0,AMZN190118C00460000
AMZN,1673.57,*,AMZN190118P00460000,,put,01/18/2019,11/29/2018,460,0.19,0.04,0.22,0,398,0.4612,0,0,0,0,AMZN190118P00460000
AMZN,1673.57,*,AMZN190118C00470000,,call,01/18/2019,11/29/2018,470,1186,1200.2,1210.15,0,214,0.4567,0.9995,0,-4.3854,0,AMZN190118C00470000
AMZN,1673.57,*,AMZN190118P00470000,,put,01/18/2019,11/29/2018,470,0.15,0.04,0.3,0,203,0.4612,0,0,0,0,AMZN190118P00470000
AMZN,1673.57,*,AMZN190118C00480000,,call,01/18/2019,11/29/2018,480,1130.4,1190.5,1200.15,0,60,0.4567,0.9995,0,-4.6196,0,AMZN190118C00480000
AMZN,1673.57,*,AMZN190118P00480000,,put,01/18/2019,11/29/2018,480,0.18,0.04,0.22,0,356,0.4612,0,0,0,0,AMZN190118P00480000
AMZN,1673.57,*,AMZN190118C00490000,,call,01/18/2019,11/29/2018,490,1155,1180.5,1190,0,261,0.4567,0.9995,0,-4.8538,0,AMZN190118C00490000
AMZN,1673.57,*,AMZN190118P00490000,,put,01/18/2019,11/29/2018,490,0.2,0.04,0.22,0,462,0.4612,0,0,0,0,AMZN190118P00490000
AMZN,1673.57,*,AMZN190118C00500000,,call,01/18/2019,11/29/2018,500,1164.65,1170.85,1180.4,0,2497,0.4567,0.9995,0,-5.088,0,AMZN190118C00500000
AMZN,1673.57,*,AMZN190118P00500000,,put,01/18/2019,11/29/2018,500,0.04,0.04,0.06,50,7211,0.4612,0,0,0,0,AMZN190118P00500000
AMZN,1673.57,*,AMZN190118C00510000,,call,01/18/2019,11/29/2018,510,1150.05,1160.6,1170.3,0,111,0.4567,0.9995,0,-5.3222,0,AMZN190118C00510000
AMZN,1673.57,*,AMZN190118P00510000,,put,01/18/2019,11/29/2018,510,0.07,0.05,0.22,0,399,0.4612,0,0,0,0,AMZN190118P00510000
AMZN,1673.57,*,AMZN190118C00520000,,call,01/18/2019,11/29/2018,520,1151.6,1150.9,1160.7,0,41,0.4567,0.9995,0,-5.5564,0,AMZN190118C00520000
AMZN,1673.57,*,AMZN190118P00520000,,put,01/18/2019,11/29/2018,520,0.08,0.05,0.2,0,161,0.4612,0,0,0,0,AMZN190118P00520000
AMZN,1673.57,*,AMZN190118C00530000,,call,01/18/2019,11/29/2018,530,1145.1,1140.65,1150.55,0,45,0.4567,0.9995,0,-5.7906,0,AMZN190118C00530000
AMZN,1673.57,*,AMZN190118P00530000,,put,01/18/2019,11/29/2018,530,0.16,0.05,0.2,0,201,0.4612,0,0,0,0,AMZN190118P00530000
AMZN,1673.57,*,AMZN190118C00540000,,call,01/18/2019,11/29/2018,540,1123.95,1130.75,1140.65,0,213,0.4567,0.9995,0,-6.0248,0,AMZN190118C00540000
AMZN,1673.57,*,AMZN190118P00540000,,put,01/18/2019,11/29/2018,540,0.17,0,0.2,0,175,0.4612,0,0,0,0,AMZN190118P00540000
AMZN,1673.57,*,AMZN190118C00550000,,call,01/18/2019,11/29/2018,550,1114,1120.85,1130.5,0,146,0.4567,0.9995,0,-6.259,0,AMZN190118C00550000
AMZN,1673.57,*,AMZN190118P00550000,,put,01/18/2019,11/29/2018,550,0.1,0.05,0.19,0,1125,0.4612,0,0,0,0,AMZN190118P00550000
AMZN,1673.57,*,AMZN190118C00560000,,call,01/18/2019,11/29/2018,560,1103.45,1111,1120.8,0,64,0.4567,0.9995,0,-6.4932,0,AMZN190118C00560000
AMZN,1673.57,*,AMZN190118P00560000,,put,01/18/2019,11/29/2018,560,0.3,0,0.2,0,524,0.4612,0,0,0,0,AMZN190118P00560000
AMZN,1673.57,*,AMZN190118C00570000,,call,01/18/2019,11/29/2018,570,1094.1,1100.9,1110.5,0,195,0.4567,0.9995,0,-6.7274,0,AMZN190118C00570000
AMZN,1673.57,*,AMZN190118P00570000,,put,01/18/2019,11/29/2018,570,0.2,0,0.2,0,492,0.4612,0,0,0,0,AMZN190118P00570000
AMZN,1673.57,*,AMZN190118C00580000,,call,01/18/2019,11/29/2018,580,1034.15,1091.05,1100.75,0,16,0.4567,0.9995,0,-6.9616,0,AMZN190118C00580000
AMZN,1673.57,*,AMZN190118P00580000,,put,01/18/2019,11/29/2018,580,0,0.01,0.1,0,2405,0.4612,0,0,0,0,AMZN190118P00580000
AMZN,1673.57,*,AMZN190118C00590000,,call,01/18/2019,11/29/2018,590,1041.15,1081.35,1091,0,19,0.4567,0.9995,0,-7.1958,0,AMZN190118C00590000
AMZN,1673.57,*,AMZN190118P00590000,,put,01/18/2019,11/29/2018,590,0.15,0,0.21,0,213,0.4612,0,0,0,0,AMZN190118P00590000
AMZN,1673.57,*,AMZN190118C00600000,,call,01/18/2019,11/29/2018,600,1050.42,1071.2,1080.85,0,1451,0.4567,0.9995,0,-7.4299,0,AMZN190118C00600000
AMZN,1673.57,*,AMZN190118P00600000,,put,01/18/2019,11/29/2018,600,0.1,0.05,0.1,0,1944,0.4612,0,0,0,0,AMZN190118P00600000
AMZN,1673.57,*,AMZN190118C00610000,,call,01/18/2019,11/29/2018,610,1253.6,1061.4,1071,0,19,0.4567,0.9995,0,-7.6641,0,AMZN190118C00610000
AMZN,1673.57,*,AMZN190118P00610000,,put,01/18/2019,11/29/2018,610,0.15,0,0.1,0,186,0.4612,0,0,0,0,AMZN190118P00610000
AMZN,1673.57,*,AMZN190118C00620000,,call,01/18/2019,11/29/2018,620,1040.65,1051.45,1061.25,0,219,0.4567,0.9995,0,-7.8983,0,AMZN190118C00620000
AMZN,1673.57,*,AMZN190118P00620000,,put,01/18/2019,11/29/2018,620,0.1,0,0.1,0,529,0.4612,0,0,0,0,AMZN190118P00620000
AMZN,1673.57,*,AMZN190118C00630000,,call,01/18/2019,11/29/2018,630,982.8,1041.45,1051.25,0,50,0.4567,0.9995,0,-8.1325,0,AMZN190118C00630000
AMZN,1673.57,*,AMZN190118P00630000,,put,01/18/2019,11/29/2018,630,0.08,0.01,0.1,2,358,0.4612,0,0,0,0,AMZN190118P00630000
AMZN,1673.57,*,AMZN190118C00640000,,call,01/18/2019,11/29/2018,640,1029.7,1031.25,1041.1,0,71,0.4567,0.9995,0,-8.3667,0,AMZN190118C00640000
AMZN,1673.57,*,AMZN190118P00640000,,put,01/18/2019,11/29/2018,640,0.2,0,0.2,0,467,0.4612,0,0,0,0,AMZN190118P00640000
AMZN,1673.57,*,AMZN190118C00650000,,call,01/18/2019,11/29/2018,650,1010.85,1021.25,1031.25,0,130,0.4567,0.9995,0,-8.601,0,AMZN190118C00650000
AMZN,1673.57,*,AMZN190118P00650000,,put,01/18/2019,11/29/2018,650,0.11,0.05,0.1,0,885,0.4612,0,0,0,0,AMZN190118P00650000
AMZN,1673.57,*,AMZN190118C00660000,,call,01/18/2019,11/29/2018,660,961.9,1011.5,1021.35,0,15,0.4567,0.9995,0,-8.8352,0,AMZN190118C00660000
AMZN,1673.57,*,AMZN190118P00660000,,put,01/18/2019,11/29/2018,660,0.22,0,0.1,0,281,0.4612,0,0,-0.0001,0,AMZN190118P00660000
AMZN,1673.57,*,AMZN190118C00670000,,call,01/18/2019,11/29/2018,670,947.8,1001.5,1011.35,0,44,0.4567,0.9995,0,-9.0694,0,AMZN190118C00670000
AMZN,1673.57,*,AMZN190118P00670000,,put,01/18/2019,11/29/2018,670,0.19,0,0.1,0,152,0.4612,0,0,-0.0001,0.0001,AMZN190118P00670000
AMZN,1673.57,*,AMZN190118C00680000,,call,01/18/2019,11/29/2018,680,981,991.5,1001.4,0,125,0.4567,0.9995,0,-9.3036,0.0001,AMZN190118C00680000
AMZN,1673.57,*,AMZN190118P00680000,,put,01/18/2019,11/29/2018,680,0.17,0,0.1,0,384,0.4612,0,0,-0.0002,0.0001,AMZN190118P00680000
AMZN,1673.57,*,AMZN190118C00690000,,call,01/18/2019,11/29/2018,690,1340.9,981.65,991.5,0,22,0.4567,0.9995,0,-9.5379,0.0001,AMZN190118C00690000
AMZN,1673.57,*,AMZN190118P00690000,,put,01/18/2019,11/29/2018,690,0.25,0,0.2,0,387,0.4612,0,0,-0.0003,0.0002,AMZN190118P00690000
AMZN,1673.57,*,AMZN190118C00700000,,call,01/18/2019,11/29/2018,700,759.7,971.8,981.8,0,455,0.4567,0.9995,0,-9.7722,0.0002,AMZN190118C00700000
AMZN,1673.57,*,AMZN190118P00700000,,put,01/18/2019,11/29/2018,700,0.15,0.05,0.1,0,1615,0.4612,0,0,-0.0005,0.0003,AMZN190118P00700000
AMZN,1673.57,*,AMZN190118C00710000,,call,01/18/2019,11/29/2018,710,1044.33,961.8,971.45,0,93,0.4567,0.9995,0,-10.0066,0.0003,AMZN190118C00710000
AMZN,1673.57,*,AMZN190118P00710000,,put,01/18/2019,11/29/2018,710,0.2,0,0.1,0,570,0.4612,0,0,-0.0007,0.0004,AMZN190118P00710000
AMZN,1673.57,*,AMZN190118C00720000,,call,01/18/2019,11/29/2018,720,1001.26,951.7,961.5,0,65,0.4567,0.9995,0,-10.2411,0.0005,AMZN190118C00720000
AMZN,1673.57,*,AMZN190118P00720000,,put,01/18/2019,11/29/2018,720,0.22,0,0.1,0,814,0.4612,0,0,-0.0011,0.0006,AMZN190118P00720000
AMZN,1673.57,*,AMZN190118C00730000,,call,01/18/2019,11/29/2018,730,992.89,941.85,951.5,0,83,0.4567,0.9995,0,-10.4757,0.0007,AMZN190118C00730000
AMZN,1673.57,*,AMZN190118P00730000,,put,01/18/2019,11/29/2018,730,0.2,0,0.1,0,356,0.4612,0,0,-0.0016,0.0009,AMZN190118P00730000
AMZN,1673.57,*,AMZN190118C00740000,,call,01/18/2019,11/29/2018,740,924.95,931.95,941.5,0,85,0.4567,0.9995,0,-10.7106,0.0011,AMZN190118C00740000
AMZN,1673.57,*,AMZN190118P00740000,,put,01/18/2019,11/29/2018,740,0.2,0,0.1,0,514,0.4612,0,0,-0.0024,0.0014,AMZN190118P00740000
AMZN,1673.57,*,AMZN190118C00750000,,call,01/18/2019,11/29/2018,750,834.94,922,931.5,0,179,0.4567,0.9995,0,-10.9456,0.0017,AMZN190118C00750000
AMZN,1673.57,*,AMZN190118P00750000,,put,01/18/2019,11/29/2018,750,0.12,0.05,0.17,21,1212,0.4612,0,0,-0.0035,0.0021,AMZN190118P00750000
AMZN,1673.57,*,AMZN190118C00760000,,call,01/18/2019,11/29/2018,760,726.7,912.05,921.95,0,68,0.4567,0.9995,0,-11.1811,0.0024,AMZN190118C00760000
AMZN,1673.57,*,AMZN190118P00760000,,put,01/18/2019,11/29/2018,760,0.2,0,0.15,11,525,0.4612,0,0,-0.0051,0.003,AMZN190118P00760000
AMZN,1673.57,*,AMZN190118C00770000,,call,01/18/2019,11/29/2018,770,1228.4,902,911.95,0,67,0.4567,0.9995,0,-11.4172,0.0035,AMZN190118C00770000
AMZN,1673.57,*,AMZN190118P00770000,,put,01/18/2019,11/29/2018,770,0.2,0.05,0.2,10,683,0.4612,0,0,-0.0073,0.0043,AMZN190118P00770000
AMZN,1673.57,*,AMZN190118C00780000,,call,01/18/2019,11/29/2018,780,805.52,892.1,902,0,134,0.4567,0.9995,0,-11.6539,0.005,AMZN190118C00780000
AMZN,1673.57,*,AMZN190118P00780000,,put,01/18/2019,11/29/2018,780,0.2,0,0.22,9,833,0.4612,0,0,-0.0104,0.0062,AMZN190118P00780000
AMZN,1673.57,*,AMZN190118C00790000,,call,01/18/2019,11/29/2018,790,973.3,882.2,892,0,105,0.4567,0.9995,0,-11.8916,0.0071,AMZN190118C00790000
AMZN,1673.57,*,AMZN190118P00790000,,put,01/18/2019,11/29/2018,790,0.8,0.1,0.4,0,332,0.4612,0,0,-0.0147,0.0087,AMZN190118P00790000
AMZN,1673.57,*,AMZN190118C00800000,,call,01/18/2019,11/29/2018,800,777.07,872.45,882,0,389,0.4567,0.9995,0,-12.1307,0.01,AMZN190118C00800000
AMZN,1673.57,*,AMZN190118P00800000,,put,01/18/2019,11/29/2018,800,0.3,0.05,0.4,0,2634,0.4612,0,0,-0.0205,0.0121,AMZN190118P00800000
AMZN,1673.57,*,AMZN190118C00810000,,call,01/18/2019,11/29/2018,810,767.27,862.4,872,0,89,0.4567,0.9995,0,-12.3714,0.0139,AMZN190118C00810000
AMZN,1673.57,*,AMZN190118P00810000,,put,01/18/2019,11/29/2018,810,0.4,0,0.55,0,421,0.4612,0,0,-0.0283,0.0167,AMZN190118P00810000
AMZN,1673.57,*,AMZN190118C00820000,,call,01/18/2019,11/29/2018,820,703.97,852.45,862,0,68,0.4567,0.9995,0,-12.6144,0.0192,AMZN190118C00820000
AMZN,1673.57,*,AMZN190118P00820000,,put,01/18/2019,11/29/2018,820,0.72,0,0.59,0,1245,0.4612,0,0,-0.0388,0.0229,AMZN190118P00820000
AMZN,1673.57,*,AMZN190118C00830000,,call,01/18/2019,11/29/2018,830,697.4,842.35,852,0,112,0.4567,0.9995,0,-12.8604,0.0262,AMZN190118C00830000
AMZN,1673.57,*,AMZN190118P00830000,,put,01/18/2019,11/29/2018,830,0.51,0.2,0.6,0,958,0.4612,0,0,-0.0527,0.0311,AMZN190118P00830000
AMZN,1673.57,*,AMZN190118C00840000,,call,01/18/2019,11/29/2018,840,792.48,832.5,842,0,107,0.4567,0.9995,0,-13.1101,0.0355,AMZN190118C00840000
AMZN,1673.57,*,AMZN190118P00840000,,put,01/18/2019,11/29/2018,840,0.58,0.01,0.61,0,1127,0.4612,0,0,-0.0708,0.0418,AMZN190118P00840000
AMZN,1673.57,*,AMZN190118C00850000,,call,01/18/2019,11/29/2018,850,0,822.5,832.45,0,403,0.4567,0.9994,0,-13.3646,0.0476,AMZN190118C00850000
AMZN,1673.57,*,AMZN190118P00850000,,put,01/18/2019,11/29/2018,850,0.17,0.04,0.64,2,1115,0.4612,0,0,-0.0945,0.0558,AMZN190118P00850000
AMZN,1673.57,*,AMZN190118C00860000,,call,01/18/2019,11/29/2018,860,712.78,812.6,822.5,0,233,0.4567,0.9994,0,-13.6252,0.0633,AMZN190118C00860000
AMZN,1673.57,*,AMZN190118P00860000,,put,01/18/2019,11/29/2018,860,0.93,0.07,0.67,0,483,0.4612,0,0,-0.125,0.0739,AMZN190118P00860000
AMZN,1673.57,*,AMZN190118C00870000,,call,01/18/2019,11/29/2018,870,877.4,802.75,812.5,0,219,0.4567,0.9994,0,-13.8933,0.0836,AMZN190118C00870000
AMZN,1673.57,*,AMZN190118P00870000,,put,01/18/2019,11/29/2018,870,0.61,0.11,0.68,0,693,0.4612,0,0,-0.1641,0.097,AMZN190118P00870000
AMZN,1673.57,*,AMZN190118C00875000,,call,01/18/2019,11/29/2018,875,1118.45,797.45,807.4,0,34,0.4567,0.9994,0,-14.0308,0.0957,AMZN190118C00875000
AMZN,1673.57,*,AMZN190118P00875000,,put,01/18/2019,11/29/2018,875,0.62,0.13,0.7,0,164,0.4612,0,0,-0.1875,0.1108,AMZN190118P00875000
AMZN,1673.57,*,AMZN190118C00880000,,call,01/18/2019,11/29/2018,880,600.1,792.4,802,0,313,0.4567,0.9994,0,-14.1709,0.1095,AMZN190118C00880000
AMZN,1673.57,*,AMZN190118P00880000,,put,01/18/2019,11/29/2018,880,0.65,0.15,0.72,0,550,0.4612,0,0,-0.2138,0.1263,AMZN190118P00880000
AMZN,1673.57,*,AMZN190118C00890000,,call,01/18/2019,11/29/2018,890,726.08,782.95,792.5,0,44,0.4567,0.9994,0,-14.46,0.1423,AMZN190118C00890000
AMZN,1673.57,*,AMZN190118P00890000,,put,01/18/2019,11/29/2018,890,0.5,0.21,0.72,0,318,0.4612,-0.0001,0,-0.2765,0.1634,AMZN190118P00890000
AMZN,1673.57,*,AMZN190118C00900000,,call,01/18/2019,11/29/2018,900,780.19,772.9,782.5,0,358,0.4567,0.9994,0,-14.7633,0.1835,AMZN190118C00900000
AMZN,1673.57,*,AMZN190118P00900000,,put,01/18/2019,11/29/2018,900,0.6,0.34,0.78,0,1121,0.4612,-0.0001,0,-0.3549,0.2097,AMZN190118P00900000
AMZN,1673.57,*,AMZN190118C00905000,,call,01/18/2019,11/29/2018,905,0,767.95,777.5,0,0,0.4567,0.9994,0,-14.9212,0.2079,AMZN190118C00905000
AMZN,1673.57,*,AMZN190118P00905000,,put,01/18/2019,11/29/2018,905,0.69,0.25,0.78,0,7,0.4612,-0.0001,0,-0.4011,0.237,AMZN190118P00905000
AMZN,1673.57,*,AMZN190118C00910000,,call,01/18/2019,11/29/2018,910,734.83,763.1,772.5,0,16,0.4567,0.9994,0,-15.0838,0.2351,AMZN190118C00910000
AMZN,1673.57,*,AMZN190118P00910000,,put,01/18/2019,11/29/2018,910,0.5,0.26,0.8,0,591,0.4612,-0.0001,0,-0.4524,0.2674,AMZN190118P00910000
AMZN,1673.57,*,AMZN190118C00915000,,call,01/18/2019,11/29/2018,915,0,758.05,767.5,0,0,0.4567,0.9994,0,-15.2516,0.2653,AMZN190118C00915000
AMZN,1673.57,*,AMZN190118P00915000,,put,01/18/2019,11/29/2018,915,0.8,0.28,0.8,0,12,0.4612,-0.0001,0,-0.5095,0.3011,AMZN190118P00915000
AMZN,1673.57,*,AMZN190118C00920000,,call,01/18/2019,11/29/2018,920,555.4,752.85,762.3,0,302,0.4567,0.9993,0,-15.4251,0.299,AMZN190118C00920000
AMZN,1673.57,*,AMZN190118P00920000,,put,01/18/2019,11/29/2018,920,0.62,0.3,0.83,0,676,0.4612,-0.0001,0,-0.5728,0.3386,AMZN190118P00920000
AMZN,1673.57,*,AMZN190118C00925000,,call,01/18/2019,11/29/2018,925,0,748.1,758,0,0,0.4567,0.9993,0,-15.6047,0.3363,AMZN190118C00925000
AMZN,1673.57,*,AMZN190118P00925000,,put,01/18/2019,11/29/2018,925,0.46,0.32,0.84,4,31,0.4612,-0.0002,0,-0.6428,0.38,AMZN190118P00925000
AMZN,1673.57,*,AMZN190118C00930000,,call,01/18/2019,11/29/2018,930,1068.8,742.9,752.5,0,31,0.4567,0.9993,0,-15.7911,0.3777,AMZN190118C00930000
AMZN,1673.57,*,AMZN190118P00930000,,put,01/18/2019,11/29/2018,930,0.65,0.34,0.84,0,539,0.4612,-0.0002,0,-0.7203,0.4259,AMZN190118P00930000
AMZN,1673.57,*,AMZN190118C00935000,,call,01/18/2019,11/29/2018,935,0,738.05,748,0,0,0.4567,0.9993,0,-15.9848,0.4235,AMZN190118C00935000
AMZN,1673.57,*,AMZN190118P00935000,,put,01/18/2019,11/29/2018,935,0.57,0.35,0.85,1,10,0.4612,-0.0002,0,-0.8058,0.4764,AMZN190118P00935000
AMZN,1673.57,*,AMZN190118C00940000,,call,01/18/2019,11/29/2018,940,700,733.15,743,0,445,0.4567,0.9993,0,-16.1866,0.4741,AMZN190118C00940000
AMZN,1673.57,*,AMZN190118P00940000,,put,01/18/2019,11/29/2018,940,0.62,0.37,0.88,1,359,0.4612,-0.0002,0,-0.9001,0.5322,AMZN190118P00940000
AMZN,1673.57,*,AMZN190118C00945000,,call,01/18/2019,11/29/2018,945,0,728,737.9,0,0,0.4567,0.9992,0,-16.397,0.5299,AMZN190118C00945000
AMZN,1673.57,*,AMZN190118P00945000,,put,01/18/2019,11/29/2018,945,0.9,0.39,0.89,0,5,0.4612,-0.0003,0,-1.0037,0.5935,AMZN190118P00945000
AMZN,1673.57,*,AMZN190118C00950000,,call,01/18/2019,11/29/2018,950,574.25,723.4,733,0,196,0.4567,0.9992,0,-16.6168,0.5913,AMZN190118C00950000
AMZN,1673.57,*,AMZN190118P00950000,,put,01/18/2019,11/29/2018,950,0.95,0.5,0.92,0,1874,0.4612,-0.0003,0,-1.1176,0.6609,AMZN190118P00950000
AMZN,1673.57,*,AMZN190118C00955000,,call,01/18/2019,11/29/2018,955,0,718.45,728,0,0,0.4567,0.9992,0,-16.8468,0.6587,AMZN190118C00955000
AMZN,1673.57,*,AMZN190118P00955000,,put,01/18/2019,11/29/2018,955,0,0.44,0.94,0,0,0.4612,-0.0003,0,-1.2425,0.7349,AMZN190118P00955000
AMZN,1673.57,*,AMZN190118C00960000,,call,01/18/2019,11/29/2018,960,625,713.45,723,0,354,0.4567,0.9991,0,-17.0878,0.7328,AMZN190118C00960000
AMZN,1673.57,*,AMZN190118P00960000,,put,01/18/2019,11/29/2018,960,0.87,0.47,0.86,0,420,0.4612,-0.0004,0,-1.3793,0.8158,AMZN190118P00960000
AMZN,1673.57,*,AMZN190118C00965000,,call,01/18/2019,11/29/2018,965,0,708.45,718,0,0,0.4567,0.9991,0,-17.3407,0.8139,AMZN190118C00965000
AMZN,1673.57,*,AMZN190118P00965000,,put,01/18/2019,11/29/2018,965,0.97,0.5,0.96,0,6,0.4612,-0.0004,0,-1.5289,0.9044,AMZN190118P00965000
AMZN,1673.57,*,AMZN190118C00970000,,call,01/18/2019,11/29/2018,970,785.07,703.45,713,0,684,0.4567,0.9991,0,-17.6063,0.9027,AMZN190118C00970000
AMZN,1673.57,*,AMZN190118P00970000,,put,01/18/2019,11/29/2018,970,0.75,0.54,1,0,802,0.4612,-0.0005,0,-1.6922,1.001,AMZN190118P00970000
AMZN,1673.57,*,AMZN190118C00975000,,call,01/18/2019,11/29/2018,975,0,698.45,708,0,0,0.4567,0.999,0,-17.8856,0.9997,AMZN190118C00975000
AMZN,1673.57,*,AMZN190118P00975000,,put,01/18/2019,11/29/2018,975,0.96,0.55,1,0,9,0.4612,-0.0005,0,-1.8703,1.1064,AMZN190118P00975000
AMZN,1673.57,*,AMZN190118C00980000,,call,01/18/2019,11/29/2018,980,609.5,693.55,703,0,525,0.4567,0.999,0,-18.1796,1.1055,AMZN190118C00980000
AMZN,1673.57,*,AMZN190118P00980000,,put,01/18/2019,11/29/2018,980,0.85,0.59,1.04,0,747,0.4612,-0.0006,0,-2.0641,1.2212,AMZN190118P00980000
AMZN,1673.57,*,AMZN190118C00985000,,call,01/18/2019,11/29/2018,985,0,688.45,698,0,0,0.4567,0.9989,0,-18.4895,1.2208,AMZN190118C00985000
AMZN,1673.57,*,AMZN190118P00985000,,put,01/18/2019,11/29/2018,985,0.87,0.58,1.04,0,16,0.4612,-0.0006,0,-2.2748,1.346,AMZN190118P00985000
AMZN,1673.57,*,AMZN190118C00990000,,call,01/18/2019,11/29/2018,990,513.93,683.6,693.5,0,354,0.4567,0.9988,0,-18.8162,1.3461,AMZN190118C00990000
AMZN,1673.57,*,AMZN190118P00990000,,put,01/18/2019,11/29/2018,990,0.9,0.59,1.06,0,1032,0.4612,-0.0007,0,-2.5036,1.4815,AMZN190118P00990000
AMZN,1673.57,*,AMZN190118C00995000,,call,01/18/2019,11/29/2018,995,0,678.55,688.5,0,0,0.4567,0.9988,0,-19.161,1.4823,AMZN190118C00995000
AMZN,1673.57,*,AMZN190118P00995000,,put,01/18/2019,11/29/2018,995,0.93,0.61,1.06,0,9,0.4612,-0.0008,0,-2.7516,1.6284,AMZN190118P00995000
AMZN,1673.57,*,AMZN190118C01000000,,call,01/18/2019,11/29/2018,1000,688.79,673.65,683.5,5,4009,0.4567,0.9987,0,-19.525,1.63,AMZN190118C01000000
AMZN,1673.57,*,AMZN190118P01000000,,put,01/18/2019,11/29/2018,1000,0.84,0.75,1,525,5034,0.4612,-0.0009,0,-3.0201,1.7874,AMZN190118P01000000
AMZN,1673.57,*,AMZN190118C01010000,,call,01/18/2019,11/29/2018,1010,454,663.95,673.5,0,148,0.4567,0.9985,0,-20.3158,1.963,AMZN190118C01010000
AMZN,1673.57,*,AMZN190118P01010000,,put,01/18/2019,11/29/2018,1010,1,0.69,1.07,0,716,0.4612,-0.001,0,-3.6238,2.1451,AMZN190118P01010000
AMZN,1673.57,*,AMZN190118C01020000,,call,01/18/2019,11/29/2018,1020,580.5,653.95,663.5,0,256,0.4567,0.9983,0,-21.1994,2.3516,AMZN190118C01020000
AMZN,1673.57,*,AMZN190118P01020000,,put,01/18/2019,11/29/2018,1020,1.04,0.73,1.12,0,559,0.4612,-0.0013,0,-4.3257,2.561,AMZN190118P01020000
AMZN,1673.57,*,AMZN190118C01030000,,call,01/18/2019,11/29/2018,1030,478.06,643.95,653.5,0,108,0.4567,0.9981,0,-22.1872,2.8027,AMZN190118C01030000
AMZN,1673.57,*,AMZN190118P01030000,,put,01/18/2019,11/29/2018,1030,0.79,0.76,1.16,1,579,0.4612,-0.0015,0,-5.1374,3.0421,AMZN190118P01030000
AMZN,1673.57,*,AMZN190118C01040000,,call,01/18/2019,11/29/2018,1040,622.75,633.95,643.5,0,182,0.4567,0.9978,0,-23.2914,3.3235,AMZN190118C01040000
AMZN,1673.57,*,AMZN190118P01040000,,put,01/18/2019,11/29/2018,1040,0.99,0.83,1.19,8,593,0.4612,-0.0018,0,-6.0714,3.5958,AMZN190118P01040000
AMZN,1673.57,*,AMZN190118C01050000,,call,01/18/2019,11/29/2018,1050,522.8,623.7,633.5,0,306,0.4567,0.9975,0,-24.5248,3.9219,AMZN190118C01050000
AMZN,1673.57,*,AMZN190118P01050000,,put,01/18/2019,11/29/2018,1050,1.13,0.84,1.26,2,831,0.4612,-0.0022,0,-7.1409,4.23,AMZN190118P01050000
AMZN,1673.57,*,AMZN190118C01060000,,call,01/18/2019,11/29/2018,1060,450,614.5,624,0,132,0.4567,0.9971,0,-25.9011,4.6059,AMZN190118C01060000
AMZN,1673.57,*,AMZN190118P01060000,,put,01/18/2019,11/29/2018,1060,1.1,0.92,1.28,0,870,0.4612,-0.0026,0,-8.3594,4.9527,AMZN190118P01060000
AMZN,1673.57,*,AMZN190118C01070000,,call,01/18/2019,11/29/2018,1070,465.2,604.45,614,0,211,0.4567,0.9966,0,-27.4343,5.3842,AMZN190118C01070000
AMZN,1673.57,*,AMZN190118P01070000,,put,01/18/2019,11/29/2018,1070,1.11,0.93,1.36,0,364,0.4612,-0.0031,0,-9.7414,5.7726,AMZN190118P01070000
AMZN,1673.57,*,AMZN190118C01080000,,call,01/18/2019,11/29/2018,1080,645.13,594.45,604,0,178,0.4567,0.9961,0,-29.1391,6.2655,AMZN190118C01080000
AMZN,1673.57,*,AMZN190118P01080000,,put,01/18/2019,11/29/2018,1080,1.24,1.02,1.44,0,419,0.4612,-0.0036,0,-11.3013,6.6983,AMZN190118P01080000
AMZN,1673.57,*,AMZN190118C01090000,,call,01/18/2019,11/29/2018,1090,635.2,584.15,594,0,243,0.4567,0.9955,0,-31.0304,7.2588,AMZN190118C01090000
AMZN,1673.57,*,AMZN190118P01090000,,put,01/18/2019,11/29/2018,1090,1.32,1.09,1.45,0,386,0.4612,-0.0043,0,-13.0542,7.7388,AMZN190118P01090000
AMZN,1673.57,*,AMZN190118C01100000,,call,01/18/2019,11/29/2018,1100,436.38,574.6,584.5,0,1228,0.4567,0.9948,0,-33.1235,8.3734,AMZN190118C01100000
AMZN,1673.57,*,AMZN190118P01100000,,put,01/18/2019,11/29/2018,1100,1.34,1.25,1.55,13,1682,0.4612,-0.005,0.0001,-15.0153,8.9032,AMZN190118P01100000
AMZN,1673.57,*,AMZN190118C01110000,,call,01/18/2019,11/29/2018,1110,615.11,564.95,574.5,0,298,0.4567,0.994,0.0001,-35.4337,9.6186,AMZN190118C01110000
AMZN,1673.57,*,AMZN190118P01110000,,put,01/18/2019,11/29/2018,1110,1.3,1.2,1.62,2,301,0.4612,-0.0058,0.0001,-17.1996,10.2005,AMZN190118P01110000
AMZN,1673.57,*,AMZN190118C01120000,,call,01/18/2019,11/29/2018,1120,535.07,554.9,564.5,0,239,0.4567,0.9931,0.0001,-37.9765,11.0036,AMZN190118C01120000
AMZN,1673.57,*,AMZN190118P01120000,,put,01/18/2019,11/29/2018,1120,2.82,1.26,1.7,0,223,0.4612,-0.0068,0.0001,-19.6224,11.6399,AMZN190118P01120000
AMZN,1673.57,*,AMZN190118C01130000,,call,01/18/2019,11/29/2018,1130,460.8,545,554.95,0,177,0.4567,0.9921,0.0001,-40.7668,12.5376,AMZN190118C01130000
AMZN,1673.57,*,AMZN190118P01130000,,put,01/18/2019,11/29/2018,1130,2.02,1.37,1.79,0,345,0.4612,-0.0078,0.0001,-22.2985,13.2303,AMZN190118P01130000
AMZN,1673.57,*,AMZN190118C01140000,,call,01/18/2019,11/29/2018,1140,449.4,535.4,544.9,0,331,0.4567,0.991,0.0001,-43.8196,14.2297,AMZN190118C01140000
AMZN,1673.57,*,AMZN190118P01140000,,put,01/18/2019,11/29/2018,1140,2.21,1.48,1.87,0,361,0.4612,-0.009,0.0001,-25.2422,14.9803,AMZN190118P01140000
AMZN,1673.57,*,AMZN190118C01150000,,call,01/18/2019,11/29/2018,1150,480.56,525.5,535,0,607,0.4567,0.9897,0.0001,-47.1491,16.0886,AMZN190118C01150000
AMZN,1673.57,*,AMZN190118P01150000,,put,01/18/2019,11/29/2018,1150,1.99,1.59,2,2,1041,0.4612,-0.0104,0.0001,-28.4674,16.8982,AMZN190118P01150000
AMZN,1673.57,*,AMZN190118C01160000,,call,01/18/2019,11/29/2018,1160,383.64,515.55,525.5,0,241,0.4567,0.9882,0.0001,-50.7689,18.1224,AMZN190118C01160000
AMZN,1673.57,*,AMZN190118P01160000,,put,01/18/2019,11/29/2018,1160,2.25,1.71,2.12,0,733,0.4612,-0.0118,0.0001,-31.9871,18.9921,AMZN190118P01160000
AMZN,1673.57,*,AMZN190118C01170000,,call,01/18/2019,11/29/2018,1170,488,505.9,515.5,0,310,0.4567,0.9867,0.0001,-54.6916,20.3391,AMZN190118C01170000
AMZN,1673.57,*,AMZN190118P01170000,,put,01/18/2019,11/29/2018,1170,2.37,1.81,2.27,0,277,0.4612,-0.0135,0.0001,-35.8136,21.2692,AMZN190118P01170000
AMZN,1673.57,*,AMZN190118C01180000,,call,01/18/2019,11/29/2018,1180,398.55,496,505.5,0,411,0.4567,0.9849,0.0001,-58.9289,22.7458,AMZN190118C01180000
AMZN,1673.57,*,AMZN190118P01180000,,put,01/18/2019,11/29/2018,1180,2.13,1.97,2.44,38,534,0.4612,-0.0153,0.0001,-39.9576,23.7363,AMZN190118P01180000
AMZN,1673.57,*,AMZN190118C01190000,,call,01/18/2019,11/29/2018,1190,338,486.3,496,0,580,0.4567,0.9829,0.0001,-63.4912,25.3488,AMZN190118C01190000
AMZN,1673.57,*,AMZN190118P01190000,,put,01/18/2019,11/29/2018,1190,2.57,2.14,2.64,14,703,0.4612,-0.0174,0.0002,-44.4289,26.3992,AMZN190118P01190000
AMZN,1673.57,*,AMZN190118C01200000,,call,01/18/2019,11/29/2018,1200,495,476.4,486,36,4425,0.4567,0.9808,0.0002,-68.3874,28.1538,AMZN190118C01200000
AMZN,1673.57,*,AMZN190118P01200000,,put,01/18/2019,11/29/2018,1200,2.38,2.37,2.83,34,4293,0.4612,-0.0196,0.0002,-49.2357,29.2631,AMZN190118P01200000
AMZN,1673.57,*,AMZN190118C01210000,,call,01/18/2019,11/29/2018,1210,365,466.6,476.4,0,581,0.4567,0.9784,0.0002,-73.6249,31.1654,AMZN190118C01210000
AMZN,1673.57,*,AMZN190118P01210000,,put,01/18/2019,11/29/2018,1210,2.77,2.56,3.05,1,765,0.4612,-0.022,0.0002,-54.3845,32.3321,AMZN190118P01210000
AMZN,1673.57,*,AMZN190118C01220000,,call,01/18/2019,11/29/2018,1220,444.26,456.9,466.5,1,486,0.4567,0.9758,0.0002,-79.2093,34.3872,AMZN190118C01220000
AMZN,1673.57,*,AMZN190118P01220000,,put,01/18/2019,11/29/2018,1220,3,2.8,3.3,27,366,0.4612,-0.0247,0.0002,-59.8802,35.6094,AMZN190118P01220000
AMZN,1673.57,*,AMZN190118C01230000,,call,01/18/2019,11/29/2018,1230,504.05,447.4,457,0,200,0.4567,0.9729,0.0002,-85.1443,37.8218,AMZN190118C01230000
AMZN,1673.57,*,AMZN190118P01230000,,put,01/18/2019,11/29/2018,1230,3.35,2.94,3.45,4,276,0.4612,-0.0276,0.0002,-65.7257,39.0968,AMZN190118P01230000
AMZN,1673.57,*,AMZN190118C01240000,,call,01/18/2019,11/29/2018,1240,440.85,437.5,447,1,346,0.4567,0.9698,0.0002,-91.4317,41.4704,AMZN190118C01240000
AMZN,1673.57,*,AMZN190118P01240000,,put,01/18/2019,11/29/2018,1240,3.64,3.15,3.7,0,835,0.4566,-0.0296,0.0002,-68.9491,41.441,AMZN190118P01240000
AMZN,1673.57,*,AMZN190118C01250000,,call,01/18/2019,11/29/2018,1250,368.38,427.9,437.5,0,738,0.4567,0.9664,0.0003,-98.0709,45.3331,AMZN190118C01250000
AMZN,1673.57,*,AMZN190118P01250000,,put,01/18/2019,11/29/2018,1250,3.55,3.55,4,17,1356,0.4544,-0.0324,0.0003,-73.8778,44.6326,AMZN190118P01250000
AMZN,1673.57,*,AMZN190118C01260000,,call,01/18/2019,11/29/2018,1260,320,418.45,428,0,341,0.4567,0.9628,0.0003,-105.0594,49.4085,AMZN190118C01260000
AMZN,1673.57,*,AMZN190118P01260000,,put,01/18/2019,11/29/2018,1260,4.05,3.65,4.3,8,996,0.4483,-0.0343,0.0003,-76.3445,46.7675,AMZN190118P01260000
AMZN,1673.57,*,AMZN190118C01270000,,call,01/18/2019,11/29/2018,1270,394.65,408.4,418,1,624,0.4567,0.9588,0.0003,-112.3922,53.6941,AMZN190118C01270000
AMZN,1673.57,*,AMZN190118P01270000,,put,01/18/2019,11/29/2018,1270,4.13,4,4.6,3,314,0.4446,-0.037,0.0003,-80.5572,49.7766,AMZN190118P01270000
AMZN,1673.57,*,AMZN190118C01280000,,call,01/18/2019,11/29/2018,1280,390,398.95,408.5,0,160,0.4567,0.9546,0.0003,-120.0619,58.1857,AMZN190118C01280000
AMZN,1673.57,*,AMZN190118P01280000,,put,01/18/2019,11/29/2018,1280,4.47,4.3,4.95,11,317,0.4404,-0.0398,0.0003,-84.5571,52.7662,AMZN190118P01280000
AMZN,1673.57,*,AMZN190118C01290000,,call,01/18/2019,11/29/2018,1290,355,389.55,399,0,220,0.4567,0.95,0.0004,-128.0589,62.8778,AMZN190118C01290000
AMZN,1673.57,*,AMZN190118P01290000,,put,01/18/2019,11/29/2018,1290,5.29,4.6,5.3,7,709,0.4359,-0.0426,0.0003,-88.4615,55.7945,AMZN190118P01290000
AMZN,1673.57,*,AMZN190118C01300000,,call,01/18/2019,11/29/2018,1300,390,379.65,389.5,5,2591,0.4565,0.9452,0.0004,-136.2081,67.6953,AMZN190118C01300000
AMZN,1673.57,*,AMZN190118P01300000,,put,01/18/2019,11/29/2018,1300,5,5,5.65,62,3532,0.4318,-0.0458,0.0004,-92.7901,59.1042,AMZN190118P01300000
AMZN,1673.57,*,AMZN190118C01310000,,call,01/18/2019,11/29/2018,1310,261.65,370.4,380,0,424,0.4558,0.9403,0.0004,-144.2288,72.5235,AMZN190118C01310000
AMZN,1673.57,*,AMZN190118P01310000,,put,01/18/2019,11/29/2018,1310,5.42,5.45,6.15,8,661,0.4289,-0.0496,0.0004,-98.2005,62.9991,AMZN190118P01310000
AMZN,1673.57,*,AMZN190118C01320000,,call,01/18/2019,11/29/2018,1320,239.56,360.9,370.5,0,235,0.4516,0.9363,0.0004,-149.4981,76.2971,AMZN190118C01320000
AMZN,1673.57,*,AMZN190118P01320000,,put,01/18/2019,11/29/2018,1320,5.85,5.9,6.6,7,635,0.425,-0.0532,0.0004,-102.9773,66.6988,AMZN190118P01320000
AMZN,1673.57,*,AMZN190118C01330000,,call,01/18/2019,11/29/2018,1330,236.1,351.45,361,0,155,0.4474,0.9321,0.0005,-154.8737,80.2108,AMZN190118C01330000
AMZN,1673.57,*,AMZN190118P01330000,,put,01/18/2019,11/29/2018,1330,6.53,6.4,7.15,45,548,0.4218,-0.0574,0.0004,-108.4722,70.8223,AMZN190118P01330000
AMZN,1673.57,*,AMZN190118C01340000,,call,01/18/2019,11/29/2018,1340,239,341.9,351.5,0,159,0.4418,0.9282,0.0005,-159.1073,83.7593,AMZN190118C01340000
AMZN,1673.57,*,AMZN190118P01340000,,put,01/18/2019,11/29/2018,1340,7,6.95,7.7,13,468,0.4184,-0.0618,0.0005,-113.9541,75.0409,AMZN190118P01340000
AMZN,1673.57,*,AMZN190118C01350000,,call,01/18/2019,11/29/2018,1350,348.17,332.65,342.5,3,580,0.4405,0.9223,0.0005,-167.2782,89.0082,AMZN190118C01350000
AMZN,1673.57,*,AMZN190118P01350000,,put,01/18/2019,11/29/2018,1350,7.62,7.5,8.35,17,928,0.4151,-0.0666,0.0005,-119.667,79.4678,AMZN190118P01350000
AMZN,1673.57,*,AMZN190118C01360000,,call,01/18/2019,11/29/2018,1360,322.85,323.15,332.8,1,373,0.4335,0.9185,0.0006,-170.3874,92.3222,AMZN190118C01360000
AMZN,1673.57,*,AMZN190118P01360000,,put,01/18/2019,11/29/2018,1360,8.4,8.15,9.05,7,371,0.4122,-0.0718,0.0005,-125.877,84.2216,AMZN190118P01360000
AMZN,1673.57,*,AMZN190118C01370000,,call,01/18/2019,11/29/2018,1370,210.2,313.85,323.5,0,323,0.4294,0.9131,0.0006,-176.2013,96.8363,AMZN190118C01370000
AMZN,1673.57,*,AMZN190118P01370000,,put,01/18/2019,11/29/2018,1370,9.9,8.9,9.8,4,446,0.4095,-0.0774,0.0006,-132.4141,89.2255,AMZN190118P01370000
AMZN,1673.57,*,AMZN190118C01380000,,call,01/18/2019,11/29/2018,1380,312,304.9,314.5,1,276,0.4281,0.9063,0.0006,-184.7328,102.5274,AMZN190118C01380000
AMZN,1673.57,*,AMZN190118P01380000,,put,01/18/2019,11/29/2018,1380,9.47,9.75,10.65,24,677,0.4073,-0.0837,0.0006,-139.5546,94.5948,AMZN190118P01380000
AMZN,1673.57,*,AMZN190118C01390000,,call,01/18/2019,11/29/2018,1390,240.95,295.75,305.7,0,636,0.4261,0.8993,0.0007,-192.7261,108.0909,AMZN190118C01390000
AMZN,1673.57,*,AMZN190118P01390000,,put,01/18/2019,11/29/2018,1390,10.25,10.55,11.45,98,1250,0.404,-0.0897,0.0007,-145.7998,99.692,AMZN190118P01390000
AMZN,1673.57,*,AMZN190118C01400000,,call,01/18/2019,11/29/2018,1400,297.39,286.55,296.5,9,1932,0.4211,0.8934,0.0007,-197.9097,112.6874,AMZN190118C01400000
AMZN,1673.57,*,AMZN190118P01400000,,put,01/18/2019,11/29/2018,1400,11.4,11.45,12.4,102,2732,0.4013,-0.0965,0.0007,-152.7113,105.1817,AMZN190118P01400000
AMZN,1673.57,*,AMZN190118C01410000,,call,01/18/2019,11/29/2018,1410,287.5,279.55,287.5,1,178,0.427,0.8819,0.0008,-213.7618,121.287,AMZN190118C01410000
AMZN,1673.57,*,AMZN190118P01410000,,put,01/18/2019,11/29/2018,1410,11.89,12.35,13.45,43,316,0.3985,-0.1036,0.0007,-159.6187,110.7794,AMZN190118P01410000
AMZN,1673.57,*,AMZN190118C01420000,,call,01/18/2019,11/29/2018,1420,277.6,270.85,279,0,228,0.4255,0.8735,0.0008,-222.4938,127.308,AMZN190118C01420000
AMZN,1673.57,*,AMZN190118P01420000,,put,01/18/2019,11/29/2018,1420,12.95,13.4,14.45,34,562,0.3955,-0.111,0.0008,-166.402,116.438,AMZN190118P01420000
AMZN,1673.57,*,AMZN190118C01430000,,call,01/18/2019,11/29/2018,1430,195.22,261.85,270.5,0,217,0.4221,0.8656,0.0008,-229.3624,132.7653,AMZN190118C01430000
AMZN,1673.57,*,AMZN190118P01430000,,put,01/18/2019,11/29/2018,1430,17.71,14.5,15.6,36,345,0.3928,-0.119,0.0008,-173.528,122.3406,AMZN190118P01430000
AMZN,1673.57,*,AMZN190118C01440000,,call,01/18/2019,11/29/2018,1440,148.61,251.75,259.75,0,290,0.4061,0.8637,0.0009,-223.6786,134.0926,AMZN190118C01440000
AMZN,1673.57,*,AMZN190118P01440000,,put,01/18/2019,11/29/2018,1440,15.3,15.75,16.9,42,381,0.3906,-0.1277,0.0009,-181.18,128.5428,AMZN190118P01440000
AMZN,1673.57,*,AMZN190118C01450000,,call,01/18/2019,11/29/2018,1450,254.9,243.1,252.1,6,801,0.4064,0.8532,0.0009,-234.1336,141.0489,AMZN190118C01450000
AMZN,1673.57,*,AMZN190118P01450000,,put,01/18/2019,11/29/2018,1450,16.99,17,18.2,141,1265,0.3878,-0.1366,0.0009,-188.2437,134.6173,AMZN190118P01450000
AMZN,1673.57,*,AMZN190118C01460000,,call,01/18/2019,11/29/2018,1460,237.35,234.6,243.05,1,375,0.4019,0.8447,0.001,-239.7553,146.4582,AMZN190118C01460000
AMZN,1673.57,*,AMZN190118P01460000,,put,01/18/2019,11/29/2018,1460,18.09,18.3,19.65,20,596,0.385,-0.1459,0.001,-195.2843,140.7761,AMZN190118P01460000
AMZN,1673.57,*,AMZN190118C01470000,,call,01/18/2019,11/29/2018,1470,241.05,226.2,234.25,7,264,0.398,0.8354,0.001,-245.8955,152.1324,AMZN190118C01470000
AMZN,1673.57,*,AMZN190118P01470000,,put,01/18/2019,11/29/2018,1470,20.25,19.85,21.15,4,699,0.3827,-0.1559,0.001,-202.7752,147.1712,AMZN190118P01470000
AMZN,1673.57,*,AMZN190118C01480000,,call,01/18/2019,11/29/2018,1480,229.6,218.5,226.7,1,674,0.3997,0.8228,0.0011,-257.5212,159.5051,AMZN190118C01480000
AMZN,1673.57,*,AMZN190118P01480000,,put,01/18/2019,11/29/2018,1480,20.54,21.5,22.75,76,647,0.3804,-0.1665,0.0011,-210.1857,153.5996,AMZN190118P01480000
AMZN,1673.57,*,AMZN190118C01485000,,call,01/18/2019,11/29/2018,1485,200,213.8,222.1,0,57,0.395,0.8192,0.0011,-257.7459,161.5634,AMZN190118C01485000
AMZN,1673.57,*,AMZN190118P01485000,,put,01/18/2019,11/29/2018,1485,21.11,22.25,23.65,30,160,0.3791,-0.1719,0.0011,-213.7001,156.7718,AMZN190118P01485000
AMZN,1673.57,*,AMZN190118C01490000,,call,01/18/2019,11/29/2018,1490,221.5,210.3,218.2,1,105,0.3965,0.8123,0.0011,-264.1116,165.3879,AMZN190118C01490000
AMZN,1673.57,*,AMZN190118P01490000,,put,01/18/2019,11/29/2018,1490,22.02,23.25,24.5,81,396,0.3783,-0.1777,0.0011,-217.6821,160.0996,AMZN190118P01490000
AMZN,1673.57,*,AMZN190118C01495000,,call,01/18/2019,11/29/2018,1495,213.71,206.25,215,2,77,0.3976,0.8055,0.0011,-270.0254,169.0437,AMZN190118C01495000
AMZN,1673.57,*,AMZN190118P01495000,,put,01/18/2019,11/29/2018,1495,22.73,24.2,25.5,27,369,0.3775,-0.1836,0.0011,-221.6259,163.4175,AMZN190118P01495000
AMZN,1673.57,*,AMZN190118C01500000,,call,01/18/2019,11/29/2018,1500,216.45,201.75,209.1,110,3776,0.3895,0.8032,0.0012,-266.7651,170.2645,AMZN190118C01500000
AMZN,1673.57,*,AMZN190118P01500000,,put,01/18/2019,11/29/2018,1500,25.15,25,26.5,316,4984,0.3762,-0.1893,0.0012,-225.0282,166.5778,AMZN190118P01500000
AMZN,1673.57,*,AMZN190118C01505000,,call,01/18/2019,11/29/2018,1505,210.11,199.15,207,11,183,0.3976,0.7927,0.0012,-279.4981,175.6476,AMZN190118C01505000
AMZN,1673.57,*,AMZN190118P01505000,,put,01/18/2019,11/29/2018,1505,26.61,26.05,27.55,127,112,0.3755,-0.1956,0.0012,-228.9814,169.8981,AMZN190118P01505000
AMZN,1673.57,*,AMZN190118C01510000,,call,01/18/2019,11/29/2018,1510,202.14,194.25,202.2,1,124,0.3912,0.7893,0.0012,-277.8402,177.3749,AMZN190118C01510000
AMZN,1673.57,*,AMZN190118P01510000,,put,01/18/2019,11/29/2018,1510,25.49,27.15,28.5,68,705,0.3745,-0.2017,0.0012,-232.5837,173.115,AMZN190118P01510000
AMZN,1673.57,*,AMZN190118C01515000,,call,01/18/2019,11/29/2018,1515,202.89,190.35,199,1,149,0.3923,0.7821,0.0012,-283.5158,180.8943,AMZN190118C01515000
AMZN,1673.57,*,AMZN190118P01515000,,put,01/18/2019,11/29/2018,1515,26.34,28.2,29.6,59,359,0.3737,-0.2082,0.0012,-236.327,176.3635,AMZN190118P01515000
AMZN,1673.57,*,AMZN190118C01520000,,call,01/18/2019,11/29/2018,1520,195.19,186.45,194.35,5,354,0.389,0.7768,0.0012,-284.8044,183.3732,AMZN190118C01520000
AMZN,1673.57,*,AMZN190118P01520000,,put,01/18/2019,11/29/2018,1520,29.6,29.25,30.75,24,497,0.3728,-0.2146,0.0013,-239.9088,179.5589,AMZN190118P01520000
AMZN,1673.57,*,AMZN190118C01525000,,call,01/18/2019,11/29/2018,1525,190.72,184.55,188.45,41,658,0.3876,0.7706,0.0013,-287.8912,186.2672,AMZN190118C01525000
AMZN,1673.57,*,AMZN190118P01525000,,put,01/18/2019,11/29/2018,1525,29.68,30.25,32,46,1035,0.3718,-0.2212,0.0013,-243.3252,182.7007,AMZN190118P01525000
AMZN,1673.57,*,AMZN190118C01530000,,call,01/18/2019,11/29/2018,1530,193.6,180.6,184.7,10,357,0.3862,0.7642,0.0013,-290.9061,189.1348,AMZN190118C01530000
AMZN,1673.57,*,AMZN190118P01530000,,put,01/18/2019,11/29/2018,1530,30.42,31.45,33.05,405,1050,0.3707,-0.2278,0.0013,-246.5722,185.788,AMZN190118P01530000
AMZN,1673.57,*,AMZN190118C01535000,,call,01/18/2019,11/29/2018,1535,169.5,176.85,180.8,2,165,0.3848,0.7577,0.0013,-293.8445,191.973,AMZN190118C01535000
AMZN,1673.57,*,AMZN190118P01535000,,put,01/18/2019,11/29/2018,1535,32.04,32.65,34.3,27,227,0.3699,-0.2347,0.0013,-250.0361,188.9071,AMZN190118P01535000
AMZN,1673.57,*,AMZN190118C01540000,,call,01/18/2019,11/29/2018,1540,184,172.9,177.15,2,398,0.3834,0.7511,0.0013,-296.7022,194.7783,AMZN190118C01540000
AMZN,1673.57,*,AMZN190118P01540000,,put,01/18/2019,11/29/2018,1540,34.63,33.95,35.35,58,794,0.3686,-0.2415,0.0014,-252.9316,191.8795,AMZN190118P01540000
AMZN,1673.57,*,AMZN190118C01545000,,call,01/18/2019,11/29/2018,1545,169.6,169.55,173.55,2,117,0.3834,0.7438,0.0014,-300.8198,197.7927,AMZN190118C01545000
AMZN,1673.57,*,AMZN190118P01545000,,put,01/18/2019,11/29/2018,1545,34.34,35.15,36.75,5,220,0.3679,-0.2487,0.0014,-256.3234,194.9322,AMZN190118P01545000
AMZN,1673.57,*,AMZN190118C01550000,,call,01/18/2019,11/29/2018,1550,178.8,165.65,169.65,28,404,0.3812,0.7373,0.0014,-302.7321,200.376,AMZN190118C01550000
AMZN,1673.57,*,AMZN190118P01550000,,put,01/18/2019,11/29/2018,1550,37.16,36.4,38.05,209,1356,0.3668,-0.2558,0.0014,-259.2366,197.8574,AMZN190118P01550000
AMZN,1673.57,*,AMZN190118C01555000,,call,01/18/2019,11/29/2018,1555,154.5,162.25,165.95,4,143,0.3805,0.73,0.0014,-305.9856,203.1649,AMZN190118C01555000
AMZN,1673.57,*,AMZN190118P01555000,,put,01/18/2019,11/29/2018,1555,37.24,37.8,39.3,25,315,0.3659,-0.2632,0.0014,-262.2462,200.7681,AMZN190118P01555000
AMZN,1673.57,*,AMZN190118C01560000,,call,01/18/2019,11/29/2018,1560,168,158.5,162.3,4,620,0.3789,0.723,0.0014,-308.2815,205.7618,AMZN190118C01560000
AMZN,1673.57,*,AMZN190118P01560000,,put,01/18/2019,11/29/2018,1560,38.56,39,40.8,71,552,0.3648,-0.2705,0.0015,-264.9633,203.5887,AMZN190118P01560000
AMZN,1673.57,*,AMZN190118C01565000,,call,01/18/2019,11/29/2018,1565,161.11,155.2,158.55,1,428,0.378,0.7157,0.0015,-311.1372,208.4073,AMZN190118C01565000
AMZN,1673.57,*,AMZN190118P01565000,,put,01/18/2019,11/29/2018,1565,38.28,40.6,42.15,6,208,0.3642,-0.2782,0.0015,-268.0501,206.4279,AMZN190118P01565000
AMZN,1673.57,*,AMZN190118C01570000,,call,01/18/2019,11/29/2018,1570,159.5,151.5,155.1,57,237,0.3767,0.7083,0.0015,-313.5058,210.9381,AMZN190118C01570000
AMZN,1673.57,*,AMZN190118P01570000,,put,01/18/2019,11/29/2018,1570,40.22,42,43.6,15,396,0.3632,-0.2859,0.0015,-270.6451,209.1387,AMZN190118P01570000
AMZN,1673.57,*,AMZN190118C01575000,,call,01/18/2019,11/29/2018,1575,153.04,147.9,151.7,2,163,0.3756,0.7008,0.0015,-315.9494,213.4323,AMZN190118C01575000
AMZN,1673.57,*,AMZN190118P01575000,,put,01/18/2019,11/29/2018,1575,43.7,43.35,45.2,8,240,0.3622,-0.2937,0.0015,-273.125,211.782,AMZN190118P01575000
AMZN,1673.57,*,AMZN190118C01580000,,call,01/18/2019,11/29/2018,1580,148.8,144.65,148.15,14,493,0.3748,0.6931,0.0015,-318.5541,215.8913,AMZN190118C01580000
AMZN,1673.57,*,AMZN190118P01580000,,put,01/18/2019,11/29/2018,1580,43.58,44.85,46.7,50,871,0.3612,-0.3015,0.0016,-275.4851,214.3539,AMZN190118P01580000
AMZN,1673.57,*,AMZN190118C01585000,,call,01/18/2019,11/29/2018,1585,138.5,141.5,144.5,1,108,0.3739,0.6853,0.0015,-320.9414,218.2638,AMZN190118C01585000
AMZN,1673.57,*,AMZN190118P01585000,,put,01/18/2019,11/29/2018,1585,44.4,46.3,48.35,10,187,0.3602,-0.3095,0.0016,-277.7211,216.8502,AMZN190118P01585000
AMZN,1673.57,*,AMZN190118C01590000,,call,01/18/2019,11/29/2018,1590,129.9,137.8,141.25,3,1631,0.3724,0.6776,0.0016,-322.6473,220.5048,AMZN190118C01590000
AMZN,1673.57,*,AMZN190118P01590000,,put,01/18/2019,11/29/2018,1590,45,48.05,49.85,17,286,0.3594,-0.3177,0.0016,-280.0136,219.2867,AMZN190118P01590000
AMZN,1673.57,*,AMZN190118C01595000,,call,01/18/2019,11/29/2018,1595,135,134.45,137.9,5,118,0.3713,0.6696,0.0016,-324.5936,222.7067,AMZN190118C01595000
AMZN,1673.57,*,AMZN190118P01595000,,put,01/18/2019,11/29/2018,1595,48.71,49.6,51.5,10,201,0.3582,-0.3258,0.0016,-281.8027,221.6001,AMZN190118P01595000
AMZN,1673.57,*,AMZN190118C01600000,,call,01/18/2019,11/29/2018,1600,133,131.25,134.5,301,7955,0.3703,0.6616,0.0016,-326.4973,224.8339,AMZN190118C01600000
AMZN,1673.57,*,AMZN190118P01600000,,put,01/18/2019,11/29/2018,1600,52.3,51.3,53.25,153,7730,0.3575,-0.3342,0.0017,-283.9153,223.8698,AMZN190118P01600000
AMZN,1673.57,*,AMZN190118C01605000,,call,01/18/2019,11/29/2018,1605,138,128.05,131.4,16,271,0.3697,0.6533,0.0016,-328.6272,226.8993,AMZN190118C01605000
AMZN,1673.57,*,AMZN190118P01605000,,put,01/18/2019,11/29/2018,1605,56.35,52.85,55,17,378,0.3562,-0.3425,0.0017,-285.3358,226.0004,AMZN190118P01605000
AMZN,1673.57,*,AMZN190118C01610000,,call,01/18/2019,11/29/2018,1610,129,124.7,127.6,5,209,0.3671,0.6454,0.0016,-328.7955,228.7574,AMZN190118C01610000
AMZN,1673.57,*,AMZN190118P01610000,,put,01/18/2019,11/29/2018,1610,53.51,54.65,56.8,9,264,0.3555,-0.3511,0.0017,-287.1598,228.0782,AMZN190118P01610000
AMZN,1673.57,*,AMZN190118C01615000,,call,01/18/2019,11/29/2018,1615,128.86,121.5,124.15,9,135,0.3654,0.6372,0.0017,-329.6428,230.5889,AMZN190118C01615000
AMZN,1673.57,*,AMZN190118P01615000,,put,01/18/2019,11/29/2018,1615,54.23,56.4,58.55,3,117,0.3543,-0.3596,0.0017,-288.3792,230.0254,AMZN190118P01615000
AMZN,1673.57,*,AMZN190118C01620000,,call,01/18/2019,11/29/2018,1620,127.46,118.55,121.05,30,676,0.3648,0.6287,0.0017,-331.3379,232.3783,AMZN190118C01620000
AMZN,1673.57,*,AMZN190118P01620000,,put,01/18/2019,11/29/2018,1620,56.01,58.35,60.6,8,1272,0.354,-0.3685,0.0017,-290.2613,231.9141,AMZN190118P01620000
AMZN,1673.57,*,AMZN190118C01625000,,call,01/18/2019,11/29/2018,1625,127.4,115.45,118.7,68,646,0.3654,0.6199,0.0017,-333.959,234.1018,AMZN190118C01625000
AMZN,1673.57,*,AMZN190118P01625000,,put,01/18/2019,11/29/2018,1625,56.4,60.4,62.25,18,256,0.3529,-0.3772,0.0017,-291.2623,233.6561,AMZN190118P01625000
AMZN,1673.57,*,AMZN190118C01630000,,call,01/18/2019,11/29/2018,1630,120.7,112.3,115.45,15,176,0.3637,0.6114,0.0017,-334.3522,235.6379,AMZN190118C01630000
AMZN,1673.57,*,AMZN190118P01630000,,put,01/18/2019,11/29/2018,1630,60.18,62.05,64.45,6,258,0.3519,-0.3861,0.0018,-292.1947,235.2933,AMZN190118P01630000
AMZN,1673.57,*,AMZN190118C01635000,,call,01/18/2019,11/29/2018,1635,117.19,109.45,112.5,9,108,0.3632,0.6027,0.0017,-335.6659,237.1021,AMZN190118C01635000
AMZN,1673.57,*,AMZN190118P01635000,,put,01/18/2019,11/29/2018,1635,62.09,64.05,66.6,11,159,0.3514,-0.3951,0.0018,-293.4138,236.8301,AMZN190118P01635000
AMZN,1673.57,*,AMZN190118C01640000,,call,01/18/2019,11/29/2018,1640,111.88,106.4,109.45,32,382,0.3618,0.594,0.0017,-336.0124,238.4369,AMZN190118C01640000
AMZN,1673.57,*,AMZN190118P01640000,,put,01/18/2019,11/29/2018,1640,62.45,66.15,68.55,4,1008,0.3505,-0.4041,0.0018,-294.1081,238.2378,AMZN190118P01640000
AMZN,1673.57,*,AMZN190118C01645000,,call,01/18/2019,11/29/2018,1645,110.1,103.6,106.5,2,191,0.361,0.5852,0.0018,-336.7335,239.6707,AMZN190118C01645000
AMZN,1673.57,*,AMZN190118P01645000,,put,01/18/2019,11/29/2018,1645,65.5,68.15,70.5,11,191,0.3492,-0.4132,0.0018,-294.2769,239.5202,AMZN190118P01645000
AMZN,1673.57,*,AMZN190118C01650000,,call,01/18/2019,11/29/2018,1650,106,100.7,103.6,167,870,0.3599,0.5763,0.0018,-337.0215,240.7858,AMZN190118C01650000
AMZN,1673.57,*,AMZN190118P01650000,,put,01/18/2019,11/29/2018,1650,72.81,70.55,72.55,134,1523,0.3488,-0.4223,0.0018,-295.0811,240.6919,AMZN190118P01650000
AMZN,1673.57,*,AMZN190118C01655000,,call,01/18/2019,11/29/2018,1655,93.76,97.85,101,41,188,0.3593,0.5674,0.0018,-337.5893,241.7867,AMZN190118C01655000
AMZN,1673.57,*,AMZN190118P01655000,,put,01/18/2019,11/29/2018,1655,68.25,72.7,74.75,47,246,0.3479,-0.4316,0.0018,-295.2661,241.7317,AMZN190118P01655000
AMZN,1673.57,*,AMZN190118C01660000,,call,01/18/2019,11/29/2018,1660,103.8,95.25,98,57,2861,0.3583,0.5584,0.0018,-337.6313,242.6651,AMZN190118C01660000
AMZN,1673.57,*,AMZN190118P01660000,,put,01/18/2019,11/29/2018,1660,73.25,74.65,77.1,32,1408,0.3467,-0.4408,0.0018,-295.0094,242.6434,AMZN190118P01660000
AMZN,1673.57,*,AMZN190118C01665000,,call,01/18/2019,11/29/2018,1665,100.3,92.5,95.35,25,309,0.3575,0.5494,0.0018,-337.6823,243.4219,AMZN190118C01665000
AMZN,1673.57,*,AMZN190118P01665000,,put,01/18/2019,11/29/2018,1665,78,77.15,79.35,36,144,0.3463,-0.4501,0.0019,-295.2928,243.4263,AMZN190118P01665000
AMZN,1673.57,*,AMZN190118C01670000,,call,01/18/2019,11/29/2018,1670,95.55,89.95,92.6,75,215,0.3567,0.5403,0.0018,-337.5625,244.0545,AMZN190118C01670000
AMZN,1673.57,*,AMZN190118P01670000,,put,01/18/2019,11/29/2018,1670,81.3,79.25,81.9,27,531,0.3455,-0.4595,0.0019,-295.0426,244.0762,AMZN190118P01670000
AMZN,1673.57,*,AMZN190118C01675000,,call,01/18/2019,11/29/2018,1675,97.25,87.15,89.85,133,410,0.3552,0.5312,0.0018,-336.6432,244.5632,AMZN190118C01675000
AMZN,1673.57,*,AMZN190118P01675000,,put,01/18/2019,11/29/2018,1675,83.71,81.75,84.2,36,150,0.3448,-0.4689,0.0019,-294.7051,244.5919,AMZN190118P01675000
AMZN,1673.57,*,AMZN190118C01680000,,call,01/18/2019,11/29/2018,1680,91.23,85,87.35,158,2013,0.3554,0.5221,0.0018,-337.0778,244.94,AMZN190118C01680000
AMZN,1673.57,*,AMZN190118P01680000,,put,01/18/2019,11/29/2018,1680,82.85,84.1,86.65,20,1305,0.3439,-0.4783,0.0019,-294.0106,244.9726,AMZN190118P01680000
AMZN,1673.57,*,AMZN190118C01685000,,call,01/18/2019,11/29/2018,1685,85.5,82.15,84.85,73,323,0.3539,0.5129,0.0018,-335.8117,245.1932,AMZN190118C01685000
AMZN,1673.57,*,AMZN190118P01685000,,put,01/18/2019,11/29/2018,1685,86.09,86.45,89.2,9,255,0.3431,-0.4878,0.0019,-293.228,245.2163,AMZN190118P01685000
AMZN,1673.57,*,AMZN190118C01690000,,call,01/18/2019,11/29/2018,1690,87.64,79.85,82.4,87,599,0.3535,0.5038,0.0018,-335.3646,245.3144,AMZN190118C01690000
AMZN,1673.57,*,AMZN190118P01690000,,put,01/18/2019,11/29/2018,1690,89.8,88.95,91.75,17,616,0.3423,-0.4972,0.0019,-292.2676,245.3222,AMZN190118P01690000
AMZN,1673.57,*,AMZN190118C01700000,,call,01/18/2019,11/29/2018,1700,76,75.05,77.5,392,4238,0.3518,0.4854,0.0018,-333.1422,245.1675,AMZN190118C01700000
AMZN,1673.57,*,AMZN190118P01700000,,put,01/18/2019,11/29/2018,1700,90.45,94.2,97.1,20,3074,0.3414,-0.5161,0.0019,-290.454,245.1204,AMZN190118P01700000
AMZN,1673.57,*,AMZN190118C01710000,,call,01/18/2019,11/29/2018,1710,76.95,70.45,73.05,55,326,0.3506,0.467,0.0018,-330.6963,244.5009,AMZN190118C01710000
AMZN,1673.57,*,AMZN190118P01710000,,put,01/18/2019,11/29/2018,1710,100.05,99.65,102.55,5,487,0.3402,-0.535,0.0019,-287.6729,244.3675,AMZN190118P01710000
AMZN,1673.57,*,AMZN190118C01720000,,call,01/18/2019,11/29/2018,1720,75,66.25,68.3,59,624,0.3489,0.4486,0.0018,-327.1192,243.3061,AMZN190118C01720000
AMZN,1673.57,*,AMZN190118P01720000,,put,01/18/2019,11/29/2018,1720,104.23,105.15,108.25,5,482,0.3388,-0.5539,0.0019,-284.0214,243.0613,AMZN190118P01720000
AMZN,1673.57,*,AMZN190118C01730000,,call,01/18/2019,11/29/2018,1730,63,62,64.1,39,822,0.3475,0.4303,0.0018,-323.1642,241.5977,AMZN190118C01730000
AMZN,1673.57,*,AMZN190118P01730000,,put,01/18/2019,11/29/2018,1730,106.15,110.75,113.95,9,395,0.337,-0.5728,0.0019,-279.3182,241.191,AMZN190118P01730000
AMZN,1673.57,*,AMZN190118C01740000,,call,01/18/2019,11/29/2018,1740,58.99,58.1,60.05,30,1005,0.3464,0.4122,0.0018,-318.8615,239.3952,AMZN190118C01740000
AMZN,1673.57,*,AMZN190118P01740000,,put,01/18/2019,11/29/2018,1740,110.71,117.2,119.95,13,850,0.3368,-0.5911,0.0019,-275.4936,238.8605,AMZN190118P01740000
AMZN,1673.57,*,AMZN190118C01750000,,call,01/18/2019,11/29/2018,1750,55,54.35,55.5,433,1268,0.3438,0.3937,0.0018,-312.4888,236.5954,AMZN190118C01750000
AMZN,1673.57,*,AMZN190118P01750000,,put,01/18/2019,11/29/2018,1750,118.55,123.1,126.35,34,1647,0.3355,-0.6095,0.0019,-270.0019,235.964,AMZN190118P01750000
AMZN,1673.57,*,AMZN190118C01760000,,call,01/18/2019,11/29/2018,1760,53,50.85,52.6,67,1173,0.345,0.377,0.0018,-309.2652,233.6161,AMZN190118C01760000
AMZN,1673.57,*,AMZN190118P01760000,,put,01/18/2019,11/29/2018,1760,124.62,129.65,132.95,2,1015,0.3352,-0.6273,0.0018,-264.9133,232.6637,AMZN190118P01760000
AMZN,1673.57,*,AMZN190118C01770000,,call,01/18/2019,11/29/2018,1770,53.5,47.35,49.15,58,551,0.3434,0.3593,0.0018,-302.7428,229.9591,AMZN190118C01770000
AMZN,1673.57,*,AMZN190118P01770000,,put,01/18/2019,11/29/2018,1770,135.6,136.25,139.25,1,544,0.3338,-0.6453,0.0018,-258.1813,228.788,AMZN190118P01770000
AMZN,1673.57,*,AMZN190118C01780000,,call,01/18/2019,11/29/2018,1780,49.55,43.9,46,102,2003,0.3423,0.3422,0.0017,-296.2037,225.9161,AMZN190118C01780000
AMZN,1673.57,*,AMZN190118P01780000,,put,01/18/2019,11/29/2018,1780,140.05,142.7,146.2,5,1413,0.3326,-0.6629,0.0018,-251.1261,224.4757,AMZN190118P01780000
AMZN,1673.57,*,AMZN190118C01790000,,call,01/18/2019,11/29/2018,1790,44.5,41,42.75,36,879,0.3415,0.3255,0.0017,-289.5013,221.5146,AMZN190118C01790000
AMZN,1673.57,*,AMZN190118P01790000,,put,01/18/2019,11/29/2018,1790,146.9,149.8,153.4,4,548,0.3327,-0.6794,0.0017,-244.9565,219.9697,AMZN190118P01790000
AMZN,1673.57,*,AMZN190118C01800000,,call,01/18/2019,11/29/2018,1800,38.55,38.1,39,624,8147,0.3388,0.3079,0.0017,-280.343,216.3684,AMZN190118C01800000
AMZN,1673.57,*,AMZN190118P01800000,,put,01/18/2019,11/29/2018,1800,152.76,156.85,160.4,20,5560,0.3315,-0.6963,0.0017,-236.9986,214.862,AMZN190118P01800000
AMZN,1673.57,*,AMZN190118C01805000,,call,01/18/2019,11/29/2018,1805,40.15,36.7,38.55,22,329,0.3406,0.3013,0.0017,-278.979,214.2964,AMZN190118C01805000
AMZN,1673.57,*,AMZN190118P01805000,,put,01/18/2019,11/29/2018,1805,158,160.25,164.25,1,117,0.3312,-0.7044,0.0017,-233.1912,212.235,AMZN190118P01805000
AMZN,1673.57,*,AMZN190118C01810000,,call,01/18/2019,11/29/2018,1810,40.03,35.3,37.25,27,313,0.3403,0.2935,0.0016,-275.2841,211.7292,AMZN190118C01810000
AMZN,1673.57,*,AMZN190118P01810000,,put,01/18/2019,11/29/2018,1810,169.95,161.65,170.75,1,116,0.332,-0.7117,0.0017,-230.4939,209.7945,AMZN190118P01810000
AMZN,1673.57,*,AMZN190118C01815000,,call,01/18/2019,11/29/2018,1815,38.61,33.95,35.9,33,298,0.3399,0.2857,0.0016,-271.3947,209.0636,AMZN190118C01815000
AMZN,1673.57,*,AMZN190118P01815000,,put,01/18/2019,11/29/2018,1815,258.4,165,174.5,0,99,0.3309,-0.7201,0.0017,-225.6441,206.8234,AMZN190118P01815000
AMZN,1673.57,*,AMZN190118C01820000,,call,01/18/2019,11/29/2018,1820,38,32.7,34.6,278,1153,0.3396,0.278,0.0016,-267.5335,206.3502,AMZN190118C01820000
AMZN,1673.57,*,AMZN190118P01820000,,put,01/18/2019,11/29/2018,1820,305.35,168.75,177.3,0,495,0.3283,-0.7296,0.0016,-219.0379,203.3399,AMZN190118P01820000
AMZN,1673.57,*,AMZN190118C01825000,,call,01/18/2019,11/29/2018,1825,35.1,31.45,33.2,56,231,0.3389,0.2702,0.0016,-263.1533,203.462,AMZN190118C01825000
AMZN,1673.57,*,AMZN190118P01825000,,put,01/18/2019,11/29/2018,1825,265.74,172.3,180.95,0,71,0.3271,-0.7379,0.0016,-213.8832,200.122,AMZN190118P01825000
AMZN,1673.57,*,AMZN190118C01830000,,call,01/18/2019,11/29/2018,1830,33.8,30.2,32.05,25,393,0.3387,0.2629,0.0016,-259.2561,200.6418,AMZN190118C01830000
AMZN,1673.57,*,AMZN190118P01830000,,put,01/18/2019,11/29/2018,1830,182.2,176.35,185.7,10,140,0.3296,-0.7434,0.0016,-212.8133,197.9568,AMZN190118P01830000
AMZN,1673.57,*,AMZN190118C01835000,,call,01/18/2019,11/29/2018,1835,33.36,28.95,30.6,14,262,0.3375,0.2549,0.0015,-254.1694,197.465,AMZN190118C01835000
AMZN,1673.57,*,AMZN190118P01835000,,put,01/18/2019,11/29/2018,1835,264.39,180.5,189.6,0,95,0.3302,-0.7501,0.0016,-209.5714,195.2007,AMZN190118P01835000
AMZN,1673.57,*,AMZN190118C01840000,,call,01/18/2019,11/29/2018,1840,31.06,28,29.6,13,655,0.3381,0.2483,0.0015,-251.0516,194.7748,AMZN190118C01840000
AMZN,1673.57,*,AMZN190118P01840000,,put,01/18/2019,11/29/2018,1840,180.45,184,192.85,2,425,0.3272,-0.7595,0.0015,-202.1822,191.2049,AMZN190118P01840000
AMZN,1673.57,*,AMZN190118C01845000,,call,01/18/2019,11/29/2018,1845,31.3,26.9,28.35,10,379,0.337,0.2406,0.0015,-245.9526,191.4989,AMZN190118C01845000
AMZN,1673.57,*,AMZN190118P01845000,,put,01/18/2019,11/29/2018,1845,0,187.85,197.35,0,67,0.3281,-0.7658,0.0015,-199.1791,188.4547,AMZN190118P01845000
AMZN,1673.57,*,AMZN190118C01850000,,call,01/18/2019,11/29/2018,1850,26.17,25.85,27.4,108,996,0.3366,0.2336,0.0015,-241.5976,188.3939,AMZN190118C01850000
AMZN,1673.57,*,AMZN190118P01850000,,put,01/18/2019,11/29/2018,1850,193,192,200.75,0,250,0.3269,-0.7735,0.0015,-193.7234,184.9189,AMZN190118P01850000
AMZN,1673.57,*,AMZN190118C01855000,,call,01/18/2019,11/29/2018,1855,26.75,24.8,26.4,17,426,0.3363,0.2267,0.0015,-237.3134,185.2792,AMZN190118C01855000
AMZN,1673.57,*,AMZN190118P01855000,,put,01/18/2019,11/29/2018,1855,282.42,196,204.75,0,43,0.3266,-0.7805,0.0015,-189.2615,181.661,AMZN190118P01855000
AMZN,1673.57,*,AMZN190118C01860000,,call,01/18/2019,11/29/2018,1860,24.22,23.8,25.3,27,1928,0.3357,0.2197,0.0014,-232.6428,182.0132,AMZN190118C01860000
AMZN,1673.57,*,AMZN190118P01860000,,put,01/18/2019,11/29/2018,1860,315.9,200,208.8,0,619,0.3263,-0.7873,0.0014,-184.766,178.3664,AMZN190118P01860000
AMZN,1673.57,*,AMZN190118C01865000,,call,01/18/2019,11/29/2018,1865,25.5,22.85,24.4,6,173,0.3356,0.2133,0.0014,-228.519,178.8984,AMZN190118C01865000
AMZN,1673.57,*,AMZN190118P01865000,,put,01/18/2019,11/29/2018,1865,320.7,204.15,213.35,0,36,0.3276,-0.7926,0.0014,-182.1155,175.7003,AMZN190118P01865000
AMZN,1673.57,*,AMZN190118C01870000,,call,01/18/2019,11/29/2018,1870,24.57,21.95,23.3,7,200,0.3349,0.2065,0.0014,-223.6664,175.5164,AMZN190118C01870000
AMZN,1673.57,*,AMZN190118P01870000,,put,01/18/2019,11/29/2018,1870,281.61,208.15,217,0,198,0.3258,-0.8004,0.0014,-175.8129,171.7269,AMZN190118P01870000
AMZN,1673.57,*,AMZN190118C01875000,,call,01/18/2019,11/29/2018,1875,23.5,21.05,22.4,120,463,0.3346,0.2001,0.0014,-219.2576,172.2631,AMZN190118C01875000
AMZN,1673.57,*,AMZN190118P01875000,,put,01/18/2019,11/29/2018,1875,331.5,212.5,221.1,0,66,0.3262,-0.8062,0.0014,-172.0742,168.6585,AMZN190118P01875000
AMZN,1673.57,*,AMZN190118C01880000,,call,01/18/2019,11/29/2018,1880,22.9,20.15,21.6,33,933,0.3344,0.1939,0.0013,-214.9488,169.0298,AMZN190118C01880000
AMZN,1673.57,*,AMZN190118P01880000,,put,01/18/2019,11/29/2018,1880,227.35,216.5,225.3,1,737,0.3255,-0.8129,0.0013,-167.0263,165.088,AMZN190118P01880000
AMZN,1673.57,*,AMZN190118C01885000,,call,01/18/2019,11/29/2018,1885,20.95,19.3,20.85,5,221,0.3344,0.188,0.0013,-210.8642,165.8682,AMZN190118C01885000
AMZN,1673.57,*,AMZN190118P01885000,,put,01/18/2019,11/29/2018,1885,339.5,220.8,229.5,0,106,0.3256,-0.8187,0.0013,-162.9164,161.8656,AMZN190118P01885000
AMZN,1673.57,*,AMZN190118C01890000,,call,01/18/2019,11/29/2018,1890,21,18.55,19.4,22,253,0.3324,0.1807,0.0013,-204.4001,161.7849,AMZN190118C01890000
AMZN,1673.57,*,AMZN190118P01890000,,put,01/18/2019,11/29/2018,1890,306.44,225,234.35,0,143,0.3272,-0.8231,0.0013,-160.5864,159.3561,AMZN190118P01890000
AMZN,1673.57,*,AMZN190118C01895000,,call,01/18/2019,11/29/2018,1895,19,17.7,18.65,24,340,0.332,0.1747,0.0013,-199.8262,158.3989,AMZN190118C01895000
AMZN,1673.57,*,AMZN190118P01895000,,put,01/18/2019,11/29/2018,1895,240.4,229.15,238.65,2,128,0.3268,-0.8291,0.0013,-155.8855,155.9056,AMZN190118P01895000
AMZN,1673.57,*,AMZN190118C01900000,,call,01/18/2019,11/29/2018,1900,17.8,17.05,17.9,572,5508,0.3321,0.1693,0.0012,-195.8485,155.2444,AMZN190118C01900000
AMZN,1673.57,*,AMZN190118P01900000,,put,01/18/2019,11/29/2018,1900,230,233.5,242.95,4,2265,0.3269,-0.8345,0.0012,-151.7842,152.6965,AMZN190118P01900000
AMZN,1673.57,*,AMZN190118C01905000,,call,01/18/2019,11/29/2018,1905,18.1,16.25,17.6,36,357,0.333,0.1646,0.0012,-192.8302,152.4873,AMZN190118C01905000
AMZN,1673.57,*,AMZN190118P01905000,,put,01/18/2019,11/29/2018,1905,249.05,237.8,247.3,2,84,0.3269,-0.8398,0.0012,-147.5734,149.4435,AMZN190118P01905000
AMZN,1673.57,*,AMZN190118C01910000,,call,01/18/2019,11/29/2018,1910,18.7,15.7,16.55,20,335,0.3321,0.1587,0.0012,-187.6782,148.8509,AMZN190118C01910000
AMZN,1673.57,*,AMZN190118P01910000,,put,01/18/2019,11/29/2018,1910,363.4,242.15,251.65,0,71,0.3268,-0.8452,0.0012,-143.2568,146.1466,AMZN190118P01910000
AMZN,1673.57,*,AMZN190118C01915000,,call,01/18/2019,11/29/2018,1915,15.64,15,15.85,10,150,0.3317,0.1532,0.0012,-183.1355,145.4602,AMZN190118C01915000
AMZN,1673.57,*,AMZN190118P01915000,,put,01/18/2019,11/29/2018,1915,368.2,246.55,256.05,0,25,0.327,-0.8501,0.0012,-139.3141,143.0169,AMZN190118P01915000
AMZN,1673.57,*,AMZN190118C01920000,,call,01/18/2019,11/29/2018,1920,15,14.35,15.6,67,1176,0.3329,0.1492,0.0011,-180.5151,142.9064,AMZN190118C01920000
AMZN,1673.57,*,AMZN190118P01920000,,put,01/18/2019,11/29/2018,1920,249,250.8,260.6,3,1093,0.3269,-0.8552,0.0011,-135.0348,139.7438,AMZN190118P01920000
AMZN,1673.57,*,AMZN190118C01925000,,call,01/18/2019,11/29/2018,1925,15.57,13.85,15.05,24,195,0.3335,0.1448,0.0011,-177.1988,140.068,AMZN190118C01925000
AMZN,1673.57,*,AMZN190118P01925000,,put,01/18/2019,11/29/2018,1925,274.15,255.5,265.25,0,44,0.3288,-0.8585,0.0011,-133.153,137.5682,AMZN190118P01925000
AMZN,1673.57,*,AMZN190118C01930000,,call,01/18/2019,11/29/2018,1930,14.6,13.2,14.5,6,349,0.3333,0.1399,0.0011,-172.9537,136.828,AMZN190118C01930000
AMZN,1673.57,*,AMZN190118P01930000,,put,01/18/2019,11/29/2018,1930,382.85,259.75,269.65,0,243,0.3278,-0.864,0.0011,-127.8539,133.8507,AMZN190118P01930000
AMZN,1673.57,*,AMZN190118C01935000,,call,01/18/2019,11/29/2018,1935,14,12.65,13.85,3,186,0.3331,0.1351,0.0011,-168.7356,133.6032,AMZN190118C01935000
AMZN,1673.57,*,AMZN190118P01935000,,put,01/18/2019,11/29/2018,1935,328,264,273.4,0,55,0.3244,-0.8714,0.001,-119.76,128.7878,AMZN190118P01935000
AMZN,1673.57,*,AMZN190118C01940000,,call,01/18/2019,11/29/2018,1940,14,12.15,13.35,6,583,0.3334,0.1308,0.001,-165.1385,130.6705,AMZN190118C01940000
AMZN,1673.57,*,AMZN190118P01940000,,put,01/18/2019,11/29/2018,1940,396.32,269,278.65,0,191,0.3294,-0.8719,0.001,-121.6055,128.4585,AMZN190118P01940000
AMZN,1673.57,*,AMZN190118C01945000,,call,01/18/2019,11/29/2018,1945,12.85,11.6,12.8,2,138,0.3332,0.1262,0.001,-160.982,127.4875,AMZN190118C01945000
AMZN,1673.57,*,AMZN190118P01945000,,put,01/18/2019,11/29/2018,1945,361.6,273.5,283.15,0,50,0.3294,-0.8763,0.001,-117.5832,125.3615,AMZN190118P01945000
AMZN,1673.57,*,AMZN190118C01950000,,call,01/18/2019,11/29/2018,1950,12.33,11.15,12.15,42,1401,0.3329,0.1217,0.001,-156.7442,124.2711,AMZN190118C01950000
AMZN,1673.57,*,AMZN190118P01950000,,put,01/18/2019,11/29/2018,1950,278.26,278.1,288,1,108,0.331,-0.8793,0.001,-115.4704,123.2005,AMZN190118P01950000
AMZN,1673.57,*,AMZN190118C01955000,,call,01/18/2019,11/29/2018,1955,11.85,10.6,11.7,12,136,0.3328,0.1174,0.001,-152.7801,121.192,AMZN190118C01955000
AMZN,1673.57,*,AMZN190118P01955000,,put,01/18/2019,11/29/2018,1955,407.2,282.95,292.5,0,29,0.3325,-0.8823,0.001,-113.2662,121.0219,AMZN190118P01955000
AMZN,1673.57,*,AMZN190118C01960000,,call,01/18/2019,11/29/2018,1960,12.45,10.2,11.3,9,771,0.3334,0.1138,0.0009,-149.6706,118.5407,AMZN190118C01960000
AMZN,1673.57,*,AMZN190118P01960000,,put,01/18/2019,11/29/2018,1960,295.93,287.5,297.1,2,431,0.3327,-0.8862,0.0009,-109.5759,118.1413,AMZN190118P01960000
AMZN,1673.57,*,AMZN190118C01965000,,call,01/18/2019,11/29/2018,1965,12.05,9.8,10.85,14,117,0.3337,0.1101,0.0009,-146.2487,115.753,AMZN190118C01965000
AMZN,1673.57,*,AMZN190118P01965000,,put,01/18/2019,11/29/2018,1965,289.3,292.05,301.6,1,72,0.3324,-0.8904,0.0009,-105.3468,115.0057,AMZN190118P01965000
AMZN,1673.57,*,AMZN190118C01970000,,call,01/18/2019,11/29/2018,1970,11.29,9.3,10.1,11,344,0.3322,0.1051,0.0009,-140.7953,111.9589,AMZN190118C01970000
AMZN,1673.57,*,AMZN190118P01970000,,put,01/18/2019,11/29/2018,1970,385.77,296.9,306.5,0,97,0.3351,-0.8922,0.0009,-104.6199,113.6324,AMZN190118P01970000
AMZN,1673.57,*,AMZN190118C01975000,,call,01/18/2019,11/29/2018,1975,10.15,9,10,12,341,0.3342,0.1029,0.0009,-139.4109,110.2247,AMZN190118C01975000
AMZN,1673.57,*,AMZN190118P01975000,,put,01/18/2019,11/29/2018,1975,426.65,301.1,311,0,69,0.3324,-0.8979,0.0009,-97.7201,109.1789,AMZN190118P01975000
AMZN,1673.57,*,AMZN190118C01980000,,call,01/18/2019,11/29/2018,1980,9.9,8.55,9.35,58,678,0.3324,0.0979,0.0008,-133.7263,106.3192,AMZN190118C01980000
AMZN,1673.57,*,AMZN190118P01980000,,put,01/18/2019,11/29/2018,1980,337.4,306,315.6,0,381,0.3341,-0.9003,0.0008,-95.909,107.3114,AMZN190118P01980000
AMZN,1673.57,*,AMZN190118C01985000,,call,01/18/2019,11/29/2018,1985,10.04,8.25,9.3,5,256,0.3344,0.0959,0.0008,-132.407,104.668,AMZN190118C01985000
AMZN,1673.57,*,AMZN190118P01985000,,put,01/18/2019,11/29/2018,1985,436.65,310.6,320.5,0,35,0.3349,-0.9032,0.0008,-93.1064,104.9595,AMZN190118P01985000
AMZN,1673.57,*,AMZN190118C01990000,,call,01/18/2019,11/29/2018,1990,8.32,7.95,8.9,1,156,0.3347,0.0926,0.0008,-129.2012,102.0636,AMZN190118C01990000
AMZN,1673.57,*,AMZN190118P01990000,,put,01/18/2019,11/29/2018,1990,441.6,315.1,325,0,76,0.3334,-0.9078,0.0008,-87.7607,101.3021,AMZN190118P01990000
AMZN,1673.57,*,AMZN190118C01995000,,call,01/18/2019,11/29/2018,1995,8.85,7.55,8.2,6,250,0.3323,0.0876,0.0008,-123.0412,97.9122,AMZN190118C01995000
AMZN,1673.57,*,AMZN190118P01995000,,put,01/18/2019,11/29/2018,1995,413.98,320.15,330,0,91,0.3374,-0.9083,0.0008,-88.6213,100.8981,AMZN190118P01995000
AMZN,1673.57,*,AMZN190118C02000000,,call,01/18/2019,11/29/2018,2000,7.3,7.25,8.25,512,9669,0.3345,0.0859,0.0008,-122.0457,96.5056,AMZN190118C02000000
AMZN,1673.57,*,AMZN190118P02000000,,put,01/18/2019,11/29/2018,2000,316.78,325,334.6,131,3694,0.3385,-0.9107,0.0008,-86.2606,98.8391,AMZN190118P02000000
AMZN,1673.57,*,AMZN190118C02005000,,call,01/18/2019,11/29/2018,2005,7.65,6.95,7.9,5,387,0.3346,0.0829,0.0007,-118.7697,93.9051,AMZN190118C02005000
AMZN,1673.57,*,AMZN190118P02005000,,put,01/18/2019,11/29/2018,2005,477.37,329.55,339.5,0,15,0.3383,-0.9141,0.0008,-82.4993,96.0654,AMZN190118P02005000
AMZN,1673.57,*,AMZN190118C02010000,,call,01/18/2019,11/29/2018,2010,8,6.65,7.55,14,455,0.3346,0.0798,0.0007,-115.4382,91.2881,AMZN190118C02010000
AMZN,1673.57,*,AMZN190118P02010000,,put,01/18/2019,11/29/2018,2010,342.9,334.15,344,49,79,0.3367,-0.9182,0.0007,-77.2682,92.5166,AMZN190118P02010000
AMZN,1673.57,*,AMZN190118C02015000,,call,01/18/2019,11/29/2018,2015,7.5,6.4,7.25,7,104,0.335,0.0771,0.0007,-112.5921,88.9482,AMZN190118C02015000
AMZN,1673.57,*,AMZN190118P02015000,,put,01/18/2019,11/29/2018,2015,406.55,339.2,349,0,7,0.3408,-0.9185,0.0007,-78.2964,92.3191,AMZN190118P02015000
AMZN,1673.57,*,AMZN190118C02020000,,call,01/18/2019,11/29/2018,2020,7.6,6.15,6.8,15,281,0.3344,0.0739,0.0007,-108.7315,86.0665,AMZN190118C02020000
AMZN,1673.57,*,AMZN190118P02020000,,put,01/18/2019,11/29/2018,2020,503.55,344,353.65,0,37,0.3413,-0.9211,0.0007,-75.4336,90.0715,AMZN190118P02020000
AMZN,1673.57,*,AMZN190118C02025000,,call,01/18/2019,11/29/2018,2025,7.3,5.9,6.65,6,140,0.3354,0.0717,0.0007,-106.6239,84.1635,AMZN190118C02025000
AMZN,1673.57,*,AMZN190118P02025000,,put,01/18/2019,11/29/2018,2025,523.55,348.55,358.5,0,14,0.34,-0.9248,0.0007,-70.6937,86.8286,AMZN190118P02025000
AMZN,1673.57,*,AMZN190118C02030000,,call,01/18/2019,11/29/2018,2030,6.95,5.65,6.4,9,297,0.3357,0.0692,0.0006,-103.8237,81.8946,AMZN190118C02030000
AMZN,1673.57,*,AMZN190118P02030000,,put,01/18/2019,11/29/2018,2030,473.54,353.6,363.5,0,51,0.3441,-0.9249,0.0007,-71.7573,86.7257,AMZN190118P02030000
AMZN,1673.57,*,AMZN190118C02035000,,call,01/18/2019,11/29/2018,2035,5.65,5.4,6.05,37,137,0.3353,0.0664,0.0006,-100.3541,79.265,AMZN190118C02035000
AMZN,1673.57,*,AMZN190118P02035000,,put,01/18/2019,11/29/2018,2035,533.4,358.5,368.1,0,34,0.3449,-0.9271,0.0006,-69.3298,84.7661,AMZN190118P02035000
AMZN,1673.57,*,AMZN190118C02040000,,call,01/18/2019,11/29/2018,2040,5.85,5.2,5.85,4,161,0.336,0.0643,0.0006,-98.0721,77.3154,AMZN190118C02040000
AMZN,1673.57,*,AMZN190118P02040000,,put,01/18/2019,11/29/2018,2040,538.4,363.15,373,0,18,0.3445,-0.9299,0.0006,-65.6868,82.1659,AMZN190118P02040000
AMZN,1673.57,*,AMZN190118C02045000,,call,01/18/2019,11/29/2018,2045,5.55,4.95,5.6,3,107,0.3359,0.0617,0.0006,-95.0278,74.9498,AMZN190118C02045000
AMZN,1673.57,*,AMZN190118P02045000,,put,01/18/2019,11/29/2018,2045,518.29,368,377.75,0,19,0.3452,-0.9321,0.0006,-63.2461,80.23,AMZN190118P02045000
AMZN,1673.57,*,AMZN190118C02050000,,call,01/18/2019,11/29/2018,2050,5.85,4.75,5.4,20,1952,0.3364,0.0597,0.0006,-92.6413,72.9715,AMZN190118C02050000
AMZN,1673.57,*,AMZN190118P02050000,,put,01/18/2019,11/29/2018,2050,410.1,373,382.6,0,19,0.348,-0.9328,0.0006,-63.006,79.5082,AMZN190118P02050000
AMZN,1673.57,*,AMZN190118C02055000,,call,01/18/2019,11/29/2018,2055,5.65,4.55,5.2,4,195,0.3368,0.0576,0.0006,-90.2039,70.979,AMZN190118C02055000
AMZN,1673.57,*,AMZN190118P02055000,,put,01/18/2019,11/29/2018,2055,552.45,377.6,387.5,0,4,0.3462,-0.9363,0.0006,-58.0834,76.2514,AMZN190118P02055000
AMZN,1673.57,*,AMZN190118C02060000,,call,01/18/2019,11/29/2018,2060,4.9,4.35,5,8,289,0.3371,0.0555,0.0005,-87.7188,68.9733,AMZN190118C02060000
AMZN,1673.57,*,AMZN190118P02060000,,put,01/18/2019,11/29/2018,2060,380.8,382.5,392.5,0,25,0.3483,-0.9374,0.0006,-57.1793,75.2074,AMZN190118P02060000
AMZN,1673.57,*,AMZN190118C02065000,,call,01/18/2019,11/29/2018,2065,5.01,4.2,4.85,7,133,0.338,0.0539,0.0005,-85.8605,67.344,AMZN190118C02065000
AMZN,1673.57,*,AMZN190118P02065000,,put,01/18/2019,11/29/2018,2065,543.5,387.5,396.9,0,1,0.349,-0.9393,0.0006,-54.8937,73.4212,AMZN190118P02065000
AMZN,1673.57,*,AMZN190118C02070000,,call,01/18/2019,11/29/2018,2070,4.65,4,4.65,2,124,0.3381,0.0519,0.0005,-83.2816,65.3118,AMZN190118C02070000
AMZN,1673.57,*,AMZN190118P02070000,,put,01/18/2019,11/29/2018,2070,459,392.5,402.2,0,2,0.349,-0.9415,0.0005,-51.9581,71.2901,AMZN190118P02070000
AMZN,1673.57,*,AMZN190118C02075000,,call,01/18/2019,11/29/2018,2075,4.13,3.9,4.5,123,192,0.3392,0.0504,0.0005,-81.6939,63.8697,AMZN190118C02075000
AMZN,1673.57,*,AMZN190118P02075000,,put,01/18/2019,11/29/2018,2075,553.4,397.1,407,0,5,0.349,-0.9437,0.0005,-49.0791,69.2013,AMZN190118P02075000
AMZN,1673.57,*,AMZN190118C02080000,,call,01/18/2019,11/29/2018,2080,4.3,3.75,4.35,8,416,0.3399,0.0488,0.0005,-79.7684,62.2458,AMZN190118C02080000
AMZN,1673.57,*,AMZN190118P02080000,,put,01/18/2019,11/29/2018,2080,577.3,402.15,412,0,3,0.349,-0.9458,0.0005,-46.2569,67.1548,AMZN190118P02080000
AMZN,1673.57,*,AMZN190118C02085000,,call,01/18/2019,11/29/2018,2085,4.36,3.55,4.2,2,193,0.34,0.047,0.0005,-77.3359,60.3386,AMZN190118C02085000
AMZN,1673.57,*,AMZN190118P02085000,,put,01/18/2019,11/29/2018,2085,480.4,407.1,417,0,0,0.349,-0.9478,0.0005,-43.4913,65.1508,AMZN190118P02085000
AMZN,1673.57,*,AMZN190118C02090000,,call,01/18/2019,11/29/2018,2090,3.9,3.4,4.05,2,136,0.3405,0.0454,0.0005,-75.3182,58.6868,AMZN190118C02090000
AMZN,1673.57,*,AMZN190118P02090000,,put,01/18/2019,11/29/2018,2090,586.5,412.1,422,0,4,0.349,-0.9497,0.0005,-40.7823,63.189,AMZN190118P02090000
AMZN,1673.57,*,AMZN190118C02095000,,call,01/18/2019,11/29/2018,2095,3.8,3.25,3.9,1,61,0.3408,0.0437,0.0004,-73.1678,56.9692,AMZN190118C02095000
AMZN,1673.57,*,AMZN190118P02095000,,put,01/18/2019,11/29/2018,2095,426.2,417,426.65,0,0,0.349,-0.9516,0.0005,-38.1299,61.2695,AMZN190118P02095000
AMZN,1673.57,*,AMZN190118C02100000,,call,01/18/2019,11/29/2018,2100,4,3.15,3.5,259,5588,0.3394,0.0413,0.0004,-69.5885,54.4118,AMZN190118C02100000
AMZN,1673.57,*,AMZN190118P02100000,,put,01/18/2019,11/29/2018,2100,419.75,422,431.65,222,120,0.349,-0.9534,0.0004,-35.5336,59.3922,AMZN190118P02100000
AMZN,1673.57,*,AMZN190118C02105000,,call,01/18/2019,11/29/2018,2105,2.97,3.05,3.65,0,438,0.3427,0.0412,0.0004,-70.1351,54.3216,AMZN190118C02105000
AMZN,1673.57,*,AMZN190118P02105000,,put,01/18/2019,11/29/2018,2105,601.5,427,436.65,0,1,0.349,-0.9552,0.0004,-32.9934,57.5569,AMZN190118P02105000
AMZN,1673.57,*,AMZN190118C02110000,,call,01/18/2019,11/29/2018,2110,2.86,2.92,3.55,0,58,0.3434,0.0399,0.0004,-68.4545,52.9194,AMZN190118C02110000
AMZN,1673.57,*,AMZN190118P02110000,,put,01/18/2019,11/29/2018,2110,593.8,431.65,441.5,0,0,0.349,-0.9569,0.0004,-30.5089,55.7633,AMZN190118P02110000
AMZN,1673.57,*,AMZN190118C02115000,,call,01/18/2019,11/29/2018,2115,2.44,2.83,3.4,0,58,0.344,0.0386,0.0004,-66.7273,51.5014,AMZN190118C02115000
AMZN,1673.57,*,AMZN190118P02115000,,put,01/18/2019,11/29/2018,2115,616,436.6,446.5,0,0,0.349,-0.9585,0.0004,-28.0797,54.0113,AMZN190118P02115000
AMZN,1673.57,*,AMZN190118C02120000,,call,01/18/2019,11/29/2018,2120,2.9,2.72,3.3,1,138,0.3448,0.0374,0.0004,-65.2056,50.2172,AMZN190118C02120000
AMZN,1673.57,*,AMZN190118P02120000,,put,01/18/2019,11/29/2018,2120,540.5,441.75,451.5,0,0,0.349,-0.9601,0.0004,-25.7054,52.3005,AMZN190118P02120000
AMZN,1673.57,*,AMZN190118C02125000,,call,01/18/2019,11/29/2018,2125,2.67,2.53,3.2,0,51,0.3442,0.0357,0.0004,-62.5751,48.2808,AMZN190118C02125000
AMZN,1673.57,*,AMZN190118P02125000,,put,01/18/2019,11/29/2018,2125,449.88,446.55,456.5,0,0,0.349,-0.9617,0.0004,-23.3856,50.6306,AMZN190118P02125000
AMZN,1673.57,*,AMZN190118C02130000,,call,01/18/2019,11/29/2018,2130,2.72,2.53,3.1,2,53,0.346,0.035,0.0004,-61.9412,47.5504,AMZN190118C02130000
AMZN,1673.57,*,AMZN190118P02130000,,put,01/18/2019,11/29/2018,2130,394.8,451.65,461.5,0,1,0.349,-0.9631,0.0004,-21.1198,49.0014,AMZN190118P02130000
AMZN,1673.57,*,AMZN190118C02135000,,call,01/18/2019,11/29/2018,2135,1.56,2.39,3,0,80,0.3461,0.0337,0.0004,-59.969,46.0286,AMZN190118C02135000
AMZN,1673.57,*,AMZN190118P02135000,,put,01/18/2019,11/29/2018,2135,291.25,456.5,466.1,0,0,0.349,-0.9646,0.0004,-18.9075,47.4123,AMZN190118P02135000
AMZN,1673.57,*,AMZN190118C02140000,,call,01/18/2019,11/29/2018,2140,2.59,2.36,2.86,2,54,0.3471,0.0327,0.0003,-58.7491,44.9685,AMZN190118C02140000
AMZN,1673.57,*,AMZN190118P02140000,,put,01/18/2019,11/29/2018,2140,580.65,461.5,471.2,0,0,0.349,-0.966,0.0003,-16.7481,45.8631,AMZN190118P02140000
AMZN,1673.57,*,AMZN190118C02145000,,call,01/18/2019,11/29/2018,2145,2.5,2.26,2.79,1,44,0.3479,0.0317,0.0003,-57.4025,43.8424,AMZN190118C02145000
AMZN,1673.57,*,AMZN190118P02145000,,put,01/18/2019,11/29/2018,2145,292.05,466.5,476.15,0,0,0.349,-0.9673,0.0003,-14.6409,44.3532,AMZN190118P02145000
AMZN,1673.57,*,AMZN190118C02150000,,call,01/18/2019,11/29/2018,2150,2.55,2.17,2.74,6,620,0.3489,0.0308,0.0003,-56.2394,42.8365,AMZN190118C02150000
AMZN,1673.57,*,AMZN190118P02150000,,put,01/18/2019,11/29/2018,2150,484.04,471.5,481.05,0,0,0.349,-0.9686,0.0003,-12.5854,42.8823,AMZN190118P02150000
AMZN,1673.57,*,AMZN190118C02155000,,call,01/18/2019,11/29/2018,2155,4.76,2.13,2.64,0,41,0.35,0.03,0.0003,-55.178,41.9014,AMZN190118C02155000
AMZN,1673.57,*,AMZN190118P02155000,,put,01/18/2019,11/29/2018,2155,520.5,476.5,486.1,0,0,0.349,-0.9698,0.0003,-10.5809,41.4498,AMZN190118P02155000
AMZN,1673.57,*,AMZN190118C02160000,,call,01/18/2019,11/29/2018,2160,1.33,2.02,2.58,0,98,0.35,0.0288,0.0003,-53.3264,40.4997,AMZN190118C02160000
AMZN,1673.57,*,AMZN190118P02160000,,put,01/18/2019,11/29/2018,2160,540.6,481.5,491.1,0,0,0.349,-0.971,0.0003,-8.6267,40.0552,AMZN190118P02160000
AMZN,1673.57,*,AMZN190118C02165000,,call,01/18/2019,11/29/2018,2165,1.31,1.97,2.51,0,52,0.3512,0.0281,0.0003,-52.3956,39.6619,AMZN190118C02165000
AMZN,1673.57,*,AMZN190118P02165000,,put,01/18/2019,11/29/2018,2165,350,486.5,496.25,0,2,0.349,-0.9722,0.0003,-6.7221,38.698,AMZN190118P02165000
AMZN,1673.57,*,AMZN190118C02170000,,call,01/18/2019,11/29/2018,2170,1.28,1.85,2.44,0,37,0.3513,0.027,0.0003,-50.6966,38.3691,AMZN190118C02170000
AMZN,1673.57,*,AMZN190118P02170000,,put,01/18/2019,11/29/2018,2170,543.27,491.5,501.25,0,1,0.349,-0.9733,0.0003,-4.8663,37.3776,AMZN190118P02170000
AMZN,1673.57,*,AMZN190118C02175000,,call,01/18/2019,11/29/2018,2175,2.17,1.87,2.37,1,101,0.3533,0.0266,0.0003,-50.3837,37.9215,AMZN190118C02175000
AMZN,1673.57,*,AMZN190118P02175000,,put,01/18/2019,11/29/2018,2175,668.89,496.5,506.25,0,4,0.349,-0.9744,0.0003,-3.0586,36.0936,AMZN190118P02175000
AMZN,1673.57,*,AMZN190118C02180000,,call,01/18/2019,11/29/2018,2180,2.28,1.83,2.31,6,176,0.3545,0.026,0.0003,-49.5176,37.1479,AMZN190118C02180000
AMZN,1673.57,*,AMZN190118P02180000,,put,01/18/2019,11/29/2018,2180,373.95,501.5,511.05,0,0,0.349,-0.9754,0.0003,-1.2983,34.8453,AMZN190118P02180000
AMZN,1673.57,*,AMZN190118C02185000,,call,01/18/2019,11/29/2018,2185,3.1,1.75,2.35,0,80,0.3564,0.0256,0.0003,-49.1576,36.686,AMZN190118C02185000
AMZN,1673.57,*,AMZN190118P02185000,,put,01/18/2019,11/29/2018,2185,428.6,506.5,515.95,0,0,0.349,-0.9764,0.0003,0.4155,33.6321,AMZN190118P02185000
AMZN,1673.57,*,AMZN190118C02190000,,call,01/18/2019,11/29/2018,2190,2.04,1.71,2.25,2,50,0.3571,0.0248,0.0003,-47.9809,35.7416,AMZN190118C02190000
AMZN,1673.57,*,AMZN190118P02190000,,put,01/18/2019,11/29/2018,2190,404.1,511.5,521.25,0,0,0.349,-0.9773,0.0002,2.0836,32.4535,AMZN190118P02190000
AMZN,1673.57,*,AMZN190118C02195000,,call,01/18/2019,11/29/2018,2195,1.69,1.67,2.2,1,32,0.3583,0.0242,0.0003,-47.1709,35.0245,AMZN190118C02195000
AMZN,1673.57,*,AMZN190118P02195000,,put,01/18/2019,11/29/2018,2195,688.92,516.5,526.1,0,0,0.349,-0.9783,0.0002,3.7068,31.3089,AMZN190118P02195000
AMZN,1673.57,*,AMZN190118C02200000,,call,01/18/2019,11/29/2018,2200,1.8,1.62,2.12,35,1678,0.359,0.0235,0.0003,-46.045,34.1255,AMZN190118C02200000
AMZN,1673.57,*,AMZN190118P02200000,,put,01/18/2019,11/29/2018,2200,692.91,521.5,531.1,0,1,0.349,-0.9791,0.0002,5.2859,30.1976,AMZN190118P02200000
AMZN,1673.57,*,AMZN190118C02205000,,call,01/18/2019,11/29/2018,2205,1.25,1.57,1.98,0,58,0.3587,0.0225,0.0002,-44.2918,32.8567,AMZN190118C02205000
AMZN,1673.57,*,AMZN190118P02205000,,put,01/18/2019,11/29/2018,2205,388.6,526.5,536.1,0,0,0.349,-0.98,0.0002,6.8217,29.1189,AMZN190118P02205000
AMZN,1673.57,*,AMZN190118C02210000,,call,01/18/2019,11/29/2018,2210,1.1,1.53,2.03,0,109,0.3613,0.0224,0.0002,-44.458,32.7468,AMZN190118C02210000
AMZN,1673.57,*,AMZN190118P02210000,,put,01/18/2019,11/29/2018,2210,390.25,531.5,541.1,0,0,0.349,-0.9808,0.0002,8.3151,28.0724,AMZN190118P02210000
AMZN,1673.57,*,AMZN190118C02215000,,call,01/18/2019,11/29/2018,2215,1.79,1.49,2,0,23,0.3626,0.0219,0.0002,-43.7879,32.1412,AMZN190118C02215000
AMZN,1673.57,*,AMZN190118P02215000,,put,01/18/2019,11/29/2018,2215,710.2,536.5,546.1,0,1,0.349,-0.9816,0.0002,9.767,27.0573,AMZN190118P02215000
AMZN,1673.57,*,AMZN190118C02220000,,call,01/18/2019,11/29/2018,2220,1.52,1.45,1.87,0,90,0.3625,0.021,0.0002,-42.2469,31.0214,AMZN190118C02220000
AMZN,1673.57,*,AMZN190118P02220000,,put,01/18/2019,11/29/2018,2220,716.59,541.5,551.25,0,0,0.349,-0.9824,0.0002,11.1782,26.073,AMZN190118P02220000
AMZN,1673.57,*,AMZN190118C02225000,,call,01/18/2019,11/29/2018,2225,3,1.41,1.94,0,53,0.3652,0.0209,0.0002,-42.4931,30.9753,AMZN190118C02225000
AMZN,1673.57,*,AMZN190118P02225000,,put,01/18/2019,11/29/2018,2225,403.95,546.5,556.15,0,1,0.349,-0.9831,0.0002,12.5496,25.1189,AMZN190118P02225000
AMZN,1673.57,*,AMZN190118C02230000,,call,01/18/2019,11/29/2018,2230,1.05,1.37,1.76,0,162,0.3642,0.0198,0.0002,-40.4491,29.5686,AMZN190118C02230000
AMZN,1673.57,*,AMZN190118P02230000,,put,01/18/2019,11/29/2018,2230,708.74,551.5,561,0,0,0.349,-0.9838,0.0002,13.8819,24.1944,AMZN190118P02230000
AMZN,1673.57,*,AMZN190118C02235000,,call,01/18/2019,11/29/2018,2235,0,1.25,1.72,0,40,0.3637,0.0189,0.0002,-38.7737,28.3851,AMZN190118C02235000
AMZN,1673.57,*,AMZN190118P02235000,,put,01/18/2019,11/29/2018,2235,667.2,556.5,566.2,0,0,0.349,-0.9845,0.0002,15.1762,23.2987,AMZN190118P02235000
AMZN,1673.57,*,AMZN190118C02240000,,call,01/18/2019,11/29/2018,2240,1.3,1.17,1.68,0,35,0.3639,0.0182,0.0002,-37.5591,27.4833,AMZN190118C02240000
AMZN,1673.57,*,AMZN190118P02240000,,put,01/18/2019,11/29/2018,2240,624.85,561.5,570.95,0,0,0.349,-0.9851,0.0002,16.4331,22.4312,AMZN190118P02240000
AMZN,1673.57,*,AMZN190118C02245000,,call,01/18/2019,11/29/2018,2245,1.49,1.2,1.65,0,148,0.3663,0.0181,0.0002,-37.6471,27.3703,AMZN190118C02245000
AMZN,1673.57,*,AMZN190118P02245000,,put,01/18/2019,11/29/2018,2245,651.6,566.5,576.1,0,0,0.349,-0.9857,0.0002,17.6537,21.5913,AMZN190118P02245000
AMZN,1673.57,*,AMZN190118C02250000,,call,01/18/2019,11/29/2018,2250,1.39,1.17,1.6,1,645,0.3672,0.0176,0.0002,-36.8731,26.7444,AMZN190118C02250000
AMZN,1673.57,*,AMZN190118P02250000,,put,01/18/2019,11/29/2018,2250,746.78,571.5,581.1,0,0,0.349,-0.9863,0.0002,18.8387,20.7784,AMZN190118P02250000
AMZN,1673.57,*,AMZN190118C02255000,,call,01/18/2019,11/29/2018,2255,1.11,1.07,1.57,0,123,0.3669,0.0168,0.0002,-35.4426,25.7299,AMZN190118C02255000
AMZN,1673.57,*,AMZN190118P02255000,,put,01/18/2019,11/29/2018,2255,749.26,576.5,586.1,0,0,0.349,-0.9869,0.0002,19.989,19.9918,AMZN190118P02255000
AMZN,1673.57,*,AMZN190118C02260000,,call,01/18/2019,11/29/2018,2260,1.22,1.08,1.53,2,173,0.3688,0.0166,0.0002,-35.2685,25.4742,AMZN190118C02260000
AMZN,1673.57,*,AMZN190118P02260000,,put,01/18/2019,11/29/2018,2260,316.3,581.5,591,0,0,0.349,-0.9875,0.0001,21.1055,19.2309,AMZN190118P02260000
AMZN,1673.57,*,AMZN190118C02265000,,call,01/18/2019,11/29/2018,2265,0.82,1.03,1.5,0,48,0.3694,0.0161,0.0002,-34.3857,24.7984,AMZN190118C02265000
AMZN,1673.57,*,AMZN190118P02265000,,put,01/18/2019,11/29/2018,2265,0,586.5,596.05,0,0,0.349,-0.988,0.0001,22.1889,18.4951,AMZN190118P02265000
AMZN,1673.57,*,AMZN190118C02270000,,call,01/18/2019,11/29/2018,2270,1.18,0.99,1.47,0,36,0.3703,0.0157,0.0002,-33.6865,24.2373,AMZN190118C02270000
AMZN,1673.57,*,AMZN190118P02270000,,put,01/18/2019,11/29/2018,2270,764.3,591.5,601.1,0,0,0.349,-0.9885,0.0001,23.2401,17.7836,AMZN190118P02270000
AMZN,1673.57,*,AMZN190118C02275000,,call,01/18/2019,11/29/2018,2275,0.73,0.94,1.44,0,34,0.3708,0.0152,0.0002,-32.7922,23.564,AMZN190118C02275000
AMZN,1673.57,*,AMZN190118P02275000,,put,01/18/2019,11/29/2018,2275,0,596.5,606.15,0,0,0.349,-0.989,0.0001,24.26,17.096,AMZN190118P02275000
AMZN,1673.57,*,AMZN190118C02280000,,call,01/18/2019,11/29/2018,2280,0.8,0.91,1.4,0,59,0.3716,0.0148,0.0002,-32.0768,23.0023,AMZN190118C02280000
AMZN,1673.57,*,AMZN190118P02280000,,put,01/18/2019,11/29/2018,2280,776.81,601.5,611.1,0,0,0.349,-0.9894,0.0001,25.2493,16.4316,AMZN190118P02280000
AMZN,1673.57,*,AMZN190118C02285000,,call,01/18/2019,11/29/2018,2285,2.82,0.87,1.37,0,50,0.3723,0.0143,0.0002,-31.3277,22.4248,AMZN190118C02285000
AMZN,1673.57,*,AMZN190118P02285000,,put,01/18/2019,11/29/2018,2285,339.95,606.5,616.1,0,0,0.349,-0.9899,0.0001,26.2088,15.7897,AMZN190118P02285000
AMZN,1673.57,*,AMZN190118C02290000,,call,01/18/2019,11/29/2018,2290,1.1,0.82,1.54,0,27,0.3723,0.0138,0.0002,-30.2461,21.6522,AMZN190118C02290000
AMZN,1673.57,*,AMZN190118P02290000,,put,01/18/2019,11/29/2018,2290,0,611.5,621.05,0,0,0.349,-0.9903,0.0001,27.1394,15.1699,AMZN190118P02290000
AMZN,1673.57,*,AMZN190118C02295000,,call,01/18/2019,11/29/2018,2295,1.99,0.82,1.33,0,44,0.3723,0.0132,0.0001,-29.1967,20.9025,AMZN190118C02295000
AMZN,1673.57,*,AMZN190118P02295000,,put,01/18/2019,11/29/2018,2295,775.31,616.5,626,0,4,0.349,-0.9907,0.0001,28.0419,14.5714,AMZN190118P02295000
AMZN,1673.57,*,AMZN190118C02300000,,call,01/18/2019,11/29/2018,2300,1.1,0.98,1.1,2,1073,0.3723,0.0127,0.0001,-28.1787,20.1752,AMZN190118C02300000
AMZN,1673.57,*,AMZN190118P02300000,,put,01/18/2019,11/29/2018,2300,865.8,621.5,631.1,0,1,0.349,-0.9911,0.0001,28.9169,13.9938,AMZN190118P02300000
AMZN,1673.57,*,AMZN190118C02305000,,call,01/18/2019,11/29/2018,2305,2.5,0.75,1.49,0,32,0.3723,0.0122,0.0001,-27.1915,19.4698,AMZN190118C02305000
AMZN,1673.57,*,AMZN190118P02305000,,put,01/18/2019,11/29/2018,2305,790.35,626.5,636.1,0,0,0.349,-0.9915,0.0001,29.7654,13.4363,AMZN190118P02305000
AMZN,1673.57,*,AMZN190118C02310000,,call,01/18/2019,11/29/2018,2310,0.82,0.74,1.42,0,154,0.3723,0.0117,0.0001,-26.2344,18.7858,AMZN190118C02310000
AMZN,1673.57,*,AMZN190118P02310000,,put,01/18/2019,11/29/2018,2310,790.59,631.5,641.2,0,0,0.349,-0.9919,0.0001,30.588,12.8986,AMZN190118P02310000
AMZN,1673.57,*,AMZN190118C02315000,,call,01/18/2019,11/29/2018,2315,0.64,0.67,1.43,0,23,0.3723,0.0112,0.0001,-25.3066,18.1227,AMZN190118C02315000
AMZN,1673.57,*,AMZN190118P02315000,,put,01/18/2019,11/29/2018,2315,323.25,636.5,646.2,0,0,0.349,-0.9922,0.0001,31.3854,12.3799,AMZN190118P02315000
AMZN,1673.57,*,AMZN190118C02320000,,call,01/18/2019,11/29/2018,2320,0.74,0.68,1.4,0,204,0.3723,0.0108,0.0001,-24.4074,17.4801,AMZN190118C02320000
AMZN,1673.57,*,AMZN190118P02320000,,put,01/18/2019,11/29/2018,2320,489.5,641.5,651.15,0,1,0.349,-0.9925,0.0001,32.1585,11.8798,AMZN190118P02320000
AMZN,1673.57,*,AMZN190118C02325000,,call,01/18/2019,11/29/2018,2325,1.1,0.86,1.19,1,23,0.3723,0.0103,0.0001,-23.5363,16.8573,AMZN190118C02325000
AMZN,1673.57,*,AMZN190118P02325000,,put,01/18/2019,11/29/2018,2325,494.3,646.5,656.1,0,0,0.349,-0.9929,0.0001,32.9078,11.3976,AMZN190118P02325000
AMZN,1673.57,*,AMZN190118C02330000,,call,01/18/2019,11/29/2018,2330,0.95,0.62,1.37,0,58,0.3723,0.0099,0.0001,-22.6924,16.254,AMZN190118C02330000
AMZN,1673.57,*,AMZN190118P02330000,,put,01/18/2019,11/29/2018,2330,0,651.5,661.1,0,0,0.349,-0.9932,0.0001,33.6343,10.933,AMZN190118P02330000
AMZN,1673.57,*,AMZN190118C02335000,,call,01/18/2019,11/29/2018,2335,1.4,0.61,1.37,0,24,0.3723,0.0095,0.0001,-21.8751,15.6697,AMZN190118C02335000
AMZN,1673.57,*,AMZN190118P02335000,,put,01/18/2019,11/29/2018,2335,529.25,656.5,666.1,0,0,0.349,-0.9934,0.0001,34.3384,10.4853,AMZN190118P02335000
AMZN,1673.57,*,AMZN190118C02340000,,call,01/18/2019,11/29/2018,2340,0.9,0.56,1.31,0,19,0.3723,0.0091,0.0001,-21.0837,15.1038,AMZN190118C02340000
AMZN,1673.57,*,AMZN190118P02340000,,put,01/18/2019,11/29/2018,2340,513.25,661.5,671.1,0,0,0.349,-0.9937,0.0001,35.0209,10.054,AMZN190118P02340000
AMZN,1673.57,*,AMZN190118C02345000,,call,01/18/2019,11/29/2018,2345,0.83,0.57,1.27,1,36,0.3723,0.0087,0.0001,-20.3177,14.556,AMZN190118C02345000
AMZN,1673.57,*,AMZN190118P02345000,,put,01/18/2019,11/29/2018,2345,398.75,666.5,676.1,0,1,0.349,-0.994,0.0001,35.6825,9.6387,AMZN190118P02345000
AMZN,1673.57,*,AMZN190118C02350000,,call,01/18/2019,11/29/2018,2350,0.58,0.55,1.27,0,134,0.3723,0.0084,0.0001,-19.5763,14.0258,AMZN190118C02350000
AMZN,1673.57,*,AMZN190118P02350000,,put,01/18/2019,11/29/2018,2350,438.5,671.5,681.15,0,1,0.349,-0.9942,0.0001,36.3238,9.2388,AMZN190118P02350000
AMZN,1673.57,*,AMZN190118C02355000,,call,01/18/2019,11/29/2018,2355,0.81,0.51,1.28,0,15,0.3723,0.008,0.0001,-18.8589,13.5127,AMZN190118C02355000
AMZN,1673.57,*,AMZN190118P02355000,,put,01/18/2019,11/29/2018,2355,442.9,676.5,686.2,0,1,0.349,-0.9945,0.0001,36.9454,8.8538,AMZN190118P02355000
AMZN,1673.57,*,AMZN190118C02360000,,call,01/18/2019,11/29/2018,2360,1.45,0.51,1.26,0,19,0.3723,0.0077,0.0001,-18.1649,13.0162,AMZN190118C02360000
AMZN,1673.57,*,AMZN190118P02360000,,put,01/18/2019,11/29/2018,2360,691.2,681.5,691.15,0,0,0.349,-0.9947,0.0001,37.548,8.4834,AMZN190118P02360000
AMZN,1673.57,*,AMZN190118C02365000,,call,01/18/2019,11/29/2018,2365,1.45,0.51,1.04,0,44,0.3723,0.0074,0.0001,-17.4936,12.536,AMZN190118C02365000
AMZN,1673.57,*,AMZN190118P02365000,,put,01/18/2019,11/29/2018,2365,685.65,686.5,696.1,1,0,0.349,-0.9949,0.0001,38.1322,8.1269,AMZN190118P02365000
AMZN,1673.57,*,AMZN190118C02370000,,call,01/18/2019,11/29/2018,2370,0.88,0.49,1.03,0,74,0.3723,0.0071,0.0001,-16.8444,12.0716,AMZN190118C02370000
AMZN,1673.57,*,AMZN190118P02370000,,put,01/18/2019,11/29/2018,2370,693.5,691.5,701.1,0,1,0.349,-0.9952,0.0001,38.6986,7.7841,AMZN190118P02370000
AMZN,1673.57,*,AMZN190118C02375000,,call,01/18/2019,11/29/2018,2375,0.75,0.51,1.01,0,52,0.3723,0.0068,0.0001,-16.2168,11.6226,AMZN190118C02375000
AMZN,1673.57,*,AMZN190118P02375000,,put,01/18/2019,11/29/2018,2375,740,696.5,706.1,0,1,0.349,-0.9954,0.0001,39.2477,7.4543,AMZN190118P02375000
AMZN,1673.57,*,AMZN190118C02380000,,call,01/18/2019,11/29/2018,2380,0.76,0.5,0.99,1,22,0.3723,0.0065,0.0001,-15.6102,11.1885,AMZN190118C02380000
AMZN,1673.57,*,AMZN190118P02380000,,put,01/18/2019,11/29/2018,2380,850.95,701.5,711.1,0,1,0.349,-0.9956,0.0001,39.7801,7.1373,AMZN190118P02380000
AMZN,1673.57,*,AMZN190118C02385000,,call,01/18/2019,11/29/2018,2385,0.99,0.65,0.98,0,28,0.3723,0.0062,0.0001,-15.0239,10.7689,AMZN190118C02385000
AMZN,1673.57,*,AMZN190118P02385000,,put,01/18/2019,11/29/2018,2385,750,706.5,716.05,0,1,0.349,-0.9957,0.0001,40.2965,6.8325,AMZN190118P02385000
AMZN,1673.57,*,AMZN190118C02390000,,call,01/18/2019,11/29/2018,2390,0.65,0.48,0.96,0,69,0.3723,0.0059,0.0001,-14.4574,10.3635,AMZN190118C02390000
AMZN,1673.57,*,AMZN190118P02390000,,put,01/18/2019,11/29/2018,2390,564,711.55,721.3,0,0,0.349,-0.9959,0,40.7972,6.5396,AMZN190118P02390000
AMZN,1673.57,*,AMZN190118C02395000,,call,01/18/2019,11/29/2018,2395,0.73,0.57,0.95,1,30,0.3723,0.0057,0.0001,-13.9102,9.9718,AMZN190118C02395000
AMZN,1673.57,*,AMZN190118P02395000,,put,01/18/2019,11/29/2018,2395,0,716.5,726,0,2,0.349,-0.9961,0,41.2829,6.2582,AMZN190118P02395000
AMZN,1673.57,*,AMZN190118C02400000,,call,01/18/2019,11/29/2018,2400,0.78,0.46,0.97,12,1107,0.3723,0.0054,0.0001,-13.3816,9.5935,AMZN190118C02400000
AMZN,1673.57,*,AMZN190118P02400000,,put,01/18/2019,11/29/2018,2400,880.69,721.5,731.1,0,1,0.349,-0.9963,0,41.7541,5.9878,AMZN190118P02400000
AMZN,1673.57,*,AMZN190118C02405000,,call,01/18/2019,11/29/2018,2405,0.4,0.42,0.93,0,26,0.3723,0.0052,0.0001,-12.8712,9.2281,AMZN190118C02405000
AMZN,1673.57,*,AMZN190118P02405000,,put,01/18/2019,11/29/2018,2405,687.42,726.5,736.2,0,0,0.349,-0.9964,0,42.2112,5.7282,AMZN190118P02405000
AMZN,1673.57,*,AMZN190118C02410000,,call,01/18/2019,11/29/2018,2410,3.95,0.4,0.91,0,26,0.3723,0.005,0.0001,-12.3784,8.8753,AMZN190118C02410000
AMZN,1673.57,*,AMZN190118P02410000,,put,01/18/2019,11/29/2018,2410,904.06,731.5,741.2,0,2,0.349,-0.9966,0,42.6548,5.4789,AMZN190118P02410000
AMZN,1673.57,*,AMZN190118C02415000,,call,01/18/2019,11/29/2018,2415,3.2,0.39,0.9,0,22,0.3723,0.0048,0.0001,-11.9028,8.5347,AMZN190118C02415000
AMZN,1673.57,*,AMZN190118P02415000,,put,01/18/2019,11/29/2018,2415,899.61,736.5,746.15,0,0,0.349,-0.9967,0,43.0853,5.2395,AMZN190118P02415000
AMZN,1673.57,*,AMZN190118C02420000,,call,01/18/2019,11/29/2018,2420,0.78,0.38,0.89,4,216,0.3723,0.0046,0.0001,-11.4437,8.206,AMZN190118C02420000
AMZN,1673.57,*,AMZN190118P02420000,,put,01/18/2019,11/29/2018,2420,904.64,741.5,751.1,0,0,0.349,-0.9968,0,43.5032,5.0097,AMZN190118P02420000
AMZN,1673.57,*,AMZN190118C02425000,,call,01/18/2019,11/29/2018,2425,0.74,0.37,0.88,0,28,0.3723,0.0044,0.0001,-11.0007,7.8888,AMZN190118C02425000
AMZN,1673.57,*,AMZN190118P02425000,,put,01/18/2019,11/29/2018,2425,0,746.5,756.15,0,3,0.349,-0.997,0,43.9089,4.7893,AMZN190118P02425000
AMZN,1673.57,*,AMZN190118C02430000,,call,01/18/2019,11/29/2018,2430,0.6,0.37,0.73,1,13,0.3723,0.0042,0.0001,-10.5733,7.5827,AMZN190118C02430000
AMZN,1673.57,*,AMZN190118P02430000,,put,01/18/2019,11/29/2018,2430,0,751.5,761.15,0,0,0.349,-0.9971,0,44.3029,4.5778,AMZN190118P02430000
AMZN,1673.57,*,AMZN190118C02435000,,call,01/18/2019,11/29/2018,2435,0.65,0.35,0.86,0,10,0.3723,0.004,0.0001,-10.1611,7.2875,AMZN190118C02435000
AMZN,1673.57,*,AMZN190118P02435000,,put,01/18/2019,11/29/2018,2435,0,756.5,766.15,0,0,0.349,-0.9972,0,44.6856,4.3749,AMZN190118P02435000
AMZN,1673.57,*,AMZN190118C02440000,,call,01/18/2019,11/29/2018,2440,1.11,0.34,0.85,0,23,0.3723,0.0038,0,-9.7635,7.0027,AMZN190118C02440000
AMZN,1673.57,*,AMZN190118P02440000,,put,01/18/2019,11/29/2018,2440,889.6,761.5,771.2,0,5,0.349,-0.9973,0,45.0574,4.1803,AMZN190118P02440000
AMZN,1673.57,*,AMZN190118C02445000,,call,01/18/2019,11/29/2018,2445,0.62,0.33,0.84,0,25,0.3723,0.0037,0,-9.3802,6.7282,AMZN190118C02445000
AMZN,1673.57,*,AMZN190118P02445000,,put,01/18/2019,11/29/2018,2445,941.23,766.5,776.15,0,0,0.349,-0.9974,0,45.4186,3.9937,AMZN190118P02445000
AMZN,1673.57,*,AMZN190118C02450000,,call,01/18/2019,11/29/2018,2450,0.62,0.33,0.83,0,72,0.3723,0.0035,0,-9.0107,6.4635,AMZN190118C02450000
AMZN,1673.57,*,AMZN190118P02450000,,put,01/18/2019,11/29/2018,2450,816,771.5,781.15,0,1,0.349,-0.9975,0,45.7698,3.8148,AMZN190118P02450000
AMZN,1673.57,*,AMZN190118C02455000,,call,01/18/2019,11/29/2018,2455,1.4,0.31,0.82,0,23,0.3723,0.0033,0,-8.6545,6.2083,AMZN190118C02455000
AMZN,1673.57,*,AMZN190118P02455000,,put,01/18/2019,11/29/2018,2455,434.85,776.5,786.15,0,0,0.349,-0.9976,0,46.1112,3.6434,AMZN190118P02455000
AMZN,1673.57,*,AMZN190118C02460000,,call,01/18/2019,11/29/2018,2460,0.48,0.3,0.82,0,23,0.3723,0.0032,0,-8.3112,5.9623,AMZN190118C02460000
AMZN,1673.57,*,AMZN190118P02460000,,put,01/18/2019,11/29/2018,2460,910.7,781.5,791.1,0,4,0.349,-0.9977,0,46.4433,3.4791,AMZN190118P02460000
AMZN,1673.57,*,AMZN190118C02465000,,call,01/18/2019,11/29/2018,2465,1.1,0.29,0.81,0,34,0.3723,0.0031,0,-7.9805,5.7254,AMZN190118C02465000
AMZN,1673.57,*,AMZN190118P02465000,,put,01/18/2019,11/29/2018,2465,859.8,786.5,796.25,0,0,0.349,-0.9978,0,46.7663,3.3217,AMZN190118P02465000
AMZN,1673.57,*,AMZN190118C02470000,,call,01/18/2019,11/29/2018,2470,0.7,0.28,0.8,0,30,0.3723,0.0029,0,-7.6618,5.497,AMZN190118C02470000
AMZN,1673.57,*,AMZN190118P02470000,,put,01/18/2019,11/29/2018,2470,950.86,791.5,801.15,0,0,0.349,-0.9979,0,47.0807,3.171,AMZN190118P02470000
AMZN,1673.57,*,AMZN190118C02475000,,call,01/18/2019,11/29/2018,2475,0.86,0.27,0.79,0,12,0.3723,0.0028,0,-7.3549,5.2771,AMZN190118C02475000
AMZN,1673.57,*,AMZN190118P02475000,,put,01/18/2019,11/29/2018,2475,757.02,796.5,806.15,0,0,0.349,-0.998,0,47.3867,3.0266,AMZN190118P02475000
AMZN,1673.57,*,AMZN190118C02480000,,call,01/18/2019,11/29/2018,2480,0.57,0.27,0.78,0,48,0.3723,0.0027,0,-7.0593,5.0653,AMZN190118C02480000
AMZN,1673.57,*,AMZN190118P02480000,,put,01/18/2019,11/29/2018,2480,960.71,801.5,811.1,0,0,0.349,-0.998,0,47.6846,2.8883,AMZN190118P02480000
AMZN,1673.57,*,AMZN190118C02485000,,call,01/18/2019,11/29/2018,2485,0.61,0.26,0.77,0,42,0.3723,0.0026,0,-6.7747,4.8613,AMZN190118C02485000
AMZN,1673.57,*,AMZN190118P02485000,,put,01/18/2019,11/29/2018,2485,745.3,806.5,816.1,0,0,0.349,-0.9981,0,47.9748,2.756,AMZN190118P02485000
AMZN,1673.57,*,AMZN190118C02490000,,call,01/18/2019,11/29/2018,2490,0.93,0.25,0.76,0,18,0.3723,0.0024,0,-6.5008,4.665,AMZN190118C02490000
AMZN,1673.57,*,AMZN190118P02490000,,put,01/18/2019,11/29/2018,2490,798.75,811.5,821.15,0,0,0.349,-0.9982,0,48.2577,2.6293,AMZN190118P02490000
AMZN,1673.57,*,AMZN190118C02495000,,call,01/18/2019,11/29/2018,2495,0.59,0.24,0.75,0,25,0.3723,0.0023,0,-6.237,4.4759,AMZN190118C02495000
AMZN,1673.57,*,AMZN190118P02495000,,put,01/18/2019,11/29/2018,2495,501.35,816.5,826.1,0,0,0.349,-0.9982,0,48.5333,2.508,AMZN190118P02495000
AMZN,1673.57,*,AMZN190118C02500000,,call,01/18/2019,11/29/2018,2500,0.58,0.36,0.5,51,1089,0.3723,0.0022,0,-5.9832,4.294,AMZN190118C02500000
AMZN,1673.57,*,AMZN190118P02500000,,put,01/18/2019,11/29/2018,2500,997.79,821.5,831.05,0,0,0.349,-0.9983,0,48.8022,2.392,AMZN190118P02500000
AMZN,1673.57,*,AMZN190118C02600000,,call,01/18/2019,11/29/2018,2600,0.38,0.06,0.5,0,647,0.3723,0.0009,0,-2.5395,1.8241,AMZN190118C02600000
AMZN,1673.57,*,AMZN190118P02600000,,put,01/18/2019,11/29/2018,2600,1079.21,921.6,931.2,0,0,0.349,-0.9991,0,53.0937,0.9005,AMZN190118P02600000
AMZN,1673.57,*,AMZN190118C02700000,,call,01/18/2019,11/29/2018,2700,0.2,0,0.19,51,631,0.3723,0.0003,0,-1.0304,0.7406,AMZN190118C02700000
AMZN,1673.57,*,AMZN190118P02700000,,put,01/18/2019,11/29/2018,2700,1179.23,1021.05,1031,0,0,0.349,-0.9993,0,56.1909,0.322,AMZN190118P02700000
AMZN,1673.57,*,AMZN190118C02800000,,call,01/18/2019,11/29/2018,2800,0.1,0,0.15,51,692,0.3723,0.0001,0,-0.402,0.2892,AMZN190118C02800000
AMZN,1673.57,*,AMZN190118P02800000,,put,01/18/2019,11/29/2018,2800,1194.8,1121.5,1131.05,0,0,0.349,-0.9994,0,58.8093,0.1102,AMZN190118P02800000
AMZN,1673.57,*,AMZN190118C02900000,,call,01/18/2019,11/29/2018,2900,0.04,0.06,0.08,19,2214,0.3723,0,0,-0.1517,0.1091,AMZN190118C02900000
AMZN,1673.57,*,AMZN190118P02900000,,put,01/18/2019,11/29/2018,2900,1295.86,1221.5,1231.3,0,0,0.349,-0.9995,0,61.2476,0.0363,AMZN190118P02900000
AMZN,1673.57,*,AMZN190215C00720000,,call,02/15/2019,11/29/2018,720,848.72,953.75,963.5,0,57,0.4332,0.9997,0,-14.3005,0.0236,AMZN190215C00720000
AMZN,1673.57,*,AMZN190215P00720000,,put,02/15/2019,11/29/2018,720,0.3,0.14,0.5,1,693,0.4882,-0.0001,0,-0.1838,0.1612,AMZN190215P00720000
AMZN,1673.57,*,AMZN190215C00740000,,call,02/15/2019,11/29/2018,740,828.83,933.95,943.5,0,33,0.4332,0.9997,0,-14.7871,0.0425,AMZN190215C00740000
AMZN,1673.57,*,AMZN190215P00740000,,put,02/15/2019,11/29/2018,740,1.01,0,0.4,0,48,0.4882,-0.0001,0,-0.2929,0.257,AMZN190215P00740000
AMZN,1673.57,*,AMZN190215C00760000,,call,02/15/2019,11/29/2018,760,774.3,914.1,924,0,11,0.4332,0.9997,0,-15.2865,0.074,AMZN190215C00760000
AMZN,1673.57,*,AMZN190215P00760000,,put,02/15/2019,11/29/2018,760,0.4,0.27,0.44,71,26,0.4882,-0.0001,0,-0.4545,0.399,AMZN190215P00760000
AMZN,1673.57,*,AMZN190215C00780000,,call,02/15/2019,11/29/2018,780,868.1,894.45,904,0,30,0.4332,0.9996,0,-15.8055,0.1249,AMZN190215C00780000
AMZN,1673.57,*,AMZN190215P00780000,,put,02/15/2019,11/29/2018,780,1.16,0.35,0.76,0,669,0.4882,-0.0002,0,-0.6879,0.6041,AMZN190215P00780000
AMZN,1673.57,*,AMZN190215C00800000,,call,02/15/2019,11/29/2018,800,795,874.55,884.45,0,28,0.4332,0.9996,0,-16.3535,0.2047,AMZN190215C00800000
AMZN,1673.57,*,AMZN190215P00800000,,put,02/15/2019,11/29/2018,800,0.88,0.18,0.77,0,685,0.4882,-0.0003,0,-1.017,0.8935,AMZN190215P00800000
AMZN,1673.57,*,AMZN190215C00820000,,call,02/15/2019,11/29/2018,820,1171.8,854.95,864.5,0,5,0.4332,0.9996,0,-16.9436,0.3261,AMZN190215C00820000
AMZN,1673.57,*,AMZN190215P00820000,,put,02/15/2019,11/29/2018,820,1.1,0.25,0.94,0,210,0.4882,-0.0005,0,-1.4711,1.2929,AMZN190215P00820000
AMZN,1673.57,*,AMZN190215C00840000,,call,02/15/2019,11/29/2018,840,1151.4,834.9,844.5,0,2,0.4332,0.9995,0,-17.5929,0.5063,AMZN190215C00840000
AMZN,1673.57,*,AMZN190215P00840000,,put,02/15/2019,11/29/2018,840,1.25,0.25,1.04,0,211,0.4882,-0.0007,0,-2.0846,1.8327,AMZN190215P00840000
AMZN,1673.57,*,AMZN190215C00845000,,call,02/15/2019,11/29/2018,845,0,830.05,839.95,0,0,0.4332,0.9995,0,-17.7669,0.563,AMZN190215C00845000
AMZN,1673.57,*,AMZN190215P00845000,,put,02/15/2019,11/29/2018,845,0,0.27,1.07,0,0,0.4882,-0.0008,0,-2.2674,1.9937,AMZN190215P00845000
AMZN,1673.57,*,AMZN190215C00850000,,call,02/15/2019,11/29/2018,850,0,825,834.95,0,0,0.4332,0.9995,0,-17.9464,0.6251,AMZN190215C00850000
AMZN,1673.57,*,AMZN190215P00850000,,put,02/15/2019,11/29/2018,850,2.14,0.66,1.08,0,1,0.4882,-0.0008,0,-2.4634,2.1662,AMZN190215P00850000
AMZN,1673.57,*,AMZN190215C00855000,,call,02/15/2019,11/29/2018,855,0,820,829.95,0,0,0.4332,0.9994,0,-18.1317,0.693,AMZN190215C00855000
AMZN,1673.57,*,AMZN190215P00855000,,put,02/15/2019,11/29/2018,855,0,0.33,1.12,0,0,0.4882,-0.0009,0,-2.6732,2.3509,AMZN190215P00855000
AMZN,1673.57,*,AMZN190215C00860000,,call,02/15/2019,11/29/2018,860,1135.95,815.4,825,0,20,0.4332,0.9994,0,-18.3233,0.7672,AMZN190215C00860000
AMZN,1673.57,*,AMZN190215P00860000,,put,02/15/2019,11/29/2018,860,2.46,0.37,1.15,0,85,0.4882,-0.001,0,-2.8974,2.5484,AMZN190215P00860000
AMZN,1673.57,*,AMZN190215C00865000,,call,02/15/2019,11/29/2018,865,0,810.35,820,0,0,0.4332,0.9994,0,-18.5217,0.8481,AMZN190215C00865000
AMZN,1673.57,*,AMZN190215P00865000,,put,02/15/2019,11/29/2018,865,2.21,0.4,1.18,0,1,0.4882,-0.0011,0,-3.137,2.7594,AMZN190215P00865000
AMZN,1673.57,*,AMZN190215C00870000,,call,02/15/2019,11/29/2018,870,0,805.4,815,0,0,0.4332,0.9993,0,-18.7273,0.9361,AMZN190215C00870000
AMZN,1673.57,*,AMZN190215P00870000,,put,02/15/2019,11/29/2018,870,0,0.42,1.21,0,0,0.4882,-0.0012,0,-3.3925,2.9844,AMZN190215P00870000
AMZN,1673.57,*,AMZN190215C00875000,,call,02/15/2019,11/29/2018,875,0,800.4,810,0,0,0.4332,0.9993,0,-18.9407,1.0319,AMZN190215C00875000
AMZN,1673.57,*,AMZN190215P00875000,,put,02/15/2019,11/29/2018,875,0,0.46,1.23,0,0,0.4882,-0.0013,0,-3.6648,3.2243,AMZN190215P00875000
AMZN,1673.57,*,AMZN190215C00880000,,call,02/15/2019,11/29/2018,880,1110.95,795.45,805,0,4,0.4332,0.9993,0,-19.1624,1.1359,AMZN190215C00880000
AMZN,1673.57,*,AMZN190215P00880000,,put,02/15/2019,11/29/2018,880,3.83,0.52,1.24,0,78,0.4882,-0.0014,0,-3.9547,3.4797,AMZN190215P00880000
AMZN,1673.57,*,AMZN190215C00885000,,call,02/15/2019,11/29/2018,885,0,790.5,800,0,0,0.4332,0.9992,0,-19.3929,1.2488,AMZN190215C00885000
AMZN,1673.57,*,AMZN190215P00885000,,put,02/15/2019,11/29/2018,885,0.92,0.52,1.23,3,2,0.4882,-0.0015,0,-4.2629,3.7513,AMZN190215P00885000
AMZN,1673.57,*,AMZN190215C00890000,,call,02/15/2019,11/29/2018,890,0,785.55,795,0,0,0.4332,0.9992,0,-19.6328,1.3709,AMZN190215C00890000
AMZN,1673.57,*,AMZN190215P00890000,,put,02/15/2019,11/29/2018,890,0,0.62,1.27,0,0,0.4882,-0.0016,0,-4.5903,4.0399,AMZN190215P00890000
AMZN,1673.57,*,AMZN190215C00895000,,call,02/15/2019,11/29/2018,895,0,780.6,790.5,0,0,0.4332,0.9991,0,-19.8828,1.5031,AMZN190215C00895000
AMZN,1673.57,*,AMZN190215P00895000,,put,02/15/2019,11/29/2018,895,0.98,0.86,1.3,2,2,0.4882,-0.0018,0,-4.9377,4.3461,AMZN190215P00895000
AMZN,1673.57,*,AMZN190215C00900000,,call,02/15/2019,11/29/2018,900,796.15,775.95,785.5,0,4,0.4332,0.9991,0,-20.1434,1.6459,AMZN190215C00900000
AMZN,1673.57,*,AMZN190215P00900000,,put,02/15/2019,11/29/2018,900,1.22,0.68,1.28,6,148,0.4882,-0.0019,0,-5.306,4.6708,AMZN190215P00900000
AMZN,1673.57,*,AMZN190215C00905000,,call,02/15/2019,11/29/2018,905,0,770.95,780.5,0,0,0.4332,0.999,0,-20.4153,1.7999,AMZN190215C00905000
AMZN,1673.57,*,AMZN190215P00905000,,put,02/15/2019,11/29/2018,905,1.06,0.66,1.35,3,2,0.4882,-0.0021,0,-5.696,5.0146,AMZN190215P00905000
AMZN,1673.57,*,AMZN190215C00910000,,call,02/15/2019,11/29/2018,910,0,765.95,775.5,0,0,0.4332,0.9989,0,-20.6992,1.9659,AMZN190215C00910000
AMZN,1673.57,*,AMZN190215P00910000,,put,02/15/2019,11/29/2018,910,0,0.77,1.41,0,0,0.4882,-0.0022,0,-6.1086,5.3784,AMZN190215P00910000
AMZN,1673.57,*,AMZN190215C00915000,,call,02/15/2019,11/29/2018,915,594.15,760.95,770.5,0,4,0.4332,0.9989,0,-20.9959,2.1446,AMZN190215C00915000
AMZN,1673.57,*,AMZN190215P00915000,,put,02/15/2019,11/29/2018,915,3,0.73,1.44,0,1,0.4882,-0.0024,0,-6.5446,5.763,AMZN190215P00915000
AMZN,1673.57,*,AMZN190215C00920000,,call,02/15/2019,11/29/2018,920,542.9,756,765.5,0,12,0.4332,0.9988,0,-21.3059,2.3365,AMZN190215C00920000
AMZN,1673.57,*,AMZN190215P00920000,,put,02/15/2019,11/29/2018,920,1.22,1.03,1.48,1,56,0.4882,-0.0026,0,-7.005,6.1691,AMZN190215P00920000
AMZN,1673.57,*,AMZN190215C00925000,,call,02/15/2019,11/29/2018,925,0,751,760.9,0,0,0.4332,0.9987,0,-21.6302,2.5427,AMZN190215C00925000
AMZN,1673.57,*,AMZN190215P00925000,,put,02/15/2019,11/29/2018,925,1.3,0.94,1.51,1,0,0.4882,-0.0028,0,-7.4906,6.5975,AMZN190215P00925000
AMZN,1673.57,*,AMZN190215C00930000,,call,02/15/2019,11/29/2018,930,0,746.15,755.95,0,0,0.4332,0.9986,0,-21.9693,2.7637,AMZN190215C00930000
AMZN,1673.57,*,AMZN190215P00930000,,put,02/15/2019,11/29/2018,930,2.11,0.94,1.54,0,49,0.4882,-0.003,0,-8.0024,7.049,AMZN190215P00930000
AMZN,1673.57,*,AMZN190215C00935000,,call,02/15/2019,11/29/2018,935,715.2,741.45,751,0,8,0.4332,0.9985,0,-22.3243,3.0004,AMZN190215C00935000
AMZN,1673.57,*,AMZN190215P00935000,,put,02/15/2019,11/29/2018,935,0,0.97,1.58,0,0,0.4882,-0.0032,0,-8.5412,7.5245,AMZN190215P00935000
AMZN,1673.57,*,AMZN190215C00940000,,call,02/15/2019,11/29/2018,940,1057.75,736,745.9,0,1,0.4332,0.9984,0,-22.6958,3.2536,AMZN190215C00940000
AMZN,1673.57,*,AMZN190215P00940000,,put,02/15/2019,11/29/2018,940,1.6,1.15,1.62,0,35,0.4882,-0.0035,0,-9.108,8.0247,AMZN190215P00940000
AMZN,1673.57,*,AMZN190215C00945000,,call,02/15/2019,11/29/2018,945,0,731.4,741,0,0,0.4332,0.9983,0,-23.0847,3.5242,AMZN190215C00945000
AMZN,1673.57,*,AMZN190215P00945000,,put,02/15/2019,11/29/2018,945,1.29,0.99,1.67,3,1,0.4882,-0.0037,0,-9.7036,8.5505,AMZN190215P00945000
AMZN,1673.57,*,AMZN190215C00950000,,call,02/15/2019,11/29/2018,950,642.28,726.45,736,0,32,0.4332,0.9982,0,-23.4919,3.813,AMZN190215C00950000
AMZN,1673.57,*,AMZN190215P00950000,,put,02/15/2019,11/29/2018,950,1.56,1.17,1.7,0,47,0.4882,-0.004,0,-10.329,9.1027,AMZN190215P00950000
AMZN,1673.57,*,AMZN190215C00955000,,call,02/15/2019,11/29/2018,955,0,721.55,731,0,0,0.4332,0.998,0,-23.9182,4.1209,AMZN190215C00955000
AMZN,1673.57,*,AMZN190215P00955000,,put,02/15/2019,11/29/2018,955,1.38,1.22,1.76,1,1,0.4882,-0.0043,0,-10.985,9.682,AMZN190215P00955000
AMZN,1673.57,*,AMZN190215C00960000,,call,02/15/2019,11/29/2018,960,1060.31,716.6,726.5,0,10,0.4332,0.9979,0,-24.3645,4.4488,AMZN190215C00960000
AMZN,1673.57,*,AMZN190215P00960000,,put,02/15/2019,11/29/2018,960,1.78,1.24,1.8,0,70,0.4882,-0.0046,0,-11.6726,10.2893,AMZN190215P00960000
AMZN,1673.57,*,AMZN190215C00965000,,call,02/15/2019,11/29/2018,965,546.1,711.6,721.5,0,4,0.4332,0.9977,0,-24.8318,4.7975,AMZN190215C00965000
AMZN,1673.57,*,AMZN190215P00965000,,put,02/15/2019,11/29/2018,965,2.65,1.31,1.87,0,4,0.4882,-0.0049,0,-12.3927,10.9253,AMZN190215P00965000
AMZN,1673.57,*,AMZN190215C00970000,,call,02/15/2019,11/29/2018,970,634.85,706.9,716.5,0,8,0.4332,0.9975,0,-25.321,5.1682,AMZN190215C00970000
AMZN,1673.57,*,AMZN190215P00970000,,put,02/15/2019,11/29/2018,970,0,1.26,1.92,0,0,0.4882,-0.0052,0,-13.1462,11.591,AMZN190215P00970000
AMZN,1673.57,*,AMZN190215C00975000,,call,02/15/2019,11/29/2018,975,0,701.75,711.5,0,0,0.4332,0.9974,0,-25.833,5.5616,AMZN190215C00975000
AMZN,1673.57,*,AMZN190215P00975000,,put,02/15/2019,11/29/2018,975,1.97,1.57,1.96,0,2,0.4882,-0.0056,0,-13.9338,12.287,AMZN190215P00975000
AMZN,1673.57,*,AMZN190215C00980000,,call,02/15/2019,11/29/2018,980,0,696.95,706.5,0,0,0.4332,0.9972,0,-26.3689,5.9788,AMZN190215C00980000
AMZN,1673.57,*,AMZN190215P00980000,,put,02/15/2019,11/29/2018,980,1.9,1.48,2.01,1,60,0.4882,-0.006,0,-14.7566,13.0142,AMZN190215P00980000
AMZN,1673.57,*,AMZN190215C00985000,,call,02/15/2019,11/29/2018,985,0,692,701.95,0,0,0.4332,0.997,0,-26.9294,6.4207,AMZN190215C00985000
AMZN,1673.57,*,AMZN190215P00985000,,put,02/15/2019,11/29/2018,985,0,1.49,2.08,0,0,0.4882,-0.0064,0,-15.6154,13.7733,AMZN190215P00985000
AMZN,1673.57,*,AMZN190215C00990000,,call,02/15/2019,11/29/2018,990,0,687.1,697,0,0,0.4332,0.9968,0,-27.5158,6.8884,AMZN190215C00990000
AMZN,1673.57,*,AMZN190215P00990000,,put,02/15/2019,11/29/2018,990,6.22,1.55,2.16,0,1,0.4882,-0.0068,0.0001,-16.511,14.565,AMZN190215P00990000
AMZN,1673.57,*,AMZN190215C00995000,,call,02/15/2019,11/29/2018,995,551.2,682.45,692,0,4,0.4332,0.9965,0,-28.1288,7.3828,AMZN190215C00995000
AMZN,1673.57,*,AMZN190215P00995000,,put,02/15/2019,11/29/2018,995,3.8,1.59,2.21,0,10,0.4882,-0.0072,0.0001,-17.4441,15.3902,AMZN190215P00995000
AMZN,1673.57,*,AMZN190215C01000000,,call,02/15/2019,11/29/2018,1000,680,677.45,687,0,13,0.4332,0.9963,0,-28.7696,7.9049,AMZN190215C01000000
AMZN,1673.57,*,AMZN190215P01000000,,put,02/15/2019,11/29/2018,1000,2,1.92,2.27,9,697,0.4882,-0.0077,0.0001,-18.4158,16.2496,AMZN190215P01000000
AMZN,1673.57,*,AMZN190215C01010000,,call,02/15/2019,11/29/2018,1010,580.5,667.4,677,0,2,0.4332,0.9957,0,-30.1383,9.0363,AMZN190215C01010000
AMZN,1673.57,*,AMZN190215P01010000,,put,02/15/2019,11/29/2018,1010,2.3,2.08,2.41,1,101,0.4882,-0.0086,0.0001,-20.4775,18.0735,AMZN190215P01010000
AMZN,1673.57,*,AMZN190215C01020000,,call,02/15/2019,11/29/2018,1020,0,657.95,667.5,0,0,0.4332,0.9951,0,-31.63,10.2907,AMZN190215C01020000
AMZN,1673.57,*,AMZN190215P01020000,,put,02/15/2019,11/29/2018,1020,2.43,2.17,2.54,41,29,0.4882,-0.0097,0.0001,-22.7022,20.0424,AMZN190215P01020000
AMZN,1673.57,*,AMZN190215C01030000,,call,02/15/2019,11/29/2018,1030,490.6,648,657.5,0,5,0.4332,0.9944,0,-33.2527,11.6763,AMZN190215C01030000
AMZN,1673.57,*,AMZN190215P01030000,,put,02/15/2019,11/29/2018,1030,4.05,2.35,2.7,0,39,0.4882,-0.0109,0.0001,-25.0955,22.1614,AMZN190215P01030000
AMZN,1673.57,*,AMZN190215C01040000,,call,02/15/2019,11/29/2018,1040,508.45,638.4,648.3,0,6,0.4332,0.9936,0.0001,-35.0143,13.2012,AMZN190215C01040000
AMZN,1673.57,*,AMZN190215P01040000,,put,02/15/2019,11/29/2018,1040,4.2,2.5,2.85,0,27,0.4882,-0.0122,0.0001,-27.6626,24.4351,AMZN190215P01040000
AMZN,1673.57,*,AMZN190215C01050000,,call,02/15/2019,11/29/2018,1050,501.7,628.45,638,0,12,0.4332,0.9927,0.0001,-36.9227,14.8731,AMZN190215C01050000
AMZN,1673.57,*,AMZN190215P01050000,,put,02/15/2019,11/29/2018,1050,2.9,2.69,3.05,0,76,0.4882,-0.0136,0.0001,-30.4082,26.868,AMZN190215P01050000
AMZN,1673.57,*,AMZN190215C01060000,,call,02/15/2019,11/29/2018,1060,555.75,618.6,628.5,0,3,0.4332,0.9918,0.0001,-38.9853,16.7,AMZN190215C01060000
AMZN,1673.57,*,AMZN190215P01060000,,put,02/15/2019,11/29/2018,1060,3.05,2.85,3.2,0,33,0.4882,-0.0152,0.0001,-33.3363,29.4638,AMZN190215P01060000
AMZN,1673.57,*,AMZN190215C01070000,,call,02/15/2019,11/29/2018,1070,765.46,608.9,618.5,0,1,0.4332,0.9907,0.0001,-41.2096,18.6892,AMZN190215C01070000
AMZN,1673.57,*,AMZN190215P01070000,,put,02/15/2019,11/29/2018,1070,4.12,2.97,3.4,0,26,0.4882,-0.0168,0.0001,-36.4506,32.2259,AMZN190215P01070000
AMZN,1673.57,*,AMZN190215C01080000,,call,02/15/2019,11/29/2018,1080,533.4,599.1,609,0,1,0.4332,0.9895,0.0001,-43.6024,20.8478,AMZN190215C01080000
AMZN,1673.57,*,AMZN190215P01080000,,put,02/15/2019,11/29/2018,1080,3.95,3.2,3.55,0,43,0.4882,-0.0187,0.0001,-39.7539,35.1569,AMZN190215P01080000
AMZN,1673.57,*,AMZN190215C01090000,,call,02/15/2019,11/29/2018,1090,631.52,589.5,599.45,0,5,0.4332,0.9882,0.0001,-46.1703,23.1825,AMZN190215C01090000
AMZN,1673.57,*,AMZN190215P01090000,,put,02/15/2019,11/29/2018,1090,3.7,3.35,3.75,0,17,0.4882,-0.0206,0.0001,-43.2483,38.259,AMZN190215P01090000
AMZN,1673.57,*,AMZN190215C01100000,,call,02/15/2019,11/29/2018,1100,658,579.95,589.5,0,2,0.4332,0.9867,0.0001,-48.9191,25.6995,AMZN190215C01100000
AMZN,1673.57,*,AMZN190215P01100000,,put,02/15/2019,11/29/2018,1100,3.9,3.5,4.05,1,113,0.4882,-0.0227,0.0001,-46.9354,41.5338,AMZN190215P01100000
AMZN,1673.57,*,AMZN190215C01110000,,call,02/15/2019,11/29/2018,1110,425,570,579.9,0,7,0.4332,0.9851,0.0001,-51.8542,28.4043,AMZN190215C01110000
AMZN,1673.57,*,AMZN190215P01110000,,put,02/15/2019,11/29/2018,1110,7.65,3.8,4.25,0,29,0.4882,-0.025,0.0002,-50.8157,44.982,AMZN190215P01110000
AMZN,1673.57,*,AMZN190215C01120000,,call,02/15/2019,11/29/2018,1120,777.05,560.5,570.45,0,2,0.4332,0.9834,0.0001,-54.9805,31.302,AMZN190215C01120000
AMZN,1673.57,*,AMZN190215P01120000,,put,02/15/2019,11/29/2018,1120,4.85,4.05,4.5,0,115,0.4882,-0.0274,0.0002,-54.8893,48.6038,AMZN190215P01120000
AMZN,1673.57,*,AMZN190215C01130000,,call,02/15/2019,11/29/2018,1130,417.05,551.1,561,0,1,0.4332,0.9815,0.0001,-58.3017,34.3967,AMZN190215C01130000
AMZN,1673.57,*,AMZN190215P01130000,,put,02/15/2019,11/29/2018,1130,4.88,4.3,4.8,0,181,0.4845,-0.0291,0.0002,-57.3197,51.1622,AMZN190215P01130000
AMZN,1673.57,*,AMZN190215C01140000,,call,02/15/2019,11/29/2018,1140,650.25,541.4,551,0,7,0.4332,0.9794,0.0001,-61.8213,37.6921,AMZN190215C01140000
AMZN,1673.57,*,AMZN190215P01140000,,put,02/15/2019,11/29/2018,1140,8.69,4.55,5.15,0,20,0.481,-0.031,0.0002,-59.917,53.8899,AMZN190215P01140000
AMZN,1673.57,*,AMZN190215C01150000,,call,02/15/2019,11/29/2018,1150,445.7,531.6,541.5,0,7,0.4332,0.9772,0.0002,-65.5415,41.1908,AMZN190215C01150000
AMZN,1673.57,*,AMZN190215P01150000,,put,02/15/2019,11/29/2018,1150,5.45,4.95,5.45,2,76,0.478,-0.0331,0.0002,-62.8462,56.9009,AMZN190215P01150000
AMZN,1673.57,*,AMZN190215C01160000,,call,02/15/2019,11/29/2018,1160,472.85,522,531.85,0,1,0.4332,0.9748,0.0002,-69.4638,44.8945,AMZN190215C01160000
AMZN,1673.57,*,AMZN190215P01160000,,put,02/15/2019,11/29/2018,1160,5.9,5.25,5.8,0,54,0.4744,-0.0352,0.0002,-65.5383,59.8123,AMZN190215P01160000
AMZN,1673.57,*,AMZN190215C01170000,,call,02/15/2019,11/29/2018,1170,383.45,512.5,522.5,0,2,0.4332,0.9721,0.0002,-73.5887,48.8042,AMZN190215C01170000
AMZN,1673.57,*,AMZN190215P01170000,,put,02/15/2019,11/29/2018,1170,7.04,5.6,6.2,0,33,0.4711,-0.0375,0.0002,-68.4626,62.9444,AMZN190215P01170000
AMZN,1673.57,*,AMZN190215C01180000,,call,02/15/2019,11/29/2018,1180,374.7,503.15,512.95,0,3,0.4332,0.9693,0.0002,-77.9159,52.9198,AMZN190215C01180000
AMZN,1673.57,*,AMZN190215P01180000,,put,02/15/2019,11/29/2018,1180,7.48,6,6.6,0,66,0.468,-0.0399,0.0002,-71.5747,66.269,AMZN190215P01180000
AMZN,1673.57,*,AMZN190215C01190000,,call,02/15/2019,11/29/2018,1190,398,493.5,503.4,0,2,0.4332,0.9663,0.0002,-82.4438,57.2402,AMZN190215C01190000
AMZN,1673.57,*,AMZN190215P01190000,,put,02/15/2019,11/29/2018,1190,8.26,6.45,7.05,0,117,0.4652,-0.0426,0.0003,-74.94,69.8321,AMZN190215P01190000
AMZN,1673.57,*,AMZN190215C01200000,,call,02/15/2019,11/29/2018,1200,499.85,484.25,493.3,12,60,0.4332,0.9631,0.0002,-87.17,61.7633,AMZN190215C01200000
AMZN,1673.57,*,AMZN190215P01200000,,put,02/15/2019,11/29/2018,1200,6.95,6.9,7.55,5,314,0.4624,-0.0454,0.0003,-78.3918,73.523,AMZN190215P01200000
AMZN,1673.57,*,AMZN190215C01210000,,call,02/15/2019,11/29/2018,1210,387.85,474.95,484.5,0,7,0.4332,0.9596,0.0003,-92.091,66.4861,AMZN190215C01210000
AMZN,1673.57,*,AMZN190215P01210000,,put,02/15/2019,11/29/2018,1210,7.4,7.4,8,1,63,0.4593,-0.0483,0.0003,-81.7458,77.2211,AMZN190215P01210000
AMZN,1673.57,*,AMZN190215C01220000,,call,02/15/2019,11/29/2018,1220,308.35,465.4,475.3,0,12,0.4332,0.9559,0.0003,-97.2023,71.4043,AMZN190215C01220000
AMZN,1673.57,*,AMZN190215P01220000,,put,02/15/2019,11/29/2018,1220,9.75,7.95,8.55,0,45,0.4568,-0.0515,0.0003,-85.547,81.2914,AMZN190215P01220000
AMZN,1673.57,*,AMZN190215C01230000,,call,02/15/2019,11/29/2018,1230,307.25,455.95,465.5,0,5,0.4332,0.952,0.0003,-102.4981,76.5129,AMZN190215C01230000
AMZN,1673.57,*,AMZN190215P01230000,,put,02/15/2019,11/29/2018,1230,9.7,8.5,9.15,4,61,0.4542,-0.0548,0.0003,-89.3726,85.4532,AMZN190215P01230000
AMZN,1673.57,*,AMZN190215C01240000,,call,02/15/2019,11/29/2018,1240,363.15,446.5,456.45,0,24,0.4332,0.9478,0.0003,-107.972,81.8054,AMZN190215C01240000
AMZN,1673.57,*,AMZN190215P01240000,,put,02/15/2019,11/29/2018,1240,9.4,9.1,9.85,4,51,0.452,-0.0585,0.0003,-93.54,89.9164,AMZN190215P01240000
AMZN,1673.57,*,AMZN190215C01250000,,call,02/15/2019,11/29/2018,1250,535.77,437.3,447,0,8,0.4332,0.9434,0.0003,-113.6161,87.2748,AMZN190215C01250000
AMZN,1673.57,*,AMZN190215P01250000,,put,02/15/2019,11/29/2018,1250,9.7,9.75,10.4,9,179,0.4488,-0.062,0.0004,-97.1343,94.0853,AMZN190215P01250000
AMZN,1673.57,*,AMZN190215C01260000,,call,02/15/2019,11/29/2018,1260,296.4,427.8,437.75,0,27,0.4332,0.9387,0.0004,-119.4218,92.9128,AMZN190215C01260000
AMZN,1673.57,*,AMZN190215P01260000,,put,02/15/2019,11/29/2018,1260,10.5,10.4,11,0,224,0.4456,-0.0656,0.0004,-100.7887,98.3779,AMZN190215P01260000
AMZN,1673.57,*,AMZN190215C01270000,,call,02/15/2019,11/29/2018,1270,364.3,418.95,428.5,0,7,0.4332,0.9338,0.0004,-125.3795,98.7102,AMZN190215C01270000
AMZN,1673.57,*,AMZN190215P01270000,,put,02/15/2019,11/29/2018,1270,11.85,11.2,11.95,6,36,0.4446,-0.0703,0.0004,-106.0069,103.7566,AMZN190215P01270000
AMZN,1673.57,*,AMZN190215C01280000,,call,02/15/2019,11/29/2018,1280,273.05,409.9,419.5,0,22,0.4332,0.9286,0.0004,-131.4787,104.6569,AMZN190215C01280000
AMZN,1673.57,*,AMZN190215P01280000,,put,02/15/2019,11/29/2018,1280,11.4,11.95,12.7,5,54,0.4417,-0.0745,0.0004,-110.0031,108.4349,AMZN190215P01280000
AMZN,1673.57,*,AMZN190215C01290000,,call,02/15/2019,11/29/2018,1290,347.4,400.5,410.35,0,25,0.4332,0.9231,0.0004,-137.7079,110.7418,AMZN190215C01290000
AMZN,1673.57,*,AMZN190215P01290000,,put,02/15/2019,11/29/2018,1290,13.3,12.8,13.55,14,58,0.4395,-0.0791,0.0004,-114.5478,113.5436,AMZN190215P01290000
AMZN,1673.57,*,AMZN190215C01300000,,call,02/15/2019,11/29/2018,1300,364,391.5,401.3,0,129,0.4332,0.9174,0.0005,-144.0548,116.9532,AMZN190215C01300000
AMZN,1673.57,*,AMZN190215P01300000,,put,02/15/2019,11/29/2018,1300,13.55,13.55,14.45,8,293,0.4367,-0.0837,0.0005,-118.7243,118.5079,AMZN190215P01300000
AMZN,1673.57,*,AMZN190215C01310000,,call,02/15/2019,11/29/2018,1310,264.6,382.5,392.25,0,15,0.4332,0.9114,0.0005,-150.5064,123.2784,AMZN190215C01310000
AMZN,1673.57,*,AMZN190215P01310000,,put,02/15/2019,11/29/2018,1310,41.2,14.65,15.4,0,229,0.4351,-0.0891,0.0005,-123.8163,124.1175,AMZN190215P01310000
AMZN,1673.57,*,AMZN190215C01320000,,call,02/15/2019,11/29/2018,1320,342.05,373.5,383.35,0,6,0.4332,0.9052,0.0005,-157.0491,129.7042,AMZN190215C01320000
AMZN,1673.57,*,AMZN190215P01320000,,put,02/15/2019,11/29/2018,1320,15.2,15.55,16.4,52,92,0.4324,-0.0942,0.0005,-128.1584,129.3533,AMZN190215P01320000
AMZN,1673.57,*,AMZN190215C01330000,,call,02/15/2019,11/29/2018,1330,264.7,364.55,374.25,0,11,0.4332,0.8986,0.0005,-163.6684,136.2166,AMZN190215C01330000
AMZN,1673.57,*,AMZN190215P01330000,,put,02/15/2019,11/29/2018,1330,16.4,16.55,17.45,0,45,0.43,-0.0996,0.0005,-132.7552,134.8273,AMZN190215P01330000
AMZN,1673.57,*,AMZN190215C01340000,,call,02/15/2019,11/29/2018,1340,393.69,355.9,364.7,0,4,0.4332,0.8918,0.0006,-170.3495,142.801,AMZN190215C01340000
AMZN,1673.57,*,AMZN190215P01340000,,put,02/15/2019,11/29/2018,1340,17.34,17.65,18.55,2,45,0.4277,-0.1054,0.0006,-137.4557,140.4446,AMZN190215P01340000
AMZN,1673.57,*,AMZN190215C01350000,,call,02/15/2019,11/29/2018,1350,353.15,348.65,357,0,39,0.4332,0.8847,0.0006,-177.077,149.4425,AMZN190215C01350000
AMZN,1673.57,*,AMZN190215P01350000,,put,02/15/2019,11/29/2018,1350,18.4,18.85,19.75,2,111,0.4257,-0.1115,0.0006,-142.4044,146.2831,AMZN190215P01350000
AMZN,1673.57,*,AMZN190215C01355000,,call,02/15/2019,11/29/2018,1355,217.75,345,353,0,4,0.4332,0.8811,0.0006,-180.4532,152.7798,AMZN190215C01355000
AMZN,1673.57,*,AMZN190215P01355000,,put,02/15/2019,11/29/2018,1355,20.5,19.6,20.35,1,22,0.425,-0.1148,0.0006,-145.1125,149.3609,AMZN190215P01355000
AMZN,1673.57,*,AMZN190215C01360000,,call,02/15/2019,11/29/2018,1360,337.6,340.4,348.25,1,10,0.4332,0.8774,0.0006,-183.8351,156.1256,AMZN190215C01360000
AMZN,1673.57,*,AMZN190215P01360000,,put,02/15/2019,11/29/2018,1360,23.78,19.95,21.15,0,34,0.4236,-0.1179,0.0006,-147.2926,152.1611,AMZN190215P01360000
AMZN,1673.57,*,AMZN190215C01365000,,call,02/15/2019,11/29/2018,1365,265.7,333.5,342.15,0,16,0.4332,0.8736,0.0006,-187.2206,159.4778,AMZN190215C01365000
AMZN,1673.57,*,AMZN190215P01365000,,put,02/15/2019,11/29/2018,1365,86.4,20.6,21.85,0,97,0.4227,-0.1212,0.0006,-149.8533,155.1911,AMZN190215P01365000
AMZN,1673.57,*,AMZN190215C01370000,,call,02/15/2019,11/29/2018,1370,256,331.2,340,0,5,0.4447,0.8647,0.0006,-199.4111,167.2341,AMZN190215C01370000
AMZN,1673.57,*,AMZN190215P01370000,,put,02/15/2019,11/29/2018,1370,22.45,21.45,22.4,3,88,0.4219,-0.1247,0.0006,-152.4909,158.2787,AMZN190215P01370000
AMZN,1673.57,*,AMZN190215C01375000,,call,02/15/2019,11/29/2018,1375,320.75,325.65,335,4,8,0.4373,0.8641,0.0006,-197.1386,167.7637,AMZN190215C01375000
AMZN,1673.57,*,AMZN190215P01375000,,put,02/15/2019,11/29/2018,1375,38.95,22,23.25,0,36,0.4209,-0.1281,0.0006,-154.9746,161.2985,AMZN190215P01375000
AMZN,1673.57,*,AMZN190215C01380000,,call,02/15/2019,11/29/2018,1380,333,321,329.5,1,26,0.4314,0.8628,0.0007,-195.9956,168.866,AMZN190215C01380000
AMZN,1673.57,*,AMZN190215P01380000,,put,02/15/2019,11/29/2018,1380,23.9,23,23.75,3,146,0.4202,-0.1317,0.0007,-157.6859,164.4541,AMZN190215P01380000
AMZN,1673.57,*,AMZN190215C01385000,,call,02/15/2019,11/29/2018,1385,261.5,317.75,325.9,0,4,0.4351,0.857,0.0007,-202.2193,173.6177,AMZN190215C01385000
AMZN,1673.57,*,AMZN190215P01385000,,put,02/15/2019,11/29/2018,1385,27.18,23.45,24.55,0,18,0.4185,-0.135,0.0007,-159.6242,167.2196,AMZN190215P01385000
AMZN,1673.57,*,AMZN190215C01390000,,call,02/15/2019,11/29/2018,1390,284.45,313.55,323,0,13,0.4375,0.8519,0.0007,-207.4409,177.8253,AMZN190215C01390000
AMZN,1673.57,*,AMZN190215P01390000,,put,02/15/2019,11/29/2018,1390,25,24.2,25.35,4,163,0.4177,-0.1387,0.0007,-162.2487,170.3598,AMZN190215P01390000
AMZN,1673.57,*,AMZN190215C01395000,,call,02/15/2019,11/29/2018,1395,304.05,309.35,316.8,5,9,0.4309,0.8507,0.0007,-205.7222,178.7828,AMZN190215C01395000
AMZN,1673.57,*,AMZN190215P01395000,,put,02/15/2019,11/29/2018,1395,26.2,25.05,26.05,3,65,0.4168,-0.1424,0.0007,-164.7893,173.4692,AMZN190215P01395000
AMZN,1673.57,*,AMZN190215C01400000,,call,02/15/2019,11/29/2018,1400,305,305.2,313.45,6,172,0.4321,0.8459,0.0007,-210.0001,182.5668,AMZN190215C01400000
AMZN,1673.57,*,AMZN190215P01400000,,put,02/15/2019,11/29/2018,1400,25.27,25.8,26.9,114,1039,0.4159,-0.1463,0.0007,-167.3214,176.5865,AMZN190215P01400000
AMZN,1673.57,*,AMZN190215C01405000,,call,02/15/2019,11/29/2018,1405,299.7,301.05,310.5,5,5,0.4341,0.8407,0.0007,-214.8824,186.5957,AMZN190215C01405000
AMZN,1673.57,*,AMZN190215P01405000,,put,02/15/2019,11/29/2018,1405,26.95,26.5,27.7,2,18,0.4146,-0.15,0.0007,-169.5341,179.5585,AMZN190215P01405000
AMZN,1673.57,*,AMZN190215C01410000,,call,02/15/2019,11/29/2018,1410,307.12,297.55,305.15,2,14,0.4315,0.8376,0.0007,-216.2033,189.0307,AMZN190215C01410000
AMZN,1673.57,*,AMZN190215P01410000,,put,02/15/2019,11/29/2018,1410,26.85,27.35,28.5,10,151,0.4136,-0.1539,0.0007,-171.9669,182.652,AMZN190215P01410000
AMZN,1673.57,*,AMZN190215C01415000,,call,02/15/2019,11/29/2018,1415,275.51,293.45,301.05,0,4,0.4305,0.8336,0.0008,-218.7413,192.0171,AMZN190215C01415000
AMZN,1673.57,*,AMZN190215P01415000,,put,02/15/2019,11/29/2018,1415,50.84,28,29.4,0,71,0.4123,-0.1577,0.0008,-174.1542,185.6397,AMZN190215P01415000
AMZN,1673.57,*,AMZN190215C01420000,,call,02/15/2019,11/29/2018,1420,271.58,288.75,296.7,0,29,0.4271,0.8306,0.0008,-219.4107,194.2122,AMZN190215C01420000
AMZN,1673.57,*,AMZN190215P01420000,,put,02/15/2019,11/29/2018,1420,28.64,29.05,30.3,2,222,0.4119,-0.162,0.0008,-177.0234,188.9589,AMZN190215P01420000
AMZN,1673.57,*,AMZN190215C01425000,,call,02/15/2019,11/29/2018,1425,267.08,285.3,293.9,0,15,0.4311,0.8243,0.0008,-225.7642,198.813,AMZN190215C01425000
AMZN,1673.57,*,AMZN190215P01425000,,put,02/15/2019,11/29/2018,1425,32.95,29.95,31.15,5,52,0.4109,-0.1661,0.0008,-179.4116,192.059,AMZN190215P01425000
AMZN,1673.57,*,AMZN190215C01430000,,call,02/15/2019,11/29/2018,1430,276.43,281.25,287.1,0,43,0.4233,0.8232,0.0008,-223.0057,199.6305,AMZN190215C01430000
AMZN,1673.57,*,AMZN190215P01430000,,put,02/15/2019,11/29/2018,1430,30.22,30.65,32.2,18,401,0.4097,-0.1702,0.0008,-181.6268,195.0893,AMZN190215P01430000
AMZN,1673.57,*,AMZN190215C01435000,,call,02/15/2019,11/29/2018,1435,266.75,277.25,285.5,0,20,0.428,0.8164,0.0008,-229.8516,204.3957,AMZN190215C01435000
AMZN,1673.57,*,AMZN190215P01435000,,put,02/15/2019,11/29/2018,1435,45.8,31.75,33.05,0,130,0.409,-0.1746,0.0008,-184.2091,198.29,AMZN190215P01435000
AMZN,1673.57,*,AMZN190215C01440000,,call,02/15/2019,11/29/2018,1440,271.08,273.25,280.4,0,44,0.4243,0.8133,0.0008,-230.2086,206.5423,AMZN190215C01440000
AMZN,1673.57,*,AMZN190215P01440000,,put,02/15/2019,11/29/2018,1440,31.85,32.75,34,1,311,0.4082,-0.1791,0.0008,-186.6923,201.4492,AMZN190215P01440000
AMZN,1673.57,*,AMZN190215C01445000,,call,02/15/2019,11/29/2018,1445,172.1,269.3,275.05,0,6,0.4201,0.8104,0.0008,-230.1587,208.5567,AMZN190215C01445000
AMZN,1673.57,*,AMZN190215P01445000,,put,02/15/2019,11/29/2018,1445,33.4,33.6,35.05,1,134,0.4071,-0.1834,0.0008,-188.9205,204.5025,AMZN190215P01445000
AMZN,1673.57,*,AMZN190215C01450000,,call,02/15/2019,11/29/2018,1450,271.03,265.35,270.6,0,81,0.4184,0.8062,0.0009,-232.0058,211.3309,AMZN190215C01450000
AMZN,1673.57,*,AMZN190215P01450000,,put,02/15/2019,11/29/2018,1450,34.23,34.75,36.05,28,747,0.4065,-0.1881,0.0009,-191.5094,207.7078,AMZN190215P01450000
AMZN,1673.57,*,AMZN190215C01455000,,call,02/15/2019,11/29/2018,1455,164.75,261.45,269.75,0,25,0.4243,0.7987,0.0009,-239.6444,216.2383,AMZN190215C01455000
AMZN,1673.57,*,AMZN190215P01455000,,put,02/15/2019,11/29/2018,1455,34.65,35.75,37.1,5,52,0.4056,-0.1927,0.0009,-193.84,210.805,AMZN190215P01455000
AMZN,1673.57,*,AMZN190215C01460000,,call,02/15/2019,11/29/2018,1460,266.77,257.95,266.25,1,45,0.425,0.7935,0.0009,-243.2589,219.5965,AMZN190215C01460000
AMZN,1673.57,*,AMZN190215P01460000,,put,02/15/2019,11/29/2018,1460,40.55,36.9,38.15,0,92,0.4049,-0.1974,0.0009,-196.2956,213.9491,AMZN190215P01460000
AMZN,1673.57,*,AMZN190215C01465000,,call,02/15/2019,11/29/2018,1465,266.44,253.7,259.35,2,41,0.4163,0.7921,0.0009,-239.6721,220.4526,AMZN190215C01465000
AMZN,1673.57,*,AMZN190215P01465000,,put,02/15/2019,11/29/2018,1465,45.67,37.7,39.4,0,37,0.4038,-0.202,0.0009,-198.4135,216.9589,AMZN190215P01465000
AMZN,1673.57,*,AMZN190215C01470000,,call,02/15/2019,11/29/2018,1470,262.58,249.85,255.5,1,43,0.4153,0.7874,0.0009,-241.9329,223.3741,AMZN190215C01470000
AMZN,1673.57,*,AMZN190215P01470000,,put,02/15/2019,11/29/2018,1470,43.7,39.2,40.45,1,128,0.4036,-0.2072,0.0009,-201.1888,220.2085,AMZN190215P01470000
AMZN,1673.57,*,AMZN190215C01475000,,call,02/15/2019,11/29/2018,1475,260,246.05,251.15,3,16,0.4132,0.7831,0.0009,-243.3223,225.9982,AMZN190215C01475000
AMZN,1673.57,*,AMZN190215P01475000,,put,02/15/2019,11/29/2018,1475,39,40.25,41.55,3,435,0.4025,-0.2119,0.0009,-203.2404,223.182,AMZN190215P01475000
AMZN,1673.57,*,AMZN190215C01480000,,call,02/15/2019,11/29/2018,1480,237.11,242.25,247.85,0,46,0.4133,0.7778,0.0009,-246.348,229.1595,AMZN190215C01480000
AMZN,1673.57,*,AMZN190215P01480000,,put,02/15/2019,11/29/2018,1480,41.7,41.45,42.75,4,82,0.4018,-0.217,0.0009,-205.5618,226.2436,AMZN190215P01480000
AMZN,1673.57,*,AMZN190215C01485000,,call,02/15/2019,11/29/2018,1485,246.95,240.5,244.15,2,35,0.4168,0.7711,0.0009,-251.9008,233.0663,AMZN190215C01485000
AMZN,1673.57,*,AMZN190215P01485000,,put,02/15/2019,11/29/2018,1485,59.7,42.7,43.95,0,49,0.4011,-0.2221,0.001,-207.845,229.2787,AMZN190215P01485000
AMZN,1673.57,*,AMZN190215C01490000,,call,02/15/2019,11/29/2018,1490,245.1,236.75,239.8,1,37,0.4145,0.7667,0.001,-253.0237,235.5765,AMZN190215C01490000
AMZN,1673.57,*,AMZN190215P01490000,,put,02/15/2019,11/29/2018,1490,43.86,43.95,45.2,3,365,0.4004,-0.2272,0.001,-210.0881,232.2852,AMZN190215P01490000
AMZN,1673.57,*,AMZN190215C01495000,,call,02/15/2019,11/29/2018,1495,222.6,233,236.05,2,21,0.4134,0.7617,0.001,-255.0119,238.3383,AMZN190215C01495000
AMZN,1673.57,*,AMZN190215P01495000,,put,02/15/2019,11/29/2018,1495,43.52,45.35,46.5,50,104,0.4001,-0.2326,0.001,-212.5917,235.355,AMZN190215P01495000
AMZN,1673.57,*,AMZN190215C01500000,,call,02/15/2019,11/29/2018,1500,231.48,229.15,232.4,14,387,0.4122,0.7567,0.001,-256.8821,241.0532,AMZN190215C01500000
AMZN,1673.57,*,AMZN190215P01500000,,put,02/15/2019,11/29/2018,1500,45.65,46.6,47.75,26,1039,0.3992,-0.2378,0.001,-214.5976,238.2494,AMZN190215P01500000
AMZN,1673.57,*,AMZN190215C01505000,,call,02/15/2019,11/29/2018,1505,148.35,223.55,232.05,0,48,0.414,0.7505,0.001,-260.9503,244.3301,AMZN190215C01505000
AMZN,1673.57,*,AMZN190215P01505000,,put,02/15/2019,11/29/2018,1505,47.15,47.8,49.1,1,458,0.3982,-0.2431,0.001,-216.4837,241.0911,AMZN190215P01505000
AMZN,1673.57,*,AMZN190215C01510000,,call,02/15/2019,11/29/2018,1510,220.38,222.15,225.25,2,80,0.4112,0.746,0.001,-261.5324,246.6661,AMZN190215C01510000
AMZN,1673.57,*,AMZN190215P01510000,,put,02/15/2019,11/29/2018,1510,53.35,49.2,50.45,6,108,0.3976,-0.2485,0.001,-218.6237,243.9843,AMZN190215P01510000
AMZN,1673.57,*,AMZN190215C01515000,,call,02/15/2019,11/29/2018,1515,223.98,218.5,222,3,55,0.4109,0.7405,0.001,-263.9314,249.4458,AMZN190215C01515000
AMZN,1673.57,*,AMZN190215P01515000,,put,02/15/2019,11/29/2018,1515,50.65,50.6,51.85,2,342,0.397,-0.254,0.001,-220.7143,246.8365,AMZN190215P01515000
AMZN,1673.57,*,AMZN190215C01520000,,call,02/15/2019,11/29/2018,1520,223.15,214.75,217.85,3,48,0.4085,0.7356,0.001,-264.7215,251.8187,AMZN190215C01520000
AMZN,1673.57,*,AMZN190215P01520000,,put,02/15/2019,11/29/2018,1520,50.1,51.95,53.25,2,211,0.3961,-0.2595,0.0011,-222.5302,249.5895,AMZN190215P01520000
AMZN,1673.57,*,AMZN190215C01525000,,call,02/15/2019,11/29/2018,1525,219.6,211.5,214.45,2,78,0.4085,0.7299,0.0011,-267.2398,254.5689,AMZN190215C01525000
AMZN,1673.57,*,AMZN190215P01525000,,put,02/15/2019,11/29/2018,1525,52.6,53.4,54.7,1,205,0.3955,-0.2652,0.0011,-224.5174,252.3567,AMZN190215P01525000
AMZN,1673.57,*,AMZN190215C01530000,,call,02/15/2019,11/29/2018,1530,218.45,207.9,210.8,8,151,0.4072,0.7245,0.0011,-268.7432,257.0621,AMZN190215C01530000
AMZN,1673.57,*,AMZN190215P01530000,,put,02/15/2019,11/29/2018,1530,56.4,54.75,56.2,0,99,0.3946,-0.2708,0.0011,-226.228,255.0261,AMZN190215P01530000
AMZN,1673.57,*,AMZN190215C01535000,,call,02/15/2019,11/29/2018,1535,212.45,204.35,207.6,1,98,0.4068,0.7188,0.0011,-270.8545,259.6503,AMZN190215C01535000
AMZN,1673.57,*,AMZN190215P01535000,,put,02/15/2019,11/29/2018,1535,54.9,56.25,57.65,3,61,0.3938,-0.2765,0.0011,-227.9575,257.6679,AMZN190215P01535000
AMZN,1673.57,*,AMZN190215C01540000,,call,02/15/2019,11/29/2018,1540,200.4,201.15,204.05,1,69,0.4062,0.7131,0.0011,-272.7608,262.1578,AMZN190215C01540000
AMZN,1673.57,*,AMZN190215P01540000,,put,02/15/2019,11/29/2018,1540,55,57.85,59.25,4,144,0.3933,-0.2823,0.0011,-229.8507,260.3074,AMZN190215P01540000
AMZN,1673.57,*,AMZN190215C01545000,,call,02/15/2019,11/29/2018,1545,196.55,197.6,200.7,26,30,0.4053,0.7075,0.0011,-274.3891,264.5752,AMZN190215C01545000
AMZN,1673.57,*,AMZN190215P01545000,,put,02/15/2019,11/29/2018,1545,63.74,59.35,60.9,1,46,0.3927,-0.2882,0.0011,-231.6107,262.8779,AMZN190215P01545000
AMZN,1673.57,*,AMZN190215C01550000,,call,02/15/2019,11/29/2018,1550,202.66,194.25,197.5,6,709,0.4053,0.7015,0.0011,-276.613,267.0521,AMZN190215C01550000
AMZN,1673.57,*,AMZN190215P01550000,,put,02/15/2019,11/29/2018,1550,59.64,60.9,62.45,35,702,0.3919,-0.2941,0.0011,-233.1636,265.3667,AMZN190215P01550000
AMZN,1673.57,*,AMZN190215C01555000,,call,02/15/2019,11/29/2018,1555,197.92,190.8,194.15,7,30,0.4039,0.6959,0.0011,-277.7567,269.3077,AMZN190215C01555000
AMZN,1673.57,*,AMZN190215P01555000,,put,02/15/2019,11/29/2018,1555,70.57,62.6,64.15,20,31,0.3915,-0.3001,0.0012,-234.9461,267.8514,AMZN190215P01555000
AMZN,1673.57,*,AMZN190215C01560000,,call,02/15/2019,11/29/2018,1560,185.65,187.4,190.9,2,50,0.4031,0.69,0.0011,-279.2746,271.5816,AMZN190215C01560000
AMZN,1673.57,*,AMZN190215P01560000,,put,02/15/2019,11/29/2018,1560,66.6,64.2,65.7,2,157,0.3905,-0.3061,0.0012,-236.2281,270.2049,AMZN190215P01560000
AMZN,1673.57,*,AMZN190215C01565000,,call,02/15/2019,11/29/2018,1565,178.99,183.9,188.2,0,119,0.403,0.684,0.0011,-281.2337,273.8672,AMZN190215C01565000
AMZN,1673.57,*,AMZN190215P01565000,,put,02/15/2019,11/29/2018,1565,65.8,65.95,67.4,1,79,0.39,-0.3122,0.0012,-237.8084,272.5575,AMZN190215P01565000
AMZN,1673.57,*,AMZN190215C01570000,,call,02/15/2019,11/29/2018,1570,188.9,181.05,183.75,5,51,0.4009,0.6783,0.0012,-281.6859,275.908,AMZN190215C01570000
AMZN,1673.57,*,AMZN190215P01570000,,put,02/15/2019,11/29/2018,1570,73.5,67.55,69.15,0,190,0.3892,-0.3183,0.0012,-239.1048,274.8163,AMZN190215P01570000
AMZN,1673.57,*,AMZN190215C01575000,,call,02/15/2019,11/29/2018,1575,189.12,177.9,180.45,5,60,0.4001,0.6723,0.0012,-283.0096,278.0148,AMZN190215C01575000
AMZN,1673.57,*,AMZN190215P01575000,,put,02/15/2019,11/29/2018,1575,68.09,69.3,70.9,0,81,0.3885,-0.3245,0.0012,-240.4058,277.0228,AMZN190215P01575000
AMZN,1673.57,*,AMZN190215C01580000,,call,02/15/2019,11/29/2018,1580,187,174.5,177.35,26,170,0.3992,0.6663,0.0012,-284.194,280.0535,AMZN190215C01580000
AMZN,1673.57,*,AMZN190215P01580000,,put,02/15/2019,11/29/2018,1580,74.67,71.15,72.7,26,311,0.388,-0.3308,0.0012,-241.7813,279.1809,AMZN190215P01580000
AMZN,1673.57,*,AMZN190215C01585000,,call,02/15/2019,11/29/2018,1585,160.75,171.6,174.15,5,88,0.3988,0.6601,0.0012,-285.6671,282.0648,AMZN190215C01585000
AMZN,1673.57,*,AMZN190215P01585000,,put,02/15/2019,11/29/2018,1585,71.9,72.85,74.55,1,97,0.3873,-0.337,0.0012,-242.9424,281.2546,AMZN190215P01585000
AMZN,1673.57,*,AMZN190215C01590000,,call,02/15/2019,11/29/2018,1590,174.21,168.25,170.95,2,142,0.3976,0.654,0.0012,-286.4985,283.9582,AMZN190215C01590000
AMZN,1673.57,*,AMZN190215P01590000,,put,02/15/2019,11/29/2018,1590,75,74.75,76.45,15,324,0.3868,-0.3434,0.0012,-244.1748,283.2733,AMZN190215P01590000
AMZN,1673.57,*,AMZN190215C01595000,,call,02/15/2019,11/29/2018,1595,163.45,165.1,168,2,38,0.3971,0.6478,0.0012,-287.758,285.829,AMZN190215C01595000
AMZN,1673.57,*,AMZN190215P01595000,,put,02/15/2019,11/29/2018,1595,80.36,76.65,78.3,4,278,0.3861,-0.3498,0.0012,-245.1912,285.2073,AMZN190215P01595000
AMZN,1673.57,*,AMZN190215C01600000,,call,02/15/2019,11/29/2018,1600,170.7,162.05,165.05,325,800,0.3966,0.6415,0.0012,-288.9445,287.6287,AMZN190215C01600000
AMZN,1673.57,*,AMZN190215P01600000,,put,02/15/2019,11/29/2018,1600,76.75,78.45,80.15,21,841,0.3852,-0.3562,0.0013,-245.9914,287.0592,AMZN190215P01600000
AMZN,1673.57,*,AMZN190215C01605000,,call,02/15/2019,11/29/2018,1605,160.9,159.25,162.05,8,89,0.3963,0.6351,0.0012,-290.1989,289.3643,AMZN190215C01605000
AMZN,1673.57,*,AMZN190215P01605000,,put,02/15/2019,11/29/2018,1605,85.53,80.55,82.2,2,60,0.385,-0.3627,0.0013,-247.2142,288.8726,AMZN190215P01605000
AMZN,1673.57,*,AMZN190215C01610000,,call,02/15/2019,11/29/2018,1610,158.75,156.05,158.7,10,74,0.3947,0.6289,0.0012,-290.4576,290.9774,AMZN190215C01610000
AMZN,1673.57,*,AMZN190215P01610000,,put,02/15/2019,11/29/2018,1610,81.05,82.5,84.15,3,459,0.3843,-0.3692,0.0013,-248.0053,290.5851,AMZN190215P01610000
AMZN,1673.57,*,AMZN190215C01615000,,call,02/15/2019,11/29/2018,1615,162.35,153.15,156,18,84,0.3945,0.6225,0.0012,-291.6327,292.5702,AMZN190215C01615000
AMZN,1673.57,*,AMZN190215P01615000,,put,02/15/2019,11/29/2018,1615,86.1,84.35,86.2,16,60,0.3834,-0.3757,0.0013,-248.5779,292.2146,AMZN190215P01615000
AMZN,1673.57,*,AMZN190215C01620000,,call,02/15/2019,11/29/2018,1620,155.85,150.45,153.25,15,88,0.3946,0.616,0.0013,-292.9428,294.0912,AMZN190215C01620000
AMZN,1673.57,*,AMZN190215P01620000,,put,02/15/2019,11/29/2018,1620,85,86.55,88.25,10,140,0.3831,-0.3823,0.0013,-249.4973,293.7854,AMZN190215P01620000
AMZN,1673.57,*,AMZN190215C01625000,,call,02/15/2019,11/29/2018,1625,155.75,147.55,150.35,26,90,0.3939,0.6096,0.0013,-293.6105,295.5129,AMZN190215C01625000
AMZN,1673.57,*,AMZN190215P01625000,,put,02/15/2019,11/29/2018,1625,89.8,88.55,90.35,0,103,0.3823,-0.3889,0.0013,-249.9842,295.2614,AMZN190215P01625000
AMZN,1673.57,*,AMZN190215C01630000,,call,02/15/2019,11/29/2018,1630,150.5,144.6,147.55,34,129,0.3932,0.6031,0.0013,-294.2007,296.8582,AMZN190215C01630000
AMZN,1673.57,*,AMZN190215P01630000,,put,02/15/2019,11/29/2018,1630,90.48,90.65,92.5,11,210,0.3818,-0.3956,0.0013,-250.6035,296.6633,AMZN190215P01630000
AMZN,1673.57,*,AMZN190215C01635000,,call,02/15/2019,11/29/2018,1635,148.7,141.95,144.35,4,65,0.3922,0.5967,0.0013,-294.5012,298.1225,AMZN190215C01635000
AMZN,1673.57,*,AMZN190215P01635000,,put,02/15/2019,11/29/2018,1635,96.04,92.3,94.75,0,34,0.3805,-0.4022,0.0013,-250.5777,297.9705,AMZN190215P01635000
AMZN,1673.57,*,AMZN190215C01640000,,call,02/15/2019,11/29/2018,1640,143.27,139.15,141.7,203,361,0.3917,0.5901,0.0013,-295.0755,299.3145,AMZN190215C01640000
AMZN,1673.57,*,AMZN190215P01640000,,put,02/15/2019,11/29/2018,1640,93.9,94.5,96.95,2,99,0.38,-0.4089,0.0013,-251.0359,299.2073,AMZN190215P01640000
AMZN,1673.57,*,AMZN190215C01645000,,call,02/15/2019,11/29/2018,1645,141.05,136.15,138.8,25,50,0.3905,0.5836,0.0013,-295.0768,300.4217,AMZN190215C01645000
AMZN,1673.57,*,AMZN190215P01645000,,put,02/15/2019,11/29/2018,1645,93.74,97.2,99.1,3,108,0.3801,-0.4157,0.0013,-251.8362,300.3621,AMZN190215P01645000
AMZN,1673.57,*,AMZN190215C01650000,,call,02/15/2019,11/29/2018,1650,135.83,133.6,136.15,68,722,0.3903,0.577,0.0013,-295.7038,301.4533,AMZN190215C01650000
AMZN,1673.57,*,AMZN190215P01650000,,put,02/15/2019,11/29/2018,1650,95.67,99.65,101.4,1,239,0.3799,-0.4225,0.0013,-252.343,301.4253,AMZN190215P01650000
AMZN,1673.57,*,AMZN190215C01655000,,call,02/15/2019,11/29/2018,1655,138.45,130.85,133.35,9,212,0.3893,0.5704,0.0013,-295.6859,302.4007,AMZN190215C01655000
AMZN,1673.57,*,AMZN190215P01655000,,put,02/15/2019,11/29/2018,1655,107.13,101.9,103.75,0,117,0.3794,-0.4293,0.0013,-252.5559,302.3994,AMZN190215P01655000
AMZN,1673.57,*,AMZN190215C01660000,,call,02/15/2019,11/29/2018,1660,129.19,128.15,130.55,20,125,0.3884,0.5638,0.0013,-295.6576,303.2664,AMZN190215C01660000
AMZN,1673.57,*,AMZN190215P01660000,,put,02/15/2019,11/29/2018,1660,101.42,104.1,106.1,37,91,0.3786,-0.4361,0.0013,-252.4742,303.2861,AMZN190215P01660000
AMZN,1673.57,*,AMZN190215C01665000,,call,02/15/2019,11/29/2018,1665,136.21,125.8,128.25,28,101,0.3888,0.5571,0.0013,-296.4685,304.0441,AMZN190215C01665000
AMZN,1673.57,*,AMZN190215P01665000,,put,02/15/2019,11/29/2018,1665,103.66,106.5,108.5,20,82,0.3781,-0.4429,0.0014,-252.5217,304.0841,AMZN190215P01665000
AMZN,1673.57,*,AMZN190215C01670000,,call,02/15/2019,11/29/2018,1670,133.3,123.2,125.35,73,97,0.3876,0.5505,0.0013,-296.066,304.7429,AMZN190215C01670000
AMZN,1673.57,*,AMZN190215P01670000,,put,02/15/2019,11/29/2018,1670,104.39,108.9,110.85,4,137,0.3775,-0.4497,0.0014,-252.4155,304.7933,AMZN190215P01670000
AMZN,1673.57,*,AMZN190215C01675000,,call,02/15/2019,11/29/2018,1675,130.2,120.6,122.75,41,59,0.3869,0.5438,0.0013,-295.9361,305.3547,AMZN190215C01675000
AMZN,1673.57,*,AMZN190215P01675000,,put,02/15/2019,11/29/2018,1675,115,111.4,113.3,7,63,0.3771,-0.4566,0.0014,-252.3683,305.4116,AMZN190215P01675000
AMZN,1673.57,*,AMZN190215C01680000,,call,02/15/2019,11/29/2018,1680,124,118.1,120.45,35,191,0.3867,0.5371,0.0013,-296.0809,305.8777,AMZN190215C01680000
AMZN,1673.57,*,AMZN190215P01680000,,put,02/15/2019,11/29/2018,1680,111.73,113.75,115.75,29,313,0.3763,-0.4635,0.0014,-251.9535,305.9418,AMZN190215P01680000
AMZN,1673.57,*,AMZN190215C01685000,,call,02/15/2019,11/29/2018,1685,121,115.8,118,4,174,0.3864,0.5304,0.0013,-296.0746,306.3153,AMZN190215C01685000
AMZN,1673.57,*,AMZN190215P01685000,,put,02/15/2019,11/29/2018,1685,114,116.3,118.35,19,53,0.376,-0.4703,0.0014,-251.8118,306.3783,AMZN190215P01685000
AMZN,1673.57,*,AMZN190215C01690000,,call,02/15/2019,11/29/2018,1690,123.6,113.4,115.5,27,210,0.3859,0.5238,0.0013,-295.8453,306.6678,AMZN190215C01690000
AMZN,1673.57,*,AMZN190215P01690000,,put,02/15/2019,11/29/2018,1690,166.05,118.3,121,0,268,0.3748,-0.4773,0.0014,-250.9435,306.7288,AMZN190215P01690000
AMZN,1673.57,*,AMZN190215C01700000,,call,02/15/2019,11/29/2018,1700,108.4,108.5,110.7,169,1009,0.3845,0.5103,0.0013,-294.8576,307.1148,AMZN190215C01700000
AMZN,1673.57,*,AMZN190215P01700000,,put,02/15/2019,11/29/2018,1700,120,124.05,126.15,29,883,0.3747,-0.4909,0.0014,-250.6079,307.1437,AMZN190215P01700000
AMZN,1673.57,*,AMZN190215C01710000,,call,02/15/2019,11/29/2018,1710,109.5,104.05,105.9,13,84,0.3835,0.4969,0.0013,-293.8368,307.2123,AMZN190215C01710000
AMZN,1673.57,*,AMZN190215P01710000,,put,02/15/2019,11/29/2018,1710,133.53,129.45,131.6,10,237,0.3741,-0.5046,0.0014,-249.5907,307.1988,AMZN190215P01710000
AMZN,1673.57,*,AMZN190215C01720000,,call,02/15/2019,11/29/2018,1720,105.23,99.4,101.45,19,108,0.3823,0.4835,0.0014,-292.3535,306.9615,AMZN190215C01720000
AMZN,1673.57,*,AMZN190215P01720000,,put,02/15/2019,11/29/2018,1720,139,134.75,136.85,3,400,0.3724,-0.5185,0.0014,-247.4481,306.8846,AMZN190215P01720000
AMZN,1673.57,*,AMZN190215C01725000,,call,02/15/2019,11/29/2018,1725,97.98,97.3,99.3,35,84,0.3821,0.4768,0.0014,-291.7877,306.7097,AMZN190215C01725000
AMZN,1673.57,*,AMZN190215P01725000,,put,02/15/2019,11/29/2018,1725,132.45,137.55,139.9,1,58,0.3723,-0.5253,0.0014,-246.8054,306.5963,AMZN190215P01725000
AMZN,1673.57,*,AMZN190215C01730000,,call,02/15/2019,11/29/2018,1730,100,95.05,97,61,64,0.3812,0.4701,0.0014,-290.6294,306.3637,AMZN190215C01730000
AMZN,1673.57,*,AMZN190215P01730000,,put,02/15/2019,11/29/2018,1730,150,140.35,142.7,0,256,0.3718,-0.5321,0.0014,-245.7902,306.2142,AMZN190215P01730000
AMZN,1673.57,*,AMZN190215C01740000,,call,02/15/2019,11/29/2018,1740,92.07,91,92.7,41,111,0.3804,0.4568,0.0014,-288.8208,305.4281,AMZN190215C01740000
AMZN,1673.57,*,AMZN190215P01740000,,put,02/15/2019,11/29/2018,1740,145.02,146.1,148.55,2,239,0.371,-0.5457,0.0014,-243.6748,305.1851,AMZN190215P01740000
AMZN,1673.57,*,AMZN190215C01750000,,call,02/15/2019,11/29/2018,1750,92,86.9,88.6,96,605,0.3794,0.4435,0.0014,-286.5638,304.1498,AMZN190215C01750000
AMZN,1673.57,*,AMZN190215P01750000,,put,02/15/2019,11/29/2018,1750,151.93,152,154.5,2,693,0.3703,-0.5592,0.0014,-241.3311,303.808,AMZN190215P01750000
AMZN,1673.57,*,AMZN190215C01760000,,call,02/15/2019,11/29/2018,1760,90.21,82.95,84.75,35,278,0.3787,0.4304,0.0013,-284.2424,302.5512,AMZN190215C01760000
AMZN,1673.57,*,AMZN190215P01760000,,put,02/15/2019,11/29/2018,1760,158.6,157.85,160.4,54,176,0.3689,-0.5729,0.0014,-238.1569,302.0506,AMZN190215P01760000
AMZN,1673.57,*,AMZN190215C01770000,,call,02/15/2019,11/29/2018,1770,86,79.2,80.9,34,214,0.3779,0.4174,0.0013,-281.5637,300.6257,AMZN190215C01770000
AMZN,1673.57,*,AMZN190215P01770000,,put,02/15/2019,11/29/2018,1770,169.55,163.9,166.7,1,217,0.3681,-0.5863,0.0014,-235.1492,299.9773,AMZN190215P01770000
AMZN,1673.57,*,AMZN190215C01780000,,call,02/15/2019,11/29/2018,1780,79.54,75.35,77.2,33,975,0.3768,0.4043,0.0013,-278.3771,298.3603,AMZN190215C01780000
AMZN,1673.57,*,AMZN190215P01780000,,put,02/15/2019,11/29/2018,1780,176.94,170.55,172.95,6,326,0.3678,-0.5993,0.0014,-232.2567,297.616,AMZN190215P01780000
AMZN,1673.57,*,AMZN190215C01790000,,call,02/15/2019,11/29/2018,1790,79.2,71.9,73.65,22,655,0.3761,0.3915,0.0013,-275.2387,295.8158,AMZN190215C01790000
AMZN,1673.57,*,AMZN190215P01790000,,put,02/15/2019,11/29/2018,1790,179.5,176.8,179.5,6,390,0.3669,-0.6125,0.0014,-228.6292,294.8887,AMZN190215P01790000
AMZN,1673.57,*,AMZN190215C01800000,,call,02/15/2019,11/29/2018,1800,73.4,68.5,70.1,176,1720,0.3752,0.3788,0.0013,-271.6887,292.9533,AMZN190215C01800000
AMZN,1673.57,*,AMZN190215P01800000,,put,02/15/2019,11/29/2018,1800,186.1,183.45,185.9,8,1052,0.3661,-0.6254,0.0013,-224.8242,291.8589,AMZN190215P01800000
AMZN,1673.57,*,AMZN190215C01810000,,call,02/15/2019,11/29/2018,1810,70.66,65.2,66.8,6,228,0.3739,0.366,0.0013,-267.5683,289.7437,AMZN190215C01810000
AMZN,1673.57,*,AMZN190215P01810000,,put,02/15/2019,11/29/2018,1810,188.5,190.2,192.7,12,401,0.3656,-0.6381,0.0013,-221.0207,288.5728,AMZN190215P01810000
AMZN,1673.57,*,AMZN190215C01820000,,call,02/15/2019,11/29/2018,1820,65.4,62.1,63.55,4,223,0.3737,0.3539,0.0013,-264.1168,286.4082,AMZN190215C01820000
AMZN,1673.57,*,AMZN190215P01820000,,put,02/15/2019,11/29/2018,1820,197.71,196.15,199.75,48,577,0.3638,-0.6513,0.0013,-215.9111,284.7924,AMZN190215P01820000
AMZN,1673.57,*,AMZN190215C01830000,,call,02/15/2019,11/29/2018,1830,65.3,58.95,60.55,3,316,0.3729,0.3417,0.0013,-259.9576,282.7249,AMZN190215C01830000
AMZN,1673.57,*,AMZN190215P01830000,,put,02/15/2019,11/29/2018,1830,212.2,203.8,206.55,4,322,0.3642,-0.6631,0.0013,-212.4143,281.1132,AMZN190215P01830000
AMZN,1673.57,*,AMZN190215C01840000,,call,02/15/2019,11/29/2018,1840,62,56.1,57.55,2,202,0.3723,0.3297,0.0013,-255.7631,278.8278,AMZN190215C01840000
AMZN,1673.57,*,AMZN190215P01840000,,put,02/15/2019,11/29/2018,1840,210.53,210.8,213.7,3,196,0.3636,-0.6752,0.0013,-207.8848,277.0125,AMZN190215P01840000
AMZN,1673.57,*,AMZN190215C01850000,,call,02/15/2019,11/29/2018,1850,55.93,53.2,54.7,23,811,0.3714,0.3178,0.0012,-251.122,274.631,AMZN190215C01850000
AMZN,1673.57,*,AMZN190215P01850000,,put,02/15/2019,11/29/2018,1850,214.7,218,220.9,2,356,0.363,-0.6872,0.0013,-203.168,272.6737,AMZN190215P01850000
AMZN,1673.57,*,AMZN190215C01860000,,call,02/15/2019,11/29/2018,1860,55.05,50.45,51.9,7,228,0.3706,0.3061,0.0012,-246.3868,270.2262,AMZN190215C01860000
AMZN,1673.57,*,AMZN190215P01860000,,put,02/15/2019,11/29/2018,1860,303.05,222,231.5,0,158,0.3623,-0.699,0.0012,-198.1899,268.0849,AMZN190215P01860000
AMZN,1673.57,*,AMZN190215C01870000,,call,02/15/2019,11/29/2018,1870,50.5,47.95,49.3,7,129,0.3702,0.2949,0.0012,-241.8397,265.7167,AMZN190215C01870000
AMZN,1673.57,*,AMZN190215P01870000,,put,02/15/2019,11/29/2018,1870,349.07,229.5,238.95,0,425,0.362,-0.7103,0.0012,-193.4061,263.3991,AMZN190215P01870000
AMZN,1673.57,*,AMZN190215C01880000,,call,02/15/2019,11/29/2018,1880,48.93,45.5,46.9,3,171,0.3699,0.284,0.0012,-237.2389,261.0561,AMZN190215C01880000
AMZN,1673.57,*,AMZN190215P01880000,,put,02/15/2019,11/29/2018,1880,394.75,237.05,246.55,0,171,0.3617,-0.7213,0.0012,-188.4838,258.5357,AMZN190215P01880000
AMZN,1673.57,*,AMZN190215C01890000,,call,02/15/2019,11/29/2018,1890,48,43.15,44.35,2,202,0.3691,0.273,0.0012,-232.0574,256.0726,AMZN190215C01890000
AMZN,1673.57,*,AMZN190215P01890000,,put,02/15/2019,11/29/2018,1890,326.8,245,254.25,0,196,0.3619,-0.7318,0.0012,-183.892,253.6809,AMZN190215P01890000
AMZN,1673.57,*,AMZN190215C01900000,,call,02/15/2019,11/29/2018,1900,42,40.9,42.2,39,1621,0.369,0.2627,0.0011,-227.3924,251.1613,AMZN190215C01900000
AMZN,1673.57,*,AMZN190215P01900000,,put,02/15/2019,11/29/2018,1900,265,252.65,262.05,1,353,0.3614,-0.7424,0.0012,-178.5554,248.4484,AMZN190215P01900000
AMZN,1673.57,*,AMZN190215C01910000,,call,02/15/2019,11/29/2018,1910,43.35,38.8,39.95,19,329,0.3687,0.2525,0.0011,-222.4449,246.0529,AMZN190215C01910000
AMZN,1673.57,*,AMZN190215P01910000,,put,02/15/2019,11/29/2018,1910,377,260.5,269.2,0,250,0.3596,-0.7539,0.0011,-171.9096,242.5628,AMZN190215P01910000
AMZN,1673.57,*,AMZN190215C01920000,,call,02/15/2019,11/29/2018,1920,41.11,36.7,37.85,7,190,0.3683,0.2425,0.0011,-217.3158,240.787,AMZN190215C01920000
AMZN,1673.57,*,AMZN190215P01920000,,put,02/15/2019,11/29/2018,1920,320.5,268.5,277.15,0,374,0.3593,-0.7639,0.0011,-166.5615,237.1145,AMZN190215P01920000
AMZN,1673.57,*,AMZN190215C01930000,,call,02/15/2019,11/29/2018,1930,38,34.85,36,2,158,0.3676,0.2325,0.0011,-211.8268,235.2866,AMZN190215C01930000
AMZN,1673.57,*,AMZN190215P01930000,,put,02/15/2019,11/29/2018,1930,418.9,276.5,285.25,0,228,0.359,-0.7737,0.0011,-161.1442,231.5663,AMZN190215P01930000
AMZN,1673.57,*,AMZN190215C01940000,,call,02/15/2019,11/29/2018,1940,20.59,32.85,34.1,0,175,0.3669,0.2227,0.0011,-206.269,229.6777,AMZN190215C01940000
AMZN,1673.57,*,AMZN190215P01940000,,put,02/15/2019,11/29/2018,1940,419.85,285,293.9,0,174,0.3606,-0.7818,0.0011,-157.4808,226.8184,AMZN190215P01940000
AMZN,1673.57,*,AMZN190215C01945000,,call,02/15/2019,11/29/2018,1945,33.3,32.05,33.15,0,60,0.3669,0.2182,0.001,-203.8019,226.9967,AMZN190215C01945000
AMZN,1673.57,*,AMZN190215P01945000,,put,02/15/2019,11/29/2018,1945,356.15,288.85,297.55,0,31,0.3589,-0.7876,0.001,-153.2514,223.2574,AMZN190215P01945000
AMZN,1673.57,*,AMZN190215C01950000,,call,02/15/2019,11/29/2018,1950,35,31.1,32.3,55,779,0.3666,0.2135,0.001,-201.0379,224.1618,AMZN190215C01950000
AMZN,1673.57,*,AMZN190215P01950000,,put,02/15/2019,11/29/2018,1950,418.44,293,301.7,0,316,0.3588,-0.7922,0.001,-150.5372,220.4264,AMZN190215P01950000
AMZN,1673.57,*,AMZN190215C01955000,,call,02/15/2019,11/29/2018,1955,27.9,30.2,31.45,0,48,0.3664,0.209,0.001,-198.3593,221.3559,AMZN190215C01955000
AMZN,1673.57,*,AMZN190215P01955000,,put,02/15/2019,11/29/2018,1955,346.5,297.5,305.9,0,32,0.3597,-0.7959,0.001,-148.7771,218.0827,AMZN190215P01955000
AMZN,1673.57,*,AMZN190215C01960000,,call,02/15/2019,11/29/2018,1960,28.85,29.6,30.65,1,219,0.3669,0.2051,0.001,-196.3457,218.877,AMZN190215C01960000
AMZN,1673.57,*,AMZN190215P01960000,,put,02/15/2019,11/29/2018,1960,444.85,301.1,310.1,0,154,0.3582,-0.8014,0.001,-144.7016,214.5222,AMZN190215P01960000
AMZN,1673.57,*,AMZN190215C01965000,,call,02/15/2019,11/29/2018,1965,29.62,28.7,29.75,3,78,0.3664,0.2004,0.001,-193.3644,215.9009,AMZN190215C01965000
AMZN,1673.57,*,AMZN190215P01965000,,put,02/15/2019,11/29/2018,1965,304.2,305.9,314.3,2,55,0.3597,-0.8045,0.001,-143.5146,212.4886,AMZN190215P01965000
AMZN,1673.57,*,AMZN190215C01970000,,call,02/15/2019,11/29/2018,1970,30.99,28,28.95,2,512,0.3665,0.1963,0.001,-190.9561,213.2123,AMZN190215C01970000
AMZN,1673.57,*,AMZN190215P01970000,,put,02/15/2019,11/29/2018,1970,369.5,310,318.55,0,242,0.3594,-0.8089,0.001,-140.5875,209.5226,AMZN190215P01970000
AMZN,1673.57,*,AMZN190215C01975000,,call,02/15/2019,11/29/2018,1975,26,27.25,28.2,25,170,0.3665,0.1922,0.001,-188.4481,210.4678,AMZN190215C01975000
AMZN,1673.57,*,AMZN190215P01975000,,put,02/15/2019,11/29/2018,1975,436.41,313.9,323.4,0,29,0.3599,-0.8127,0.001,-138.4338,206.9781,AMZN190215P01975000
AMZN,1673.57,*,AMZN190215C01980000,,call,02/15/2019,11/29/2018,1980,29.5,26.45,27.45,1,197,0.3663,0.1879,0.001,-185.7439,207.6129,AMZN190215C01980000
AMZN,1673.57,*,AMZN190215P01980000,,put,02/15/2019,11/29/2018,1980,346.05,318.9,327.7,0,93,0.3619,-0.8152,0.001,-137.7388,205.2565,AMZN190215P01980000
AMZN,1673.57,*,AMZN190215C01985000,,call,02/15/2019,11/29/2018,1985,29.21,25.7,26.8,6,159,0.3664,0.184,0.0009,-183.33,204.9126,AMZN190215C01985000
AMZN,1673.57,*,AMZN190215P01985000,,put,02/15/2019,11/29/2018,1985,321.1,323.25,332.05,3,51,0.3622,-0.8189,0.0009,-135.3957,202.6265,AMZN190215P01985000
AMZN,1673.57,*,AMZN190215C01990000,,call,02/15/2019,11/29/2018,1990,27.4,25.05,26.05,24,354,0.3664,0.1801,0.0009,-180.8194,202.1576,AMZN190215C01990000
AMZN,1673.57,*,AMZN190215P01990000,,put,02/15/2019,11/29/2018,1990,331.38,327,336.4,0,166,0.3609,-0.8239,0.0009,-131.4959,199.1028,AMZN190215P01990000
AMZN,1673.57,*,AMZN190215C01995000,,call,02/15/2019,11/29/2018,1995,26.7,24.35,25.35,3,257,0.3663,0.1761,0.0009,-178.2129,199.3466,AMZN190215C01995000
AMZN,1673.57,*,AMZN190215P01995000,,put,02/15/2019,11/29/2018,1995,329.7,331.9,340.75,2,96,0.3626,-0.8265,0.0009,-130.5221,197.268,AMZN190215P01995000
AMZN,1673.57,*,AMZN190215C02000000,,call,02/15/2019,11/29/2018,2000,23.99,23.7,24.65,120,2523,0.3663,0.1723,0.0009,-175.7065,196.5913,AMZN190215C02000000
AMZN,1673.57,*,AMZN190215P02000000,,put,02/15/2019,11/29/2018,2000,333.18,336,345.15,3,519,0.3622,-0.8306,0.0009,-127.5051,194.2502,AMZN190215P02000000
AMZN,1673.57,*,AMZN190215C02005000,,call,02/15/2019,11/29/2018,2005,26.16,23,24.05,11,102,0.3663,0.1685,0.0009,-173.2041,193.8382,AMZN190215C02005000
AMZN,1673.57,*,AMZN190215P02005000,,put,02/15/2019,11/29/2018,2005,338.45,340.5,349.55,2,104,0.3628,-0.8339,0.0009,-125.469,191.8138,AMZN190215P02005000
AMZN,1673.57,*,AMZN190215C02015000,,call,02/15/2019,11/29/2018,2015,23.23,21.75,22.75,4,208,0.3662,0.1611,0.0009,-168.1173,188.2849,AMZN190215C02015000
AMZN,1673.57,*,AMZN190215P02015000,,put,02/15/2019,11/29/2018,2015,470.05,349.55,357.85,0,9,0.3626,-0.8413,0.0009,-120.0486,186.144,AMZN190215P02015000
AMZN,1673.57,*,AMZN190215C02025000,,call,02/15/2019,11/29/2018,2025,22.31,20.55,21.6,11,174,0.3664,0.1542,0.0008,-163.3518,182.9335,AMZN190215C02025000
AMZN,1673.57,*,AMZN190215P02025000,,put,02/15/2019,11/29/2018,2025,523.39,358.25,367.3,0,53,0.3641,-0.8472,0.0008,-116.3202,181.5377,AMZN190215P02025000
AMZN,1673.57,*,AMZN190215C02035000,,call,02/15/2019,11/29/2018,2035,20.8,19.4,20.35,1,101,0.3661,0.1472,0.0008,-158.1337,177.3117,AMZN190215C02035000
AMZN,1673.57,*,AMZN190215P02035000,,put,02/15/2019,11/29/2018,2035,401.65,366.35,376.2,0,9,0.3619,-0.8557,0.0008,-109.0182,174.69,AMZN190215P02035000
AMZN,1673.57,*,AMZN190215C02045000,,call,02/15/2019,11/29/2018,2045,20.9,18.35,19.25,113,82,0.3662,0.1406,0.0008,-153.3496,171.9757,AMZN190215C02045000
AMZN,1673.57,*,AMZN190215P02045000,,put,02/15/2019,11/29/2018,2045,401.19,376.5,386.2,0,33,0.3689,-0.857,0.0008,-110.7304,173.6669,AMZN190215P02045000
AMZN,1673.57,*,AMZN190215C02050000,,call,02/15/2019,11/29/2018,2050,20,17.85,18.8,12,325,0.3665,0.1377,0.0008,-151.2191,169.4856,AMZN190215C02050000
AMZN,1673.57,*,AMZN190215P02050000,,put,02/15/2019,11/29/2018,2050,410.56,381.1,390.35,0,66,0.3685,-0.8605,0.0008,-107.7979,170.7503,AMZN190215P02050000
AMZN,1673.57,*,AMZN190215C02055000,,call,02/15/2019,11/29/2018,2055,11.45,17.3,18.2,0,41,0.3661,0.1342,0.0008,-148.4209,166.5632,AMZN190215C02055000
AMZN,1673.57,*,AMZN190215P02055000,,put,02/15/2019,11/29/2018,2055,497.75,385,394.55,0,37,0.3659,-0.8656,0.0008,-102.7413,166.4348,AMZN190215P02055000
AMZN,1673.57,*,AMZN190215C02060000,,call,02/15/2019,11/29/2018,2060,16.35,16.85,17.7,1,70,0.3663,0.1313,0.0008,-146.22,164.0388,AMZN190215C02060000
AMZN,1673.57,*,AMZN190215P02060000,,put,02/15/2019,11/29/2018,2060,495.4,390.25,400,0,21,0.3659,-0.8687,0.0008,-100.2299,163.7799,AMZN190215P02060000
AMZN,1673.57,*,AMZN190215C02065000,,call,02/15/2019,11/29/2018,2065,17.3,16.4,17.3,1,29,0.3667,0.1285,0.0007,-144.2268,161.6615,AMZN190215C02065000
AMZN,1673.57,*,AMZN190215P02065000,,put,02/15/2019,11/29/2018,2065,486.07,394.45,404.4,0,13,0.3659,-0.8717,0.0007,-97.7335,161.1403,AMZN190215P02065000
AMZN,1673.57,*,AMZN190215C02070000,,call,02/15/2019,11/29/2018,2070,13,15.9,16.8,0,70,0.3665,0.1254,0.0007,-141.6679,158.9105,AMZN190215C02070000
AMZN,1673.57,*,AMZN190215P02070000,,put,02/15/2019,11/29/2018,2070,560.5,399.25,408.85,0,13,0.3659,-0.8747,0.0007,-95.2527,158.5167,AMZN190215P02070000
AMZN,1673.57,*,AMZN190215C02075000,,call,02/15/2019,11/29/2018,2075,10.2,15.45,16.45,0,171,0.3669,0.1228,0.0007,-139.7042,156.5702,AMZN190215C02075000
AMZN,1673.57,*,AMZN190215P02075000,,put,02/15/2019,11/29/2018,2075,516.65,404,413.7,0,12,0.3659,-0.8776,0.0007,-92.7882,155.9099,AMZN190215P02075000
AMZN,1673.57,*,AMZN190215C02080000,,call,02/15/2019,11/29/2018,2080,16.49,15.05,16,15,73,0.3671,0.12,0.0007,-137.5631,154.1177,AMZN190215C02080000
AMZN,1673.57,*,AMZN190215P02080000,,put,02/15/2019,11/29/2018,2080,493.51,408.7,418.25,0,15,0.3659,-0.8805,0.0007,-90.3407,153.3208,AMZN190215P02080000
AMZN,1673.57,*,AMZN190215C02085000,,call,02/15/2019,11/29/2018,2085,15.35,14.65,15.55,0,420,0.3673,0.1174,0.0007,-135.4383,151.6848,AMZN190215C02085000
AMZN,1673.57,*,AMZN190215P02085000,,put,02/15/2019,11/29/2018,2085,467.5,413.25,423,0,29,0.3659,-0.8833,0.0007,-87.9109,150.7501,AMZN190215P02085000
AMZN,1673.57,*,AMZN190215C02090000,,call,02/15/2019,11/29/2018,2090,9.13,14.25,15.05,0,87,0.3672,0.1145,0.0007,-133.0437,149.0711,AMZN190215C02090000
AMZN,1673.57,*,AMZN190215P02090000,,put,02/15/2019,11/29/2018,2090,491.05,418,427.1,0,10,0.3659,-0.8861,0.0007,-85.4992,148.1984,AMZN190215P02090000
AMZN,1673.57,*,AMZN190215C02095000,,call,02/15/2019,11/29/2018,2095,7,13.85,14.7,0,28,0.3675,0.112,0.0007,-131.049,146.7452,AMZN190215C02095000
AMZN,1673.57,*,AMZN190215P02095000,,put,02/15/2019,11/29/2018,2095,476.85,422.6,432.3,0,9,0.3659,-0.8888,0.0007,-83.1064,145.6666,AMZN190215P02095000
AMZN,1673.57,*,AMZN190215C02100000,,call,02/15/2019,11/29/2018,2100,15,13.5,14.25,65,984,0.3676,0.1094,0.0007,-128.8816,144.3059,AMZN190215C02100000
AMZN,1673.57,*,AMZN190215P02100000,,put,02/15/2019,11/29/2018,2100,441.27,426.9,436.75,5,117,0.3659,-0.8915,0.0007,-80.7328,143.1551,AMZN190215P02100000
AMZN,1673.57,*,AMZN190215C02105000,,call,02/15/2019,11/29/2018,2105,13.45,13.1,13.9,9,36,0.3678,0.107,0.0007,-126.8275,141.9555,AMZN190215C02105000
AMZN,1673.57,*,AMZN190215P02105000,,put,02/15/2019,11/29/2018,2105,486.25,432,441.65,0,20,0.3659,-0.8941,0.0006,-78.3791,140.6647,AMZN190215P02105000
AMZN,1673.57,*,AMZN190215C02110000,,call,02/15/2019,11/29/2018,2110,11.91,12.7,13.6,5,53,0.3682,0.1047,0.0006,-124.9803,139.7629,AMZN190215C02110000
AMZN,1673.57,*,AMZN190215P02110000,,put,02/15/2019,11/29/2018,2110,507.05,436.5,446.15,0,24,0.3659,-0.8966,0.0006,-76.0457,138.196,AMZN190215P02110000
AMZN,1673.57,*,AMZN190215C02115000,,call,02/15/2019,11/29/2018,2115,6.15,12.35,13.2,0,21,0.3682,0.1022,0.0006,-122.7752,137.3211,AMZN190215C02115000
AMZN,1673.57,*,AMZN190215P02115000,,put,02/15/2019,11/29/2018,2115,298.55,441.5,451.25,0,14,0.3659,-0.8991,0.0006,-73.7331,135.7494,AMZN190215P02115000
AMZN,1673.57,*,AMZN190215C02120000,,call,02/15/2019,11/29/2018,2120,6.75,12,12.85,0,61,0.3685,0.0999,0.0006,-120.871,135.1061,AMZN190215C02120000
AMZN,1673.57,*,AMZN190215P02120000,,put,02/15/2019,11/29/2018,2120,528.95,446.25,455.8,0,6,0.3659,-0.9015,0.0006,-71.4417,133.3255,AMZN190215P02120000
AMZN,1673.57,*,AMZN190215C02125000,,call,02/15/2019,11/29/2018,2125,11.25,11.7,12.45,0,53,0.3686,0.0976,0.0006,-118.7995,132.7778,AMZN190215C02125000
AMZN,1673.57,*,AMZN190215P02125000,,put,02/15/2019,11/29/2018,2125,299.84,450.65,460.5,0,7,0.3659,-0.9039,0.0006,-69.172,130.9247,AMZN190215P02125000
AMZN,1673.57,*,AMZN190215C02130000,,call,02/15/2019,11/29/2018,2130,12.55,11.4,12.2,5,25,0.3687,0.0953,0.0006,-116.7486,130.4727,AMZN190215C02130000
AMZN,1673.57,*,AMZN190215P02130000,,put,02/15/2019,11/29/2018,2130,374.85,455.8,465.5,0,7,0.3659,-0.9063,0.0006,-66.9242,128.5477,AMZN190215P02130000
AMZN,1673.57,*,AMZN190215C02135000,,call,02/15/2019,11/29/2018,2135,9.45,11.05,11.8,0,58,0.368,0.0925,0.0006,-113.9824,127.642,AMZN190215C02135000
AMZN,1673.57,*,AMZN190215P02135000,,put,02/15/2019,11/29/2018,2135,531.4,460.15,470,0,5,0.3659,-0.9086,0.0006,-64.6988,126.1947,AMZN190215P02135000
AMZN,1673.57,*,AMZN190215C02140000,,call,02/15/2019,11/29/2018,2140,7.25,10.75,11.5,0,62,0.3682,0.0904,0.0006,-112.0689,125.4527,AMZN190215C02140000
AMZN,1673.57,*,AMZN190215P02140000,,put,02/15/2019,11/29/2018,2140,519.45,465.1,474.85,0,0,0.3659,-0.9109,0.0006,-62.4961,123.8663,AMZN190215P02140000
AMZN,1673.57,*,AMZN190215C02145000,,call,02/15/2019,11/29/2018,2145,11.81,10.45,11.2,2,31,0.3684,0.0883,0.0006,-110.1762,123.2877,AMZN190215C02145000
AMZN,1673.57,*,AMZN190215P02145000,,put,02/15/2019,11/29/2018,2145,438.2,470,479.65,0,1,0.3659,-0.9131,0.0006,-60.3164,121.5627,AMZN190215P02145000
AMZN,1673.57,*,AMZN190215C02150000,,call,02/15/2019,11/29/2018,2150,10.56,10.15,10.85,2,220,0.3684,0.0861,0.0006,-108.1232,121.0099,AMZN190215C02150000
AMZN,1673.57,*,AMZN190215P02150000,,put,02/15/2019,11/29/2018,2150,629.88,474.7,484.5,0,30,0.3659,-0.9152,0.0005,-58.16,119.2843,AMZN190215P02150000
AMZN,1673.57,*,AMZN190215C02155000,,call,02/15/2019,11/29/2018,2155,9.75,9.9,10.65,2,31,0.369,0.0843,0.0005,-106.6335,119.1696,AMZN190215C02155000
AMZN,1673.57,*,AMZN190215P02155000,,put,02/15/2019,11/29/2018,2155,502.8,479.5,489.15,0,8,0.3659,-0.9173,0.0005,-56.0271,117.0315,AMZN190215P02155000
AMZN,1673.57,*,AMZN190215C02160000,,call,02/15/2019,11/29/2018,2160,9.5,9.6,10.4,1,48,0.3692,0.0824,0.0005,-104.8027,117.0792,AMZN190215C02160000
AMZN,1673.57,*,AMZN190215P02160000,,put,02/15/2019,11/29/2018,2160,520.5,484.25,494,0,5,0.3659,-0.9194,0.0005,-53.918,114.8046,AMZN190215P02160000
AMZN,1673.57,*,AMZN190215C02165000,,call,02/15/2019,11/29/2018,2165,8.95,9.35,10.05,0,28,0.3692,0.0803,0.0005,-102.8153,114.8767,AMZN190215C02165000
AMZN,1673.57,*,AMZN190215P02165000,,put,02/15/2019,11/29/2018,2165,475.25,489.1,498.95,0,3,0.3659,-0.9214,0.0005,-51.833,112.6038,AMZN190215P02165000
AMZN,1673.57,*,AMZN190215C02170000,,call,02/15/2019,11/29/2018,2170,9.65,9.05,9.9,0,35,0.3697,0.0786,0.0005,-101.2937,113.0425,AMZN190215C02170000
AMZN,1673.57,*,AMZN190215P02170000,,put,02/15/2019,11/29/2018,2170,588.5,494,503.8,0,19,0.3659,-0.9234,0.0005,-49.7721,110.4293,AMZN190215P02170000
AMZN,1673.57,*,AMZN190215C02175000,,call,02/15/2019,11/29/2018,2175,10.25,8.85,9.6,2,113,0.37,0.0769,0.0005,-99.6146,111.0962,AMZN190215C02175000
AMZN,1673.57,*,AMZN190215P02175000,,put,02/15/2019,11/29/2018,2175,490.97,498.6,508.5,1,12,0.3659,-0.9254,0.0005,-47.7356,108.2815,AMZN190215P02175000
AMZN,1673.57,*,AMZN190215C02180000,,call,02/15/2019,11/29/2018,2180,9.9,8.6,9.3,1,31,0.3699,0.0749,0.0005,-97.6066,108.902,AMZN190215C02180000
AMZN,1673.57,*,AMZN190215P02180000,,put,02/15/2019,11/29/2018,2180,522.94,503.6,513.5,0,7,0.3659,-0.9273,0.0005,-45.7236,106.1605,AMZN190215P02180000
AMZN,1673.57,*,AMZN190215C02185000,,call,02/15/2019,11/29/2018,2185,9.7,8.35,9.1,3,18,0.3703,0.0732,0.0005,-96.0576,107.0748,AMZN190215C02185000
AMZN,1673.57,*,AMZN190215P02185000,,put,02/15/2019,11/29/2018,2185,433.86,508.5,518.35,0,3,0.3659,-0.9291,0.0005,-43.7363,104.0664,AMZN190215P02185000
AMZN,1673.57,*,AMZN190215C02190000,,call,02/15/2019,11/29/2018,2190,8.65,8.1,8.9,1,49,0.3706,0.0716,0.0005,-94.4418,105.2046,AMZN190215C02190000
AMZN,1673.57,*,AMZN190215P02190000,,put,02/15/2019,11/29/2018,2190,688.45,513.1,523,0,0,0.3659,-0.9309,0.0005,-41.7737,101.9995,AMZN190215P02190000
AMZN,1673.57,*,AMZN190215C02195000,,call,02/15/2019,11/29/2018,2195,8.53,7.95,8.55,0,214,0.3706,0.0698,0.0005,-92.5898,103.1563,AMZN190215C02195000
AMZN,1673.57,*,AMZN190215P02195000,,put,02/15/2019,11/29/2018,2195,344.18,518.1,528,0,0,0.3659,-0.9327,0.0005,-39.8361,99.9599,AMZN190215P02195000
AMZN,1673.57,*,AMZN190215C02200000,,call,02/15/2019,11/29/2018,2200,8.31,7.7,8.4,17,1076,0.371,0.0682,0.0005,-91.1021,101.4047,AMZN190215C02200000
AMZN,1673.57,*,AMZN190215P02200000,,put,02/15/2019,11/29/2018,2200,584.05,523,532.5,0,6,0.3659,-0.9344,0.0005,-37.9233,97.9477,AMZN190215P02200000
AMZN,1673.57,*,AMZN190215C02205000,,call,02/15/2019,11/29/2018,2205,8.39,7.5,8.15,1,259,0.3712,0.0666,0.0005,-89.4649,99.5432,AMZN190215C02205000
AMZN,1673.57,*,AMZN190215P02205000,,put,02/15/2019,11/29/2018,2205,435.95,527.6,537.5,0,1,0.3659,-0.9361,0.0004,-36.0356,95.9629,AMZN190215P02205000
AMZN,1673.57,*,AMZN190215C02210000,,call,02/15/2019,11/29/2018,2210,5.15,7.25,7.95,0,35,0.3712,0.0649,0.0004,-87.6822,97.5731,AMZN190215C02210000
AMZN,1673.57,*,AMZN190215P02210000,,put,02/15/2019,11/29/2018,2210,441.3,533,542.75,0,0,0.3659,-0.9378,0.0004,-34.173,94.0057,AMZN190215P02210000
AMZN,1673.57,*,AMZN190215C02215000,,call,02/15/2019,11/29/2018,2215,5.1,7.1,7.75,0,25,0.3718,0.0636,0.0004,-86.4225,96.0306,AMZN190215C02215000
AMZN,1673.57,*,AMZN190215P02215000,,put,02/15/2019,11/29/2018,2215,709.9,537.65,547.5,0,2,0.3659,-0.9394,0.0004,-32.3354,92.0761,AMZN190215P02215000
AMZN,1673.57,*,AMZN190215C02220000,,call,02/15/2019,11/29/2018,2220,7,6.9,7.55,1,49,0.372,0.0621,0.0004,-84.8495,94.2453,AMZN190215C02220000
AMZN,1673.57,*,AMZN190215P02220000,,put,02/15/2019,11/29/2018,2220,545.13,542.5,552.15,0,0,0.3659,-0.941,0.0004,-30.5229,90.1742,AMZN190215P02220000
AMZN,1673.57,*,AMZN190215C02225000,,call,02/15/2019,11/29/2018,2225,6.15,6.7,7.3,0,17,0.3719,0.0604,0.0004,-83.0529,92.2865,AMZN190215C02225000
AMZN,1673.57,*,AMZN190215P02225000,,put,02/15/2019,11/29/2018,2225,361.6,547.5,557.3,0,3,0.3659,-0.9425,0.0004,-28.7354,88.2999,AMZN190215P02225000
AMZN,1673.57,*,AMZN190215C02230000,,call,02/15/2019,11/29/2018,2230,8.8,6.5,7.25,0,19,0.3728,0.0594,0.0004,-82.0938,91.0146,AMZN190215C02230000
AMZN,1673.57,*,AMZN190215P02230000,,put,02/15/2019,11/29/2018,2230,593.44,552.2,562,0,1,0.3659,-0.9441,0.0004,-26.9731,86.4533,AMZN190215P02230000
AMZN,1673.57,*,AMZN190215C02235000,,call,02/15/2019,11/29/2018,2235,11.92,6.35,6.95,0,8,0.3726,0.0577,0.0004,-80.2611,89.0415,AMZN190215C02235000
AMZN,1673.57,*,AMZN190215P02235000,,put,02/15/2019,11/29/2018,2235,332.95,557.15,567,0,0,0.3659,-0.9455,0.0004,-25.2357,84.6343,AMZN190215P02235000
AMZN,1673.57,*,AMZN190215C02240000,,call,02/15/2019,11/29/2018,2240,3.71,6.2,6.8,0,15,0.3732,0.0566,0.0004,-79.0945,87.6186,AMZN190215C02240000
AMZN,1673.57,*,AMZN190215P02240000,,put,02/15/2019,11/29/2018,2240,564.37,562.15,572,0,0,0.3659,-0.947,0.0004,-23.5233,82.8429,AMZN190215P02240000
AMZN,1673.57,*,AMZN190215C02245000,,call,02/15/2019,11/29/2018,2245,5.05,6.05,6.6,0,15,0.3734,0.0552,0.0004,-77.6271,85.9583,AMZN190215C02245000
AMZN,1673.57,*,AMZN190215P02245000,,put,02/15/2019,11/29/2018,2245,331.8,567,576.6,0,1,0.3659,-0.9484,0.0004,-21.8359,81.0791,AMZN190215P02245000
AMZN,1673.57,*,AMZN190215C02250000,,call,02/15/2019,11/29/2018,2250,5.8,5.9,6.45,0,133,0.3739,0.0541,0.0004,-76.4169,84.5167,AMZN190215C02250000
AMZN,1673.57,*,AMZN190215P02250000,,put,02/15/2019,11/29/2018,2250,381.05,572,581.75,0,0,0.3659,-0.9498,0.0004,-20.1733,79.3428,AMZN190215P02250000
AMZN,1673.57,*,AMZN190215C02255000,,call,02/15/2019,11/29/2018,2255,4.05,5.75,6.35,0,31,0.3746,0.053,0.0004,-75.3804,83.2261,AMZN190215C02255000
AMZN,1673.57,*,AMZN190215P02255000,,put,02/15/2019,11/29/2018,2255,437.25,577,586.65,0,0,0.3659,-0.9511,0.0004,-18.5354,77.6339,AMZN190215P02255000
AMZN,1673.57,*,AMZN190215C02260000,,call,02/15/2019,11/29/2018,2260,6.23,5.55,6.1,1,47,0.3741,0.0514,0.0004,-73.4301,81.1901,AMZN190215C02260000
AMZN,1673.57,*,AMZN190215P02260000,,put,02/15/2019,11/29/2018,2260,524.45,582,591.6,0,2,0.3659,-0.9524,0.0003,-16.9222,75.9523,AMZN190215P02260000
AMZN,1673.57,*,AMZN190215C02265000,,call,02/15/2019,11/29/2018,2265,4.1,5.45,6.05,0,16,0.3753,0.0506,0.0004,-72.8136,80.263,AMZN190215C02265000
AMZN,1673.57,*,AMZN190215P02265000,,put,02/15/2019,11/29/2018,2265,319,587,596.85,0,0,0.3659,-0.9537,0.0003,-15.3335,74.2979,AMZN190215P02265000
AMZN,1673.57,*,AMZN190215C02270000,,call,02/15/2019,11/29/2018,2270,5.5,5.3,5.85,0,40,0.3753,0.0493,0.0004,-71.2923,78.5954,AMZN190215C02270000
AMZN,1673.57,*,AMZN190215P02270000,,put,02/15/2019,11/29/2018,2270,450.25,591.65,601.5,0,0,0.3659,-0.9549,0.0003,-13.7692,72.6706,AMZN190215P02270000
AMZN,1673.57,*,AMZN190215C02275000,,call,02/15/2019,11/29/2018,2275,3.75,5.15,5.75,0,56,0.3759,0.0483,0.0003,-70.247,77.3295,AMZN190215C02275000
AMZN,1673.57,*,AMZN190215P02275000,,put,02/15/2019,11/29/2018,2275,454.6,596.55,606.5,0,0,0.3659,-0.9562,0.0003,-12.2292,71.0703,AMZN190215P02275000
AMZN,1673.57,*,AMZN190215C02280000,,call,02/15/2019,11/29/2018,2280,3.5,5.05,5.6,0,20,0.3764,0.0473,0.0003,-69.1424,76.022,AMZN190215C02280000
AMZN,1673.57,*,AMZN190215P02280000,,put,02/15/2019,11/29/2018,2280,349.45,601.95,611.5,0,0,0.3659,-0.9573,0.0003,-10.7134,69.4968,AMZN190215P02280000
AMZN,1673.57,*,AMZN190215C02285000,,call,02/15/2019,11/29/2018,2285,4.95,4.85,5.45,0,34,0.3762,0.046,0.0003,-67.5354,74.3028,AMZN190215C02285000
AMZN,1673.57,*,AMZN190215P02285000,,put,02/15/2019,11/29/2018,2285,470.3,606.8,616.5,0,0,0.3659,-0.9585,0.0003,-9.2215,67.9499,AMZN190215P02285000
AMZN,1673.57,*,AMZN190215C02290000,,call,02/15/2019,11/29/2018,2290,3.5,4.8,5.35,0,39,0.3773,0.0453,0.0003,-66.9089,73.4089,AMZN190215C02290000
AMZN,1673.57,*,AMZN190215P02290000,,put,02/15/2019,11/29/2018,2290,325.5,611.85,621.5,0,0,0.3659,-0.9596,0.0003,-7.7534,66.4296,AMZN190215P02290000
AMZN,1673.57,*,AMZN190215C02295000,,call,02/15/2019,11/29/2018,2295,3.5,4.65,5.2,0,10,0.3774,0.0442,0.0003,-65.5624,71.9208,AMZN190215C02295000
AMZN,1673.57,*,AMZN190215P02295000,,put,02/15/2019,11/29/2018,2295,334.06,616.6,626.45,0,0,0.3659,-0.9607,0.0003,-6.3091,64.9355,AMZN190215P02295000
AMZN,1673.57,*,AMZN190215C02300000,,call,02/15/2019,11/29/2018,2300,5.15,4.55,5.15,10,509,0.3784,0.0435,0.0003,-64.8874,71.0016,AMZN190215C02300000
AMZN,1673.57,*,AMZN190215P02300000,,put,02/15/2019,11/29/2018,2300,723.33,621.5,631.1,0,7,0.3659,-0.9618,0.0003,-4.8881,63.4676,AMZN190215P02300000
AMZN,1673.57,*,AMZN190215C02305000,,call,02/15/2019,11/29/2018,2305,4.4,4.45,5,0,23,0.3787,0.0425,0.0003,-63.7204,69.6774,AMZN190215C02305000
AMZN,1673.57,*,AMZN190215P02305000,,put,02/15/2019,11/29/2018,2305,335.75,626.5,636.15,0,0,0.3659,-0.9629,0.0003,-3.4905,62.0257,AMZN190215P02305000
AMZN,1673.57,*,AMZN190215C02310000,,call,02/15/2019,11/29/2018,2310,3,4.3,4.9,0,35,0.379,0.0415,0.0003,-62.5717,68.375,AMZN190215C02310000
AMZN,1673.57,*,AMZN190215P02310000,,put,02/15/2019,11/29/2018,2310,0,631.5,641.15,0,0,0.3659,-0.9639,0.0003,-2.116,60.6095,AMZN190215P02310000
AMZN,1673.57,*,AMZN190215C02315000,,call,02/15/2019,11/29/2018,2315,3.1,4.25,4.8,0,15,0.38,0.0408,0.0003,-61.9341,67.5087,AMZN190215C02315000
AMZN,1673.57,*,AMZN190215P02315000,,put,02/15/2019,11/29/2018,2315,364.9,636.5,646.15,0,0,0.3659,-0.9649,0.0003,-0.7643,59.2188,AMZN190215P02315000
AMZN,1673.57,*,AMZN190215C02320000,,call,02/15/2019,11/29/2018,2320,5,4.15,4.85,10,38,0.3816,0.0405,0.0003,-61.7275,67.0106,AMZN190215C02320000
AMZN,1673.57,*,AMZN190215P02320000,,put,02/15/2019,11/29/2018,2320,397.41,641.5,651.1,0,0,0.3659,-0.9659,0.0003,0.5646,57.8534,AMZN190215P02320000
AMZN,1673.57,*,AMZN190215C02325000,,call,02/15/2019,11/29/2018,2325,4.4,4.05,4.6,0,13,0.3811,0.0392,0.0003,-60.0633,65.2957,AMZN190215C02325000
AMZN,1673.57,*,AMZN190215P02325000,,put,02/15/2019,11/29/2018,2325,353.05,646.5,656.15,0,0,0.3659,-0.9668,0.0003,1.8711,56.5131,AMZN190215P02325000
AMZN,1673.57,*,AMZN190215C02330000,,call,02/15/2019,11/29/2018,2330,2.81,3.95,4.55,0,21,0.3819,0.0385,0.0003,-59.3216,64.3619,AMZN190215C02330000
AMZN,1673.57,*,AMZN190215P02330000,,put,02/15/2019,11/29/2018,2330,719.65,651.5,661.1,0,0,0.3659,-0.9677,0.0003,3.1553,55.1976,AMZN190215P02330000
AMZN,1673.57,*,AMZN190215C02335000,,call,02/15/2019,11/29/2018,2335,2.6,3.9,4.4,0,32,0.3824,0.0377,0.0003,-58.3865,63.2716,AMZN190215C02335000
AMZN,1673.57,*,AMZN190215P02335000,,put,02/15/2019,11/29/2018,2335,358,656.5,666.15,0,0,0.3659,-0.9686,0.0002,4.4175,53.9067,AMZN190215P02335000
AMZN,1673.57,*,AMZN190215C02340000,,call,02/15/2019,11/29/2018,2340,4.15,3.8,4.3,1,18,0.3829,0.0369,0.0003,-57.4661,62.1997,AMZN190215C02340000
AMZN,1673.57,*,AMZN190215P02340000,,put,02/15/2019,11/29/2018,2340,529.15,661.5,671.1,0,0,0.3659,-0.9695,0.0002,5.6579,52.6402,AMZN190215P02340000
AMZN,1673.57,*,AMZN190215C02345000,,call,02/15/2019,11/29/2018,2345,4.4,3.7,4.15,1,5,0.3829,0.036,0.0003,-56.2259,60.8634,AMZN190215C02345000
AMZN,1673.57,*,AMZN190215P02345000,,put,02/15/2019,11/29/2018,2345,668.65,666.5,676.05,1,0,0.3659,-0.9704,0.0002,6.8767,51.3978,AMZN190215P02345000
AMZN,1673.57,*,AMZN190215C02350000,,call,02/15/2019,11/29/2018,2350,3.82,3.6,4.1,1,68,0.3836,0.0353,0.0003,-55.4698,59.942,AMZN190215C02350000
AMZN,1673.57,*,AMZN190215P02350000,,put,02/15/2019,11/29/2018,2350,842.14,671.5,681.25,0,0,0.3659,-0.9712,0.0002,8.0742,50.1792,AMZN190215P02350000
AMZN,1673.57,*,AMZN190215C02355000,,call,02/15/2019,11/29/2018,2355,3.65,3.5,3.95,0,29,0.3835,0.0343,0.0003,-54.2011,58.5919,AMZN190215C02355000
AMZN,1673.57,*,AMZN190215P02355000,,put,02/15/2019,11/29/2018,2355,0,676.65,686.3,0,0,0.3659,-0.972,0.0002,9.2507,48.9842,AMZN190215P02355000
AMZN,1673.57,*,AMZN190215C02360000,,call,02/15/2019,11/29/2018,2360,0,3.4,3.9,0,31,0.3837,0.0335,0.0003,-53.1488,57.4302,AMZN190215C02360000
AMZN,1673.57,*,AMZN190215P02360000,,put,02/15/2019,11/29/2018,2360,529.65,681.5,691.05,0,1,0.3659,-0.9728,0.0002,10.4062,47.8125,AMZN190215P02360000
AMZN,1673.57,*,AMZN190215C02365000,,call,02/15/2019,11/29/2018,2365,2.5,3.25,3.85,0,78,0.3838,0.0327,0.0002,-52.0504,56.2341,AMZN190215C02365000
AMZN,1673.57,*,AMZN190215P02365000,,put,02/15/2019,11/29/2018,2365,418.6,686.5,696.2,0,0,0.3659,-0.9736,0.0002,11.5412,46.6638,AMZN190215P02365000
AMZN,1673.57,*,AMZN190215C02370000,,call,02/15/2019,11/29/2018,2370,2.8,3.2,3.75,0,4,0.3844,0.032,0.0002,-51.2873,55.329,AMZN190215C02370000
AMZN,1673.57,*,AMZN190215P02370000,,put,02/15/2019,11/29/2018,2370,533.05,691.5,701.15,0,0,0.3659,-0.9743,0.0002,12.6559,45.5379,AMZN190215P02370000
AMZN,1673.57,*,AMZN190215C02375000,,call,02/15/2019,11/29/2018,2375,3.6,3.15,3.7,0,17,0.3855,0.0316,0.0002,-50.8509,54.7078,AMZN190215C02375000
AMZN,1673.57,*,AMZN190215P02375000,,put,02/15/2019,11/29/2018,2375,398.9,696.5,706.15,0,0,0.3659,-0.9751,0.0002,13.7505,44.4346,AMZN190215P02375000
AMZN,1673.57,*,AMZN190215C02380000,,call,02/15/2019,11/29/2018,2380,4.05,3.05,3.6,0,10,0.3855,0.0308,0.0002,-49.7354,53.5127,AMZN190215C02380000
AMZN,1673.57,*,AMZN190215P02380000,,put,02/15/2019,11/29/2018,2380,379.7,701.5,711.3,0,0,0.3659,-0.9758,0.0002,14.8252,43.3534,AMZN190215P02380000
AMZN,1673.57,*,AMZN190215C02385000,,call,02/15/2019,11/29/2018,2385,3.45,3,3.6,0,11,0.3869,0.0305,0.0002,-49.5031,53.0762,AMZN190215C02385000
AMZN,1673.57,*,AMZN190215P02385000,,put,02/15/2019,11/29/2018,2385,551.5,706.3,716.25,0,0,0.3659,-0.9765,0.0002,15.8804,42.2941,AMZN190215P02385000
AMZN,1673.57,*,AMZN190215C02390000,,call,02/15/2019,11/29/2018,2390,3.65,2.95,3.5,0,5,0.3874,0.0298,0.0002,-48.7226,52.177,AMZN190215C02390000
AMZN,1673.57,*,AMZN190215P02390000,,put,02/15/2019,11/29/2018,2390,0,711.6,721.15,0,0,0.3659,-0.9771,0.0002,16.9163,41.2565,AMZN190215P02390000
AMZN,1673.57,*,AMZN190215C02395000,,call,02/15/2019,11/29/2018,2395,2.15,2.96,3.45,0,10,0.3884,0.0294,0.0002,-48.2587,51.5527,AMZN190215C02395000
AMZN,1673.57,*,AMZN190215P02395000,,put,02/15/2019,11/29/2018,2395,0,716.5,726.05,0,0,0.3659,-0.9778,0.0002,17.9332,40.2402,AMZN190215P02395000
AMZN,1673.57,*,AMZN190215C02400000,,call,02/15/2019,11/29/2018,2400,2.14,2.89,3.35,0,370,0.3886,0.0287,0.0002,-47.3196,50.5281,AMZN190215C02400000
AMZN,1673.57,*,AMZN190215P02400000,,put,02/15/2019,11/29/2018,2400,542.59,721.5,731.05,0,0,0.3659,-0.9784,0.0002,18.9313,39.2449,AMZN190215P02400000
AMZN,1673.57,*,AMZN190215C02405000,,call,02/15/2019,11/29/2018,2405,5.87,2.85,3.25,0,23,0.3891,0.0281,0.0002,-46.5754,49.6743,AMZN190215C02405000
AMZN,1673.57,*,AMZN190215P02405000,,put,02/15/2019,11/29/2018,2405,426.65,726.5,736.3,0,0,0.3659,-0.9791,0.0002,19.9109,38.2704,AMZN190215P02405000
AMZN,1673.57,*,AMZN190215C02410000,,call,02/15/2019,11/29/2018,2410,2.9,2.77,3.25,0,25,0.3901,0.0277,0.0002,-46.1389,49.0877,AMZN190215C02410000
AMZN,1673.57,*,AMZN190215P02410000,,put,02/15/2019,11/29/2018,2410,454.67,731.5,741.3,0,0,0.3659,-0.9797,0.0002,20.8722,37.3164,AMZN190215P02410000
AMZN,1673.57,*,AMZN190215C02415000,,call,02/15/2019,11/29/2018,2415,3.3,2.7,3.2,0,43,0.3907,0.0272,0.0002,-45.4746,48.3112,AMZN190215C02415000
AMZN,1673.57,*,AMZN190215P02415000,,put,02/15/2019,11/29/2018,2415,486.89,736.5,746.1,0,0,0.3659,-0.9803,0.0002,21.8156,36.3826,AMZN190215P02415000
AMZN,1673.57,*,AMZN190215C02420000,,call,02/15/2019,11/29/2018,2420,2.18,2.7,3.15,0,20,0.392,0.0269,0.0002,-45.2287,47.8956,AMZN190215C02420000
AMZN,1673.57,*,AMZN190215P02420000,,put,02/15/2019,11/29/2018,2420,466.83,741.5,751.1,0,0,0.3659,-0.9808,0.0002,22.7413,35.4686,AMZN190215P02420000
AMZN,1673.57,*,AMZN190215C02425000,,call,02/15/2019,11/29/2018,2425,2.5,2.62,3.1,0,19,0.3925,0.0264,0.0002,-44.524,47.0937,AMZN190215C02425000
AMZN,1673.57,*,AMZN190215P02425000,,put,02/15/2019,11/29/2018,2425,694.05,746.5,756.1,0,0,0.3659,-0.9814,0.0002,23.6495,34.5742,AMZN190215P02425000
AMZN,1673.57,*,AMZN190215C02430000,,call,02/15/2019,11/29/2018,2430,2.98,2.56,2.98,1,19,0.3924,0.0257,0.0002,-43.4883,46.0136,AMZN190215C02430000
AMZN,1673.57,*,AMZN190215P02430000,,put,02/15/2019,11/29/2018,2430,871.4,751.5,761.25,0,0,0.3659,-0.9819,0.0002,24.5406,33.6991,AMZN190215P02430000
AMZN,1673.57,*,AMZN190215C02435000,,call,02/15/2019,11/29/2018,2435,2.93,2.5,2.9,0,10,0.3926,0.0251,0.0002,-42.6408,45.0978,AMZN190215C02435000
AMZN,1673.57,*,AMZN190215P02435000,,put,02/15/2019,11/29/2018,2435,555.1,756.5,766.05,0,0,0.3659,-0.9825,0.0002,25.4148,32.843,AMZN190215P02435000
AMZN,1673.57,*,AMZN190215C02440000,,call,02/15/2019,11/29/2018,2440,3.65,2.46,2.87,0,22,0.3936,0.0247,0.0002,-42.2546,44.58,AMZN190215C02440000
AMZN,1673.57,*,AMZN190215P02440000,,put,02/15/2019,11/29/2018,2440,0,761.5,771.1,0,0,0.3659,-0.983,0.0001,26.2724,32.0055,AMZN190215P02440000
AMZN,1673.57,*,AMZN190215C02445000,,call,02/15/2019,11/29/2018,2445,2.84,2.39,2.78,0,48,0.3936,0.0241,0.0002,-41.3209,43.5984,AMZN190215C02445000
AMZN,1673.57,*,AMZN190215P02445000,,put,02/15/2019,11/29/2018,2445,0,766.5,776.2,0,0,0.3659,-0.9835,0.0001,27.1136,31.1865,AMZN190215P02445000
AMZN,1673.57,*,AMZN190215C02450000,,call,02/15/2019,11/29/2018,2450,2.78,2.38,2.73,3,68,0.3947,0.0238,0.0002,-41.0057,43.1494,AMZN190215C02450000
AMZN,1673.57,*,AMZN190215P02450000,,put,02/15/2019,11/29/2018,2450,718.4,771.5,781.05,0,0,0.3659,-0.9839,0.0001,27.9387,30.3855,AMZN190215P02450000
AMZN,1673.57,*,AMZN190215C02455000,,call,02/15/2019,11/29/2018,2455,2.03,2.32,2.66,0,10,0.3949,0.0232,0.0002,-40.2066,42.2906,AMZN190215C02455000
AMZN,1673.57,*,AMZN190215P02455000,,put,02/15/2019,11/29/2018,2455,0,776.5,786.1,0,0,0.3659,-0.9844,0.0001,28.748,29.6024,AMZN190215P02455000
AMZN,1673.57,*,AMZN190215C02460000,,call,02/15/2019,11/29/2018,2460,1.85,2.25,2.63,0,13,0.3954,0.0227,0.0002,-39.5825,41.585,AMZN190215C02460000
AMZN,1673.57,*,AMZN190215P02460000,,put,02/15/2019,11/29/2018,2460,877,781.5,791.3,0,1,0.3659,-0.9849,0.0001,29.5417,28.8367,AMZN190215P02460000
AMZN,1673.57,*,AMZN190215C02465000,,call,02/15/2019,11/29/2018,2465,3.85,2.21,2.59,0,5,0.3962,0.0224,0.0002,-39.1281,41.0283,AMZN190215C02465000
AMZN,1673.57,*,AMZN190215P02465000,,put,02/15/2019,11/29/2018,2465,0,786.65,796.25,0,0,0.3659,-0.9853,0.0001,30.3202,28.0883,AMZN190215P02465000
AMZN,1673.57,*,AMZN190215C02470000,,call,02/15/2019,11/29/2018,2470,2.47,2.17,2.52,4,11,0.3966,0.0219,0.0002,-38.4703,40.3012,AMZN190215C02470000
AMZN,1673.57,*,AMZN190215P02470000,,put,02/15/2019,11/29/2018,2470,601,791.5,801.3,0,0,0.3659,-0.9858,0.0001,31.0836,27.3567,AMZN190215P02470000
AMZN,1673.57,*,AMZN190215C02475000,,call,02/15/2019,11/29/2018,2475,1.78,2.13,2.51,0,23,0.3977,0.0217,0.0002,-38.1888,39.8993,AMZN190215C02475000
AMZN,1673.57,*,AMZN190215P02475000,,put,02/15/2019,11/29/2018,2475,0,796.5,806.35,0,0,0.3659,-0.9862,0.0001,31.8322,26.6418,AMZN190215P02475000
AMZN,1673.57,*,AMZN190215C02480000,,call,02/15/2019,11/29/2018,2480,2.43,2.1,2.44,1,10,0.3982,0.0212,0.0002,-37.6008,39.2389,AMZN190215C02480000
AMZN,1673.57,*,AMZN190215P02480000,,put,02/15/2019,11/29/2018,2480,901,801.5,811,0,1,0.3659,-0.9866,0.0001,32.5663,25.9433,AMZN190215P02480000
AMZN,1673.57,*,AMZN190215C02485000,,call,02/15/2019,11/29/2018,2485,2.35,1.97,2.45,0,18,0.3982,0.0207,0.0002,-36.7669,38.3715,AMZN190215C02485000
AMZN,1673.57,*,AMZN190215P02485000,,put,02/15/2019,11/29/2018,2485,550.15,806.5,816.1,0,0,0.3659,-0.987,0.0001,33.2862,25.2608,AMZN190215P02485000
AMZN,1673.57,*,AMZN190215C02490000,,call,02/15/2019,11/29/2018,2490,1.75,1.94,2.38,0,51,0.3986,0.0203,0.0002,-36.1505,37.6932,AMZN190215C02490000
AMZN,1673.57,*,AMZN190215P02490000,,put,02/15/2019,11/29/2018,2490,554.75,811.65,821.25,0,0,0.3659,-0.9874,0.0001,33.9921,24.594,AMZN190215P02490000
AMZN,1673.57,*,AMZN190215C02495000,,call,02/15/2019,11/29/2018,2495,2.3,1.99,2.33,2,24,0.4004,0.0202,0.0002,-36.247,37.6277,AMZN190215C02495000
AMZN,1673.57,*,AMZN190215P02495000,,put,02/15/2019,11/29/2018,2495,0,816.5,826.1,0,0,0.3659,-0.9877,0.0001,34.6842,23.9428,AMZN190215P02495000
AMZN,1673.57,*,AMZN190215C02500000,,call,02/15/2019,11/29/2018,2500,2.14,1.9,2.28,59,1886,0.4002,0.0196,0.0002,-35.345,36.7122,AMZN190215C02500000
AMZN,1673.57,*,AMZN190215P02500000,,put,02/15/2019,11/29/2018,2500,902,821.5,831.25,0,0,0.3659,-0.9881,0.0001,35.3628,23.3067,AMZN190215P02500000
AMZN,1673.57,*,AMZN190215C02600000,,call,02/15/2019,11/29/2018,2600,1.41,1.18,1.8,5,300,0.4132,0.014,0.0001,-27.3096,27.5137,AMZN190215C02600000
AMZN,1673.57,*,AMZN190215P02600000,,put,02/15/2019,11/29/2018,2600,989.15,921.65,931.2,0,1,0.3659,-0.9935,0.0001,46.4708,13.3667,AMZN190215P02600000
AMZN,1673.57,*,AMZN190215C02700000,,call,02/15/2019,11/29/2018,2700,1.03,1,1.5,64,127,0.4338,0.0115,0.0001,-24.1924,23.246,AMZN190215C02700000
AMZN,1673.57,*,AMZN190215P02700000,,put,02/15/2019,11/29/2018,2700,1108.77,1021.65,1031.25,0,0,0.3659,-0.9965,0,54.0303,7.4378,AMZN190215P02700000
AMZN,1673.57,*,AMZN190215C02800000,,call,02/15/2019,11/29/2018,2800,0.76,0.52,1.1,6,307,0.4371,0.0075,0.0001,-16.6305,15.8742,AMZN190215C02800000
AMZN,1673.57,*,AMZN190215P02800000,,put,02/15/2019,11/29/2018,2800,1208.71,1121.5,1131.1,0,0,0.3659,-0.9981,0,59.3635,4.0318,AMZN190215P02800000
AMZN,1673.57,*,AMZN190215C02900000,,call,02/15/2019,11/29/2018,2900,0.63,0.33,0.95,5,602,0.4483,0.0056,0,-13.1537,12.2527,AMZN190215C02900000
AMZN,1673.57,*,AMZN190215P02900000,,put,02/15/2019,11/29/2018,2900,1226.35,1221.5,1231.2,1,0,0.3659,-0.9989,0,63.3661,2.1364,AMZN190215P02900000
AMZN,1673.57,*,AMZN190418C00820000,,call,04/18/2019,11/29/2018,820,693.95,860.5,870,0,5,0.4807,0.9951,0,-28.1744,14.7628,AMZN190418C00820000
AMZN,1673.57,*,AMZN190418P00820000,,put,04/18/2019,11/29/2018,820,1.45,1.25,5,1,9,0.4266,-0.002,0,-3.6366,6.6635,AMZN190418P00820000
AMZN,1673.57,*,AMZN190418C00840000,,call,04/18/2019,11/29/2018,840,0,840.9,850.5,0,0,0.4807,0.9938,0,-30.7111,18.1416,AMZN190418C00840000
AMZN,1673.57,*,AMZN190418P00840000,,put,04/18/2019,11/29/2018,840,2.55,0,2.4,0,2,0.5347,-0.0113,0.0001,-21.0287,30.7429,AMZN190418P00840000
AMZN,1673.57,*,AMZN190418C00860000,,call,04/18/2019,11/29/2018,860,783.45,821.4,831,0,4,0.5188,0.9883,0.0001,-41.0493,31.7035,AMZN190418C00860000
AMZN,1673.57,*,AMZN190418P00860000,,put,04/18/2019,11/29/2018,860,1.6,0.05,5,1,15,0.4266,-0.0036,0,-6.0036,11.0164,AMZN190418P00860000
AMZN,1673.57,*,AMZN190418C00880000,,call,04/18/2019,11/29/2018,880,726.18,801.9,811.5,0,1,0.527,0.9848,0.0001,-47.1745,39.6365,AMZN190418C00880000
AMZN,1673.57,*,AMZN190418P00880000,,put,04/18/2019,11/29/2018,880,1.97,0.05,3.8,0,9,0.4266,-0.0046,0,-7.558,13.8788,AMZN190418P00880000
AMZN,1673.57,*,AMZN190418C00900000,,call,04/18/2019,11/29/2018,900,0,782.4,792,0,0,0.5253,0.9822,0.0001,-51.3763,45.3648,AMZN190418C00900000
AMZN,1673.57,*,AMZN190418P00900000,,put,04/18/2019,11/29/2018,900,2.22,0.05,2.83,0,61,0.4101,-0.0045,0,-7.152,13.6741,AMZN190418P00900000
AMZN,1673.57,*,AMZN190418C00920000,,call,04/18/2019,11/29/2018,920,687.48,762.95,772.5,0,1,0.5207,0.9797,0.0001,-55.028,50.5972,AMZN190418C00920000
AMZN,1673.57,*,AMZN190418P00920000,,put,04/18/2019,11/29/2018,920,3.3,0.05,3.1,0,6,0.4005,-0.005,0,-7.5874,14.8675,AMZN190418P00920000
AMZN,1673.57,*,AMZN190418C00940000,,call,04/18/2019,11/29/2018,940,0,743.35,753,0,0,0.5111,0.9779,0.0001,-57.3184,54.3921,AMZN190418C00940000
AMZN,1673.57,*,AMZN190418P00940000,,put,04/18/2019,11/29/2018,940,2.73,0.81,5,1,7,0.4266,-0.0093,0.0001,-14.0228,25.8119,AMZN190418P00940000
AMZN,1673.57,*,AMZN190418C00960000,,call,04/18/2019,11/29/2018,960,0,724.1,733.85,0,0,0.5087,0.9746,0.0001,-61.962,61.1417,AMZN190418C00960000
AMZN,1673.57,*,AMZN190418P00960000,,put,04/18/2019,11/29/2018,960,3.2,0.69,5.35,0,52,0.4266,-0.0115,0.0001,-16.8558,31.0531,AMZN190418P00960000
AMZN,1673.57,*,AMZN190418C00980000,,call,04/18/2019,11/29/2018,980,0,704.5,714.45,0,0,0.498,0.9727,0.0001,-64.0146,65.0176,AMZN190418C00980000
AMZN,1673.57,*,AMZN190418P00980000,,put,04/18/2019,11/29/2018,980,9,0.5,4.1,0,44,0.4068,-0.011,0.0001,-15.4751,29.9303,AMZN190418P00980000
AMZN,1673.57,*,AMZN190418C01000000,,call,04/18/2019,11/29/2018,1000,559.3,685.5,695.45,0,57,0.4968,0.9686,0.0001,-69.4475,73.0953,AMZN190418C01000000
AMZN,1673.57,*,AMZN190418P01000000,,put,04/18/2019,11/29/2018,1000,4,3.65,4.75,3,191,0.4266,-0.017,0.0001,-23.6456,43.6398,AMZN190418P01000000
AMZN,1673.57,*,AMZN190418C01020000,,call,04/18/2019,11/29/2018,1020,0,666.25,676,0,0,0.4883,0.9658,0.0002,-72.4133,78.4719,AMZN190418C01020000
AMZN,1673.57,*,AMZN190418P01020000,,put,04/18/2019,11/29/2018,1020,6.18,3.2,7.2,0,23,0.4266,-0.0205,0.0001,-27.6233,51.029,AMZN190418P01020000
AMZN,1673.57,*,AMZN190418C01040000,,call,04/18/2019,11/29/2018,1040,712.35,647,656.9,0,1,0.4807,0.9625,0.0002,-75.7698,84.5334,AMZN190418C01040000
AMZN,1673.57,*,AMZN190418P01040000,,put,04/18/2019,11/29/2018,1040,5,3.4,7.5,11,74,0.4266,-0.0244,0.0001,-31.9954,59.1632,AMZN190418P01040000
AMZN,1673.57,*,AMZN190418C01060000,,call,04/18/2019,11/29/2018,1060,474.1,628,637.9,0,13,0.4748,0.9585,0.0002,-79.879,91.727,AMZN190418C01060000
AMZN,1673.57,*,AMZN190418P01060000,,put,04/18/2019,11/29/2018,1060,18.2,3.5,7.75,0,15,0.4266,-0.0288,0.0001,-36.7594,68.0412,AMZN190418P01060000
AMZN,1673.57,*,AMZN190418C01080000,,call,04/18/2019,11/29/2018,1080,514.2,609,618.8,0,4,0.4676,0.9546,0.0002,-83.5461,98.6502,AMZN190418C01080000
AMZN,1673.57,*,AMZN190418P01080000,,put,04/18/2019,11/29/2018,1080,7,4.8,8.45,0,89,0.4267,-0.0338,0.0002,-41.9457,77.7039,AMZN190418P01080000
AMZN,1673.57,*,AMZN190418C01100000,,call,04/18/2019,11/29/2018,1100,501.53,590.35,600,0,14,0.463,0.9496,0.0002,-88.4124,107.2569,AMZN190418C01100000
AMZN,1673.57,*,AMZN190418P01100000,,put,04/18/2019,11/29/2018,1100,7.7,6.3,8.15,4,69,0.4204,-0.0375,0.0002,-44.943,84.6061,AMZN190418P01100000
AMZN,1673.57,*,AMZN190418C01120000,,call,04/18/2019,11/29/2018,1120,619.5,571.5,581.4,0,7,0.4569,0.9447,0.0002,-92.7299,115.4927,AMZN190418C01120000
AMZN,1673.57,*,AMZN190418P01120000,,put,04/18/2019,11/29/2018,1120,8.35,7.2,11.5,1,71,0.4272,-0.0457,0.0002,-53.5549,99.312,AMZN190418P01120000
AMZN,1673.57,*,AMZN190418C01140000,,call,04/18/2019,11/29/2018,1140,472.2,552.85,562.5,0,12,0.45,0.9397,0.0003,-96.7506,123.6748,AMZN190418C01140000
AMZN,1673.57,*,AMZN190418P01140000,,put,04/18/2019,11/29/2018,1140,9.4,8.05,12.5,1,63,0.4208,-0.0504,0.0002,-56.9126,107.2848,AMZN190418P01140000
AMZN,1673.57,*,AMZN190418C01160000,,call,04/18/2019,11/29/2018,1160,533.4,534.4,544,1,14,0.4446,0.9338,0.0003,-101.5355,133.0511,AMZN190418C01160000
AMZN,1673.57,*,AMZN190418P01160000,,put,04/18/2019,11/29/2018,1160,12.01,9.3,13.5,0,28,0.4156,-0.0558,0.0003,-60.8991,116.3938,AMZN190418P01160000
AMZN,1673.57,*,AMZN190418C01180000,,call,04/18/2019,11/29/2018,1180,391.43,516,525.8,0,2,0.44,0.9271,0.0003,-106.7869,143.2679,AMZN190418C01180000
AMZN,1673.57,*,AMZN190418P01180000,,put,04/18/2019,11/29/2018,1180,11.52,10.55,15,0,55,0.4114,-0.0621,0.0003,-65.4653,126.5757,AMZN190418P01180000
AMZN,1673.57,*,AMZN190418C01200000,,call,04/18/2019,11/29/2018,1200,475,497.75,507.45,0,12,0.434,0.9204,0.0003,-111.4097,153.0842,AMZN190418C01200000
AMZN,1673.57,*,AMZN190418P01200000,,put,04/18/2019,11/29/2018,1200,13,11.95,16.4,7,279,0.4065,-0.0687,0.0003,-69.8104,136.8085,AMZN190418P01200000
AMZN,1673.57,*,AMZN190418C01220000,,call,04/18/2019,11/29/2018,1220,492.9,479.5,489.35,2,1,0.4279,0.9134,0.0004,-116.0103,163.2093,AMZN190418C01220000
AMZN,1673.57,*,AMZN190418P01220000,,put,04/18/2019,11/29/2018,1220,14.55,13.1,18,8,31,0.4004,-0.0753,0.0003,-73.6391,146.7477,AMZN190418P01220000
AMZN,1673.57,*,AMZN190418C01240000,,call,04/18/2019,11/29/2018,1240,380.15,461.5,471.45,0,1,0.4225,0.9055,0.0004,-120.9887,174.0891,AMZN190418C01240000
AMZN,1673.57,*,AMZN190418P01240000,,put,04/18/2019,11/29/2018,1240,16.7,16.8,17.9,12,54,0.3969,-0.0835,0.0004,-78.8422,158.7589,AMZN190418P01240000
AMZN,1673.57,*,AMZN190418C01260000,,call,04/18/2019,11/29/2018,1260,314.75,444,453.85,0,20,0.4185,0.8965,0.0004,-126.7169,186.0989,AMZN190418C01260000
AMZN,1673.57,*,AMZN190418P01260000,,put,04/18/2019,11/29/2018,1260,18.35,17.35,22,2,82,0.3945,-0.0929,0.0004,-84.7027,171.8835,AMZN190418P01260000
AMZN,1673.57,*,AMZN190418C01280000,,call,04/18/2019,11/29/2018,1280,325.98,426.5,436,0,25,0.413,0.8875,0.0004,-131.6437,197.5705,AMZN190418C01280000
AMZN,1673.57,*,AMZN190418P01280000,,put,04/18/2019,11/29/2018,1280,28.1,19.6,24.5,0,40,0.3916,-0.1027,0.0004,-90.3694,185.0689,AMZN190418P01280000
AMZN,1673.57,*,AMZN190418C01300000,,call,04/18/2019,11/29/2018,1300,408.62,409.15,417.75,6,102,0.4062,0.8785,0.0005,-135.8258,208.618,AMZN190418C01300000
AMZN,1673.57,*,AMZN190418P01300000,,put,04/18/2019,11/29/2018,1300,23.48,22.05,27.5,4,428,0.3893,-0.1136,0.0005,-96.3911,198.9332,AMZN190418P01300000
AMZN,1673.57,*,AMZN190418C01320000,,call,04/18/2019,11/29/2018,1320,497.4,393.75,401.6,0,4,0.4078,0.8651,0.0005,-144.5305,224.393,AMZN190418C01320000
AMZN,1673.57,*,AMZN190418P01320000,,put,04/18/2019,11/29/2018,1320,46.7,24.8,30.5,0,76,0.3865,-0.1249,0.0005,-102.1407,212.745,AMZN190418P01320000
AMZN,1673.57,*,AMZN190418C01340000,,call,04/18/2019,11/29/2018,1340,386,375.8,384.7,0,31,0.4006,0.855,0.0006,-148.3502,235.6812,AMZN190418C01340000
AMZN,1673.57,*,AMZN190418P01340000,,put,04/18/2019,11/29/2018,1340,29.23,27.3,30.8,17,110,0.3762,-0.1333,0.0006,-103.7157,222.5,AMZN190418P01340000
AMZN,1673.57,*,AMZN190418C01355000,,call,04/18/2019,11/29/2018,1355,462.2,363.45,371.9,0,6,0.3975,0.8459,0.0006,-152.4004,245.4228,AMZN190418C01355000
AMZN,1673.57,*,AMZN190418P01355000,,put,04/18/2019,11/29/2018,1355,33.88,30.25,36,1,58,0.381,-0.1462,0.0006,-111.7447,236.9978,AMZN190418P01355000
AMZN,1673.57,*,AMZN190418C01360000,,call,04/18/2019,11/29/2018,1360,338.35,359.55,368.85,0,13,0.3989,0.8417,0.0006,-155.0746,249.8402,AMZN190418C01360000
AMZN,1673.57,*,AMZN190418P01360000,,put,04/18/2019,11/29/2018,1360,35.1,31,36.8,30,132,0.38,-0.1493,0.0006,-112.9749,240.3775,AMZN190418P01360000
AMZN,1673.57,*,AMZN190418C01365000,,call,04/18/2019,11/29/2018,1365,346.24,355.3,364.2,0,3,0.3964,0.8392,0.0006,-155.591,252.3965,AMZN190418C01365000
AMZN,1673.57,*,AMZN190418P01365000,,put,04/18/2019,11/29/2018,1365,44.05,32,37.9,0,65,0.3799,-0.153,0.0006,-114.6953,244.2323,AMZN190418P01365000
AMZN,1673.57,*,AMZN190418C01375000,,call,04/18/2019,11/29/2018,1375,226.2,347.25,356,0,2,0.3944,0.8327,0.0006,-158.2467,258.94,AMZN190418C01375000
AMZN,1673.57,*,AMZN190418P01375000,,put,04/18/2019,11/29/2018,1375,56.47,33.5,38.65,0,48,0.3758,-0.1584,0.0006,-115.9515,249.9392,AMZN190418P01375000
AMZN,1673.57,*,AMZN190418C01380000,,call,04/18/2019,11/29/2018,1380,257.5,343.85,351.65,0,6,0.3945,0.8289,0.0006,-160.1645,262.7047,AMZN190418C01380000
AMZN,1673.57,*,AMZN190418P01380000,,put,04/18/2019,11/29/2018,1380,60.4,34.55,40.5,0,364,0.3771,-0.1628,0.0006,-118.4209,254.4995,AMZN190418P01380000
AMZN,1673.57,*,AMZN190418C01385000,,call,04/18/2019,11/29/2018,1385,240.4,339.85,347.85,0,2,0.3939,0.8254,0.0006,-161.6849,266.1422,AMZN190418C01385000
AMZN,1673.57,*,AMZN190418P01385000,,put,04/18/2019,11/29/2018,1385,76,35.5,41.4,0,37,0.3764,-0.1664,0.0006,-119.7724,258.0394,AMZN190418P01385000
AMZN,1673.57,*,AMZN190418C01395000,,call,04/18/2019,11/29/2018,1395,319.5,331.95,340.55,0,2,0.3932,0.818,0.0006,-164.9632,273.1981,AMZN190418C01395000
AMZN,1673.57,*,AMZN190418P01395000,,put,04/18/2019,11/29/2018,1395,82.4,37.55,43.5,0,189,0.3754,-0.1737,0.0007,-122.6634,265.2932,AMZN190418P01395000
AMZN,1673.57,*,AMZN190418C01400000,,call,04/18/2019,11/29/2018,1400,312.54,328,335.95,0,23,0.391,0.8151,0.0007,-165.5653,275.9394,AMZN190418C01400000
AMZN,1673.57,*,AMZN190418P01400000,,put,04/18/2019,11/29/2018,1400,39.05,38.5,44.45,44,318,0.3745,-0.1773,0.0007,-123.8695,268.7203,AMZN190418P01400000
AMZN,1673.57,*,AMZN190418C01405000,,call,04/18/2019,11/29/2018,1405,0,324.1,332.95,0,15,0.3917,0.8108,0.0007,-167.7471,279.867,AMZN190418C01405000
AMZN,1673.57,*,AMZN190418P01405000,,put,04/18/2019,11/29/2018,1405,41.17,39.5,45.3,0,55,0.3734,-0.1808,0.0007,-124.9524,272.052,AMZN190418P01405000
AMZN,1673.57,*,AMZN190418C01415000,,call,04/18/2019,11/29/2018,1415,201.6,316.35,324.85,0,7,0.3894,0.8038,0.0007,-170.0338,286.1806,AMZN190418C01415000
AMZN,1673.57,*,AMZN190418P01415000,,put,04/18/2019,11/29/2018,1415,42.22,40.65,48.15,30,69,0.3716,-0.1881,0.0007,-127.2985,278.8803,AMZN190418P01415000
AMZN,1673.57,*,AMZN190418C01420000,,call,04/18/2019,11/29/2018,1420,204.65,312.5,321.1,0,5,0.3887,0.8,0.0007,-171.4007,289.4967,AMZN190418C01420000
AMZN,1673.57,*,AMZN190418P01420000,,put,04/18/2019,11/29/2018,1420,45,41.1,49.25,2,180,0.3697,-0.1914,0.0007,-127.8986,281.8547,AMZN190418P01420000
AMZN,1673.57,*,AMZN190418C01425000,,call,04/18/2019,11/29/2018,1425,300,308.65,317.45,0,11,0.3881,0.7961,0.0007,-172.8056,292.8332,AMZN190418C01425000
AMZN,1673.57,*,AMZN190418P01425000,,put,04/18/2019,11/29/2018,1425,56.55,42.25,50.35,0,90,0.3691,-0.1953,0.0007,-129.2006,285.3814,AMZN190418P01425000
AMZN,1673.57,*,AMZN190418C01435000,,call,04/18/2019,11/29/2018,1435,227.36,300.6,309.65,0,10,0.3853,0.7889,0.0007,-174.6908,298.8864,AMZN190418C01435000
AMZN,1673.57,*,AMZN190418P01435000,,put,04/18/2019,11/29/2018,1435,46.95,45.8,52.65,0,30,0.37,-0.2043,0.0007,-132.9082,293.2088,AMZN190418P01435000
AMZN,1673.57,*,AMZN190418C01440000,,call,04/18/2019,11/29/2018,1440,238.26,297.3,306,0,13,0.3855,0.7846,0.0007,-176.4787,302.4484,AMZN190418C01440000
AMZN,1673.57,*,AMZN190418P01440000,,put,04/18/2019,11/29/2018,1440,48.07,45.75,53.9,1,544,0.3674,-0.2075,0.0008,-133.0611,295.8892,AMZN190418P01440000
AMZN,1673.57,*,AMZN190418C01445000,,call,04/18/2019,11/29/2018,1445,192.45,293.5,302.3,0,24,0.3846,0.7807,0.0007,-177.6484,305.6072,AMZN190418C01445000
AMZN,1673.57,*,AMZN190418P01445000,,put,04/18/2019,11/29/2018,1445,48.75,47,55,3,97,0.3667,-0.2116,0.0008,-134.2391,299.2983,AMZN190418P01445000
AMZN,1673.57,*,AMZN190418C01460000,,call,04/18/2019,11/29/2018,1460,284,281.8,291.25,2,29,0.3814,0.7689,0.0008,-180.7693,314.8123,AMZN190418C01460000
AMZN,1673.57,*,AMZN190418P01460000,,put,04/18/2019,11/29/2018,1460,53.81,50.75,59.1,18,720,0.3654,-0.2244,0.0008,-138.0927,309.6645,AMZN190418P01460000
AMZN,1673.57,*,AMZN190418C01480000,,call,04/18/2019,11/29/2018,1480,228.95,267.25,276.3,0,15,0.3773,0.7525,0.0008,-184.7281,326.8451,AMZN190418C01480000
AMZN,1673.57,*,AMZN190418P01480000,,put,04/18/2019,11/29/2018,1480,85.38,56.15,64.1,0,584,0.3626,-0.2417,0.0008,-142.3516,322.7139,AMZN190418P01480000
AMZN,1673.57,*,AMZN190418C01500000,,call,04/18/2019,11/29/2018,1500,262.9,253.2,262.2,26,360,0.3748,0.7348,0.0008,-189.171,338.8232,AMZN190418C01500000
AMZN,1673.57,*,AMZN190418P01500000,,put,04/18/2019,11/29/2018,1500,64.95,61.9,70.3,26,936,0.3611,-0.2603,0.0009,-146.931,335.574,AMZN190418P01500000
AMZN,1673.57,*,AMZN190418C01520000,,call,04/18/2019,11/29/2018,1520,246.75,239.5,249,4,39,0.3729,0.7163,0.0009,-193.5129,350.2821,AMZN190418C01520000
AMZN,1673.57,*,AMZN190418P01520000,,put,04/18/2019,11/29/2018,1520,73.5,68.05,76.3,3,275,0.3587,-0.2791,0.0009,-150.605,347.5175,AMZN190418P01520000
AMZN,1673.57,*,AMZN190418C01540000,,call,04/18/2019,11/29/2018,1540,238.55,226.9,235.75,3,72,0.3713,0.6972,0.0009,-197.5554,361.0233,AMZN190418C01540000
AMZN,1673.57,*,AMZN190418P01540000,,put,04/18/2019,11/29/2018,1540,82.05,74.6,82.55,20,73,0.3562,-0.2985,0.0009,-153.7696,358.6985,AMZN190418P01540000
AMZN,1673.57,*,AMZN190418C01555000,,call,04/18/2019,11/29/2018,1555,220,217.2,225.6,0,61,0.3688,0.6829,0.0009,-199.5903,368.3662,AMZN190418C01555000
AMZN,1673.57,*,AMZN190418P01555000,,put,04/18/2019,11/29/2018,1555,88.6,80.65,88.05,0,81,0.3562,-0.3139,0.001,-156.8036,366.7939,AMZN190418P01555000
AMZN,1673.57,*,AMZN190418C01560000,,call,04/18/2019,11/29/2018,1560,200,215.6,219.65,0,147,0.3666,0.6784,0.0009,-199.4952,370.5657,AMZN190418C01560000
AMZN,1673.57,*,AMZN190418P01560000,,put,04/18/2019,11/29/2018,1560,83.65,82.45,89.8,1,62,0.3557,-0.319,0.001,-157.4879,369.296,AMZN190418P01560000
AMZN,1673.57,*,AMZN190418C01565000,,call,04/18/2019,11/29/2018,1565,172.55,210.35,216.5,0,34,0.3632,0.674,0.001,-198.7459,372.6099,AMZN190418C01565000
AMZN,1673.57,*,AMZN190418P01565000,,put,04/18/2019,11/29/2018,1565,87.8,84.3,91.6,2,61,0.3552,-0.3241,0.001,-158.1393,371.7386,AMZN190418P01565000
AMZN,1673.57,*,AMZN190418C01575000,,call,04/18/2019,11/29/2018,1575,183.1,206.25,213.25,0,30,0.3688,0.6626,0.001,-203.5928,377.7336,AMZN190418C01575000
AMZN,1673.57,*,AMZN190418P01575000,,put,04/18/2019,11/29/2018,1575,92.87,87.7,95.6,1,68,0.3542,-0.3344,0.001,-159.3421,376.4404,AMZN190418P01575000
AMZN,1673.57,*,AMZN190418C01580000,,call,04/18/2019,11/29/2018,1580,184.85,202.55,210.5,0,69,0.3677,0.6577,0.001,-203.9403,379.8263,AMZN190418C01580000
AMZN,1673.57,*,AMZN190418P01580000,,put,04/18/2019,11/29/2018,1580,97.2,89.9,96.65,1,129,0.353,-0.3394,0.001,-159.5292,378.6366,AMZN190418P01580000
AMZN,1673.57,*,AMZN190418C01585000,,call,04/18/2019,11/29/2018,1585,204.42,199.65,207.5,0,43,0.3674,0.6527,0.001,-204.6688,381.9215,AMZN190418C01585000
AMZN,1673.57,*,AMZN190418P01585000,,put,04/18/2019,11/29/2018,1585,95.65,91.5,99.5,1,61,0.3533,-0.3448,0.001,-160.4607,380.8975,AMZN190418P01585000
AMZN,1673.57,*,AMZN190418C01595000,,call,04/18/2019,11/29/2018,1595,189.85,193.1,201.35,1,200,0.3653,0.6427,0.001,-205.2487,385.8377,AMZN190418C01595000
AMZN,1673.57,*,AMZN190418P01595000,,put,04/18/2019,11/29/2018,1595,99.61,95.4,102.45,1,325,0.351,-0.3551,0.001,-160.7151,385.0022,AMZN190418P01595000
AMZN,1673.57,*,AMZN190418C01600000,,call,04/18/2019,11/29/2018,1600,195.25,190.05,198.4,66,633,0.3647,0.6376,0.001,-205.72,387.7334,AMZN190418C01600000
AMZN,1673.57,*,AMZN190418P01600000,,put,04/18/2019,11/29/2018,1600,99.35,99.7,104.95,4,786,0.3542,-0.361,0.001,-163.04,387.2054,AMZN190418P01600000
AMZN,1673.57,*,AMZN190418C01605000,,call,04/18/2019,11/29/2018,1605,165.6,186.2,195.55,0,117,0.363,0.6326,0.001,-205.5888,389.5204,AMZN190418C01605000
AMZN,1673.57,*,AMZN190418P01605000,,put,04/18/2019,11/29/2018,1605,103.2,100.1,107,6,100,0.3516,-0.366,0.001,-162.3288,389.0136,AMZN190418P01605000
AMZN,1673.57,*,AMZN190418C01615000,,call,04/18/2019,11/29/2018,1615,185.1,181.25,189.7,0,75,0.3629,0.6221,0.001,-206.9244,393.0372,AMZN190418C01615000
AMZN,1673.57,*,AMZN190418P01615000,,put,04/18/2019,11/29/2018,1615,107.94,103.05,111.75,1,42,0.3499,-0.3766,0.001,-162.6083,392.6229,AMZN190418P01615000
AMZN,1673.57,*,AMZN190418C01620000,,call,04/18/2019,11/29/2018,1620,185.98,177.55,186.9,31,56,0.3613,0.617,0.001,-206.7392,394.6503,AMZN190418C01620000
AMZN,1673.57,*,AMZN190418P01620000,,put,04/18/2019,11/29/2018,1620,107.35,105.15,114.1,1,94,0.3497,-0.382,0.0011,-163.0293,394.3457,AMZN190418P01620000
AMZN,1673.57,*,AMZN190418C01625000,,call,04/18/2019,11/29/2018,1625,189,175.55,184.05,3,47,0.3618,0.6117,0.001,-207.6018,396.2462,AMZN190418C01625000
AMZN,1673.57,*,AMZN190418P01625000,,put,04/18/2019,11/29/2018,1625,113,107.5,114.75,0,73,0.3476,-0.3873,0.0011,-162.4314,395.9489,AMZN190418P01625000
AMZN,1673.57,*,AMZN190418C01635000,,call,04/18/2019,11/29/2018,1635,176.55,169.5,178.65,0,22,0.3603,0.6012,0.001,-207.9288,399.1784,AMZN190418C01635000
AMZN,1673.57,*,AMZN190418P01635000,,put,04/18/2019,11/29/2018,1635,116.45,112.3,120.9,12,68,0.3495,-0.3984,0.0011,-164.2772,399.0609,AMZN190418P01635000
AMZN,1673.57,*,AMZN190418C01640000,,call,04/18/2019,11/29/2018,1640,170.91,167.15,175.5,51,126,0.3598,0.5959,0.001,-208.167,400.5439,AMZN190418C01640000
AMZN,1673.57,*,AMZN190418P01640000,,put,04/18/2019,11/29/2018,1640,117.33,114.05,121.75,8,38,0.3468,-0.4038,0.0011,-163.2564,400.455,AMZN190418P01640000
AMZN,1673.57,*,AMZN190418C01645000,,call,04/18/2019,11/29/2018,1645,157,164.4,173.15,0,97,0.3596,0.5905,0.001,-208.5239,401.839,AMZN190418C01645000
AMZN,1673.57,*,AMZN190418P01645000,,put,04/18/2019,11/29/2018,1645,120.5,116.3,125.35,3,66,0.348,-0.4093,0.0011,-164.2162,401.8072,AMZN190418P01645000
AMZN,1673.57,*,AMZN190418C01655000,,call,04/18/2019,11/29/2018,1655,170.95,159.65,167.85,37,167,0.3594,0.5799,0.0011,-209.2328,404.2071,AMZN190418C01655000
AMZN,1673.57,*,AMZN190418P01655000,,put,04/18/2019,11/29/2018,1655,120.95,121,130.1,6,106,0.3474,-0.4203,0.0011,-164.4707,404.254,AMZN190418P01655000
AMZN,1673.57,*,AMZN190418C01660000,,call,04/18/2019,11/29/2018,1660,165.75,156.2,164.95,5,42,0.3575,0.5745,0.0011,-208.5982,405.2921,AMZN190418C01660000
AMZN,1673.57,*,AMZN190418P01660000,,put,04/18/2019,11/29/2018,1660,127.45,125.5,132.5,5,175,0.3497,-0.4257,0.0011,-165.8932,405.3439,AMZN190418P01660000
AMZN,1673.57,*,AMZN190418C01665000,,call,04/18/2019,11/29/2018,1665,161.65,154.4,162.55,5,143,0.3583,0.5692,0.0011,-209.3292,406.2853,AMZN190418C01665000
AMZN,1673.57,*,AMZN190418P01665000,,put,04/18/2019,11/29/2018,1665,130.55,127.7,134.9,15,79,0.3491,-0.4312,0.0011,-165.7725,406.3674,AMZN190418P01665000
AMZN,1673.57,*,AMZN190418C01675000,,call,04/18/2019,11/29/2018,1675,161.93,150.15,157.45,104,29,0.3584,0.5586,0.0011,-209.9049,408.0558,AMZN190418C01675000
AMZN,1673.57,*,AMZN190418P01675000,,put,04/18/2019,11/29/2018,1675,141.02,131.65,139.75,2,88,0.3471,-0.4423,0.0011,-164.9993,408.1929,AMZN190418P01675000
AMZN,1673.57,*,AMZN190418C01680000,,call,04/18/2019,11/29/2018,1680,156.41,146.85,154.95,28,252,0.3569,0.5531,0.0011,-209.3281,408.8489,AMZN190418C01680000
AMZN,1673.57,*,AMZN190418P01680000,,put,04/18/2019,11/29/2018,1680,136.1,134.2,142.25,4,317,0.3469,-0.4478,0.0011,-164.9734,408.9798,AMZN190418P01680000
AMZN,1673.57,*,AMZN190418C01685000,,call,04/18/2019,11/29/2018,1685,156,143.55,152.5,4,134,0.3555,0.5476,0.0011,-208.7645,409.5675,AMZN190418C01685000
AMZN,1673.57,*,AMZN190418P01685000,,put,04/18/2019,11/29/2018,1685,134.93,135.5,144.75,2,245,0.345,-0.4535,0.0011,-164.0174,409.7101,AMZN190418P01685000
AMZN,1673.57,*,AMZN190418C01700000,,call,04/18/2019,11/29/2018,1700,144,137.15,145.3,211,2153,0.3553,0.5316,0.0011,-208.9539,411.2176,AMZN190418C01700000
AMZN,1673.57,*,AMZN190418P01700000,,put,04/18/2019,11/29/2018,1700,145.73,143.5,152.5,20,1897,0.3444,-0.4701,0.0011,-163.5993,411.355,AMZN190418P01700000
AMZN,1673.57,*,AMZN190418C01720000,,call,04/18/2019,11/29/2018,1720,133.6,126.8,136.05,110,152,0.3524,0.5097,0.0011,-207.3029,412.388,AMZN190418C01720000
AMZN,1673.57,*,AMZN190418P01720000,,put,04/18/2019,11/29/2018,1720,152.65,154.1,163.2,2,87,0.3431,-0.4923,0.0011,-162.2606,412.4344,AMZN190418P01720000
AMZN,1673.57,*,AMZN190418C01725000,,call,04/18/2019,11/29/2018,1725,128,126.65,133.6,4,63,0.3543,0.5048,0.0011,-208.2108,412.4801,AMZN190418C01725000
AMZN,1673.57,*,AMZN190418P01725000,,put,04/18/2019,11/29/2018,1725,155.35,157,165.95,2,77,0.343,-0.4978,0.0011,-161.9559,412.5044,AMZN190418P01725000
AMZN,1673.57,*,AMZN190418C01740000,,call,04/18/2019,11/29/2018,1740,128.08,117.95,127.05,18,198,0.3507,0.4881,0.0011,-205.7134,412.3259,AMZN190418C01740000
AMZN,1673.57,*,AMZN190418P01740000,,put,04/18/2019,11/29/2018,1740,175.7,165.5,174.35,0,86,0.3423,-0.5143,0.0011,-160.6134,412.2447,AMZN190418P01740000
AMZN,1673.57,*,AMZN190418C01760000,,call,04/18/2019,11/29/2018,1760,120.68,109.4,117.45,29,537,0.3475,0.466,0.0011,-202.7304,411.0086,AMZN190418C01760000
AMZN,1673.57,*,AMZN190418P01760000,,put,04/18/2019,11/29/2018,1760,182.2,177,186.05,1,287,0.3411,-0.5363,0.0011,-158.1886,410.8059,AMZN190418P01760000
AMZN,1673.57,*,AMZN190418C01780000,,call,04/18/2019,11/29/2018,1780,99.09,101.85,110.5,6,52,0.3478,0.4452,0.0011,-201.1568,408.6162,AMZN190418C01780000
AMZN,1673.57,*,AMZN190418P01780000,,put,04/18/2019,11/29/2018,1780,188,189.15,198.15,3,161,0.3403,-0.5578,0.0011,-155.4499,408.1697,AMZN190418P01780000
AMZN,1673.57,*,AMZN190418C01785000,,call,04/18/2019,11/29/2018,1785,111.7,102.35,108.55,3,24,0.3504,0.4411,0.0011,-202.1281,408.0132,AMZN190418C01785000
AMZN,1673.57,*,AMZN190418P01785000,,put,04/18/2019,11/29/2018,1785,322.2,192.25,201.25,0,74,0.3401,-0.5632,0.0011,-154.685,407.3281,AMZN190418P01785000
AMZN,1673.57,*,AMZN190418C01790000,,call,04/18/2019,11/29/2018,1790,96.05,100.45,105.35,142,107,0.3485,0.4352,0.0011,-200.5068,407.0638,AMZN190418C01790000
AMZN,1673.57,*,AMZN190418P01790000,,put,04/18/2019,11/29/2018,1790,326.92,195.5,204.4,0,103,0.3401,-0.5684,0.0011,-154.0041,406.4308,AMZN190418P01790000
AMZN,1673.57,*,AMZN190418C01795000,,call,04/18/2019,11/29/2018,1795,99.4,97.1,104.8,1,47,0.348,0.4299,0.0011,-199.6514,406.1306,AMZN190418C01795000
AMZN,1673.57,*,AMZN190418P01795000,,put,04/18/2019,11/29/2018,1795,199,199.75,206.45,1,74,0.3399,-0.5737,0.0011,-153.178,405.4488,AMZN190418P01795000
AMZN,1673.57,*,AMZN190418C01800000,,call,04/18/2019,11/29/2018,1800,98.8,95.9,102.95,22,905,0.3484,0.425,0.0011,-199.2861,405.2057,AMZN190418C01800000
AMZN,1673.57,*,AMZN190418P01800000,,put,04/18/2019,11/29/2018,1800,217,201.55,210.75,1,682,0.3394,-0.5791,0.0011,-152.1471,404.368,AMZN190418P01800000
AMZN,1673.57,*,AMZN190418C01805000,,call,04/18/2019,11/29/2018,1805,73,94.35,101.15,0,56,0.3485,0.42,0.0011,-198.7205,404.196,AMZN190418C01805000
AMZN,1673.57,*,AMZN190418P01805000,,put,04/18/2019,11/29/2018,1805,234.35,205,213.95,0,15,0.3395,-0.5843,0.0011,-151.4357,403.2767,AMZN190418P01805000
AMZN,1673.57,*,AMZN190418C01810000,,call,04/18/2019,11/29/2018,1810,90,92.95,99.35,1,53,0.3486,0.4151,0.0011,-198.1282,403.1268,AMZN190418C01810000
AMZN,1673.57,*,AMZN190418P01810000,,put,04/18/2019,11/29/2018,1810,269.5,208,217.05,0,31,0.3389,-0.5897,0.0011,-150.2848,402.0415,AMZN190418P01810000
AMZN,1673.57,*,AMZN190418C01815000,,call,04/18/2019,11/29/2018,1815,96.86,89.85,97.6,1,60,0.3467,0.4091,0.0011,-196.33,401.7652,AMZN190418C01815000
AMZN,1673.57,*,AMZN190418P01815000,,put,04/18/2019,11/29/2018,1815,346.2,211.5,220.25,0,27,0.3389,-0.5948,0.0011,-149.4578,400.8075,AMZN190418P01815000
AMZN,1673.57,*,AMZN190418C01820000,,call,04/18/2019,11/29/2018,1820,91.2,88.1,94.6,1,99,0.3448,0.4032,0.0011,-194.4914,400.3029,AMZN190418C01820000
AMZN,1673.57,*,AMZN190418P01820000,,put,04/18/2019,11/29/2018,1820,277.5,214.55,223.55,0,69,0.3385,-0.6001,0.0011,-148.3656,399.4563,AMZN190418P01820000
AMZN,1673.57,*,AMZN190418C01825000,,call,04/18/2019,11/29/2018,1825,91.25,87.65,94.15,0,27,0.3477,0.3997,0.0011,-195.4798,399.4105,AMZN190418C01825000
AMZN,1673.57,*,AMZN190418P01825000,,put,04/18/2019,11/29/2018,1825,214.95,218,226.85,2,22,0.3385,-0.6052,0.0011,-147.4841,398.0954,AMZN190418P01825000
AMZN,1673.57,*,AMZN190418C01830000,,call,04/18/2019,11/29/2018,1830,87.1,85.95,91.15,1,28,0.3457,0.3937,0.0011,-193.5206,397.791,AMZN190418C01830000
AMZN,1673.57,*,AMZN190418P01830000,,put,04/18/2019,11/29/2018,1830,315.5,221.2,230.2,0,38,0.3382,-0.6104,0.0011,-146.3958,396.6266,AMZN190418P01830000
AMZN,1673.57,*,AMZN190418C01835000,,call,04/18/2019,11/29/2018,1835,85,84.25,90.85,0,26,0.3471,0.3896,0.0011,-193.5757,396.6145,AMZN190418C01835000
AMZN,1673.57,*,AMZN190418P01835000,,put,04/18/2019,11/29/2018,1835,266.12,224.75,233.7,0,8,0.3385,-0.6152,0.0011,-145.6443,395.1958,AMZN190418P01835000
AMZN,1673.57,*,AMZN190418C01840000,,call,04/18/2019,11/29/2018,1840,89.55,82.55,89.2,3,128,0.3467,0.3845,0.0011,-192.5229,395.1065,AMZN190418C01840000
AMZN,1673.57,*,AMZN190418P01840000,,put,04/18/2019,11/29/2018,1840,335.35,228,237.1,0,82,0.3382,-0.6203,0.0011,-144.5041,393.6045,AMZN190418P01840000
AMZN,1673.57,*,AMZN190418C01845000,,call,04/18/2019,11/29/2018,1845,86.71,81.2,87.6,1,22,0.3468,0.3797,0.0011,-191.7489,393.6261,AMZN190418C01845000
AMZN,1673.57,*,AMZN190418P01845000,,put,04/18/2019,11/29/2018,1845,318.75,231.6,240.4,0,13,0.3381,-0.6253,0.0011,-143.4604,391.9892,AMZN190418P01845000
AMZN,1673.57,*,AMZN190418C01850000,,call,04/18/2019,11/29/2018,1850,87.53,78.05,86.05,6,98,0.3445,0.3736,0.0011,-189.4764,391.6293,AMZN190418C01850000
AMZN,1673.57,*,AMZN190418P01850000,,put,04/18/2019,11/29/2018,1850,245,235,243.85,3,158,0.338,-0.6303,0.0011,-142.3925,390.3167,AMZN190418P01850000
AMZN,1673.57,*,AMZN190418C01855000,,call,04/18/2019,11/29/2018,1855,55,77.75,84.5,0,14,0.3459,0.3696,0.0011,-189.4535,390.2896,AMZN190418C01855000
AMZN,1673.57,*,AMZN190418P01855000,,put,04/18/2019,11/29/2018,1855,364.5,238.5,247.3,0,34,0.3379,-0.6352,0.0011,-141.3009,388.588,AMZN190418P01855000
AMZN,1673.57,*,AMZN190418C01860000,,call,04/18/2019,11/29/2018,1860,84.27,76.15,82.95,1,50,0.3455,0.3647,0.0011,-188.2983,388.5393,AMZN190418C01860000
AMZN,1673.57,*,AMZN190418P01860000,,put,04/18/2019,11/29/2018,1860,258.9,242,250.8,1,77,0.3378,-0.6401,0.0011,-140.1863,386.8046,AMZN190418P01860000
AMZN,1673.57,*,AMZN190418C01865000,,call,04/18/2019,11/29/2018,1865,75.3,74.65,81.5,1,12,0.3454,0.3599,0.001,-187.3062,386.7987,AMZN190418C01865000
AMZN,1673.57,*,AMZN190418P01865000,,put,04/18/2019,11/29/2018,1865,368,245.65,254.35,0,12,0.3379,-0.6448,0.0011,-139.1751,385.0166,AMZN190418P01865000
AMZN,1673.57,*,AMZN190418C01870000,,call,04/18/2019,11/29/2018,1870,70.52,73.1,80,1,43,0.345,0.3549,0.001,-186.1034,384.9343,AMZN190418C01870000
AMZN,1673.57,*,AMZN190418P01870000,,put,04/18/2019,11/29/2018,1870,345,249,257.9,0,46,0.3376,-0.6498,0.0011,-137.8903,383.0779,AMZN190418P01870000
AMZN,1673.57,*,AMZN190418C01875000,,call,04/18/2019,11/29/2018,1875,78,71.65,78.55,12,14,0.3448,0.3502,0.001,-185.0038,383.0635,AMZN190418C01875000
AMZN,1673.57,*,AMZN190418P01875000,,put,04/18/2019,11/29/2018,1875,251.67,252.5,261.55,1,138,0.3375,-0.6546,0.0011,-136.71,381.1372,AMZN190418P01875000
AMZN,1673.57,*,AMZN190418C01880000,,call,04/18/2019,11/29/2018,1880,75.29,70.15,77.1,1,32,0.3445,0.3454,0.001,-183.819,381.1146,AMZN190418C01880000
AMZN,1673.57,*,AMZN190418P01880000,,put,04/18/2019,11/29/2018,1880,464.56,260,264.95,0,45,0.3424,-0.656,0.001,-138.7055,380.5449,AMZN190418P01880000
AMZN,1673.57,*,AMZN190418C01885000,,call,04/18/2019,11/29/2018,1885,39,67.7,75.6,0,34,0.3428,0.3396,0.001,-181.7147,378.7154,AMZN190418C01885000
AMZN,1673.57,*,AMZN190418P01885000,,put,04/18/2019,11/29/2018,1885,390,259.75,268.7,0,20,0.3374,-0.664,0.001,-134.3522,377.1371,AMZN190418P01885000
AMZN,1673.57,*,AMZN190418C01890000,,call,04/18/2019,11/29/2018,1890,43.5,67.3,74.35,0,191,0.3441,0.3359,0.001,-181.5139,377.1186,AMZN190418C01890000
AMZN,1673.57,*,AMZN190418P01890000,,put,04/18/2019,11/29/2018,1890,336.3,263.5,272.45,0,215,0.3376,-0.6685,0.001,-133.3063,375.1453,AMZN190418P01890000
AMZN,1673.57,*,AMZN190418C01895000,,call,04/18/2019,11/29/2018,1895,67.9,65.9,73,2,45,0.3438,0.3312,0.001,-180.2666,375.0172,AMZN190418C01895000
AMZN,1673.57,*,AMZN190418P01895000,,put,04/18/2019,11/29/2018,1895,352.09,270.95,276.1,0,121,0.3427,-0.6695,0.001,-135.4294,374.6757,AMZN190418P01895000
AMZN,1673.57,*,AMZN190418C01900000,,call,04/18/2019,11/29/2018,1900,70.74,63.55,71.65,17,664,0.3422,0.3256,0.001,-178.1511,372.4443,AMZN190418C01900000
AMZN,1673.57,*,AMZN190418P01900000,,put,04/18/2019,11/29/2018,1900,278.45,274.65,279.8,2,437,0.3427,-0.674,0.001,-134.2374,372.6071,AMZN190418P01900000
AMZN,1673.57,*,AMZN190418C01905000,,call,04/18/2019,11/29/2018,1905,48.72,63.2,70.3,0,123,0.3433,0.3219,0.001,-177.7784,370.7007,AMZN190418C01905000
AMZN,1673.57,*,AMZN190418P01905000,,put,04/18/2019,11/29/2018,1905,289.8,274.5,283.55,2,127,0.3375,-0.6822,0.001,-129.6093,368.7004,AMZN190418P01905000
AMZN,1673.57,*,AMZN190418C01910000,,call,04/18/2019,11/29/2018,1910,54.98,60.85,69.05,0,67,0.3417,0.3164,0.001,-175.6155,367.9971,AMZN190418C01910000
AMZN,1673.57,*,AMZN190418P01910000,,put,04/18/2019,11/29/2018,1910,322.15,281.95,287.3,0,33,0.3426,-0.683,0.001,-131.7366,368.315,AMZN190418P01910000
AMZN,1673.57,*,AMZN190418C01915000,,call,04/18/2019,11/29/2018,1915,61.8,60.55,67.7,1,22,0.3425,0.3126,0.001,-175.0176,366.0912,AMZN190418C01915000
AMZN,1673.57,*,AMZN190418P01915000,,put,04/18/2019,11/29/2018,1915,297.45,285.75,291.05,1,27,0.3427,-0.6873,0.001,-130.561,366.1643,AMZN190418P01915000
AMZN,1673.57,*,AMZN190418C01920000,,call,04/18/2019,11/29/2018,1920,64.47,59.25,66.35,1,153,0.3428,0.3084,0.001,-174.0763,363.9796,AMZN190418C01920000
AMZN,1673.57,*,AMZN190418P01920000,,put,04/18/2019,11/29/2018,1920,414.55,289.5,294.85,0,37,0.3427,-0.6917,0.001,-129.3039,363.9417,AMZN190418P01920000
AMZN,1673.57,*,AMZN190418C01925000,,call,04/18/2019,11/29/2018,1925,27,57.5,65.3,0,61,0.3418,0.3034,0.001,-172.2506,361.3295,AMZN190418C01925000
AMZN,1673.57,*,AMZN190418P01925000,,put,04/18/2019,11/29/2018,1925,334.3,293.3,298.75,0,270,0.3429,-0.6958,0.001,-128.166,361.7621,AMZN190418P01925000
AMZN,1673.57,*,AMZN190418C01930000,,call,04/18/2019,11/29/2018,1930,46.8,56.75,64.05,0,153,0.3422,0.2994,0.001,-171.3474,359.1883,AMZN190418C01930000
AMZN,1673.57,*,AMZN190418P01930000,,put,04/18/2019,11/29/2018,1930,362.43,294.75,302.3,0,32,0.3392,-0.7029,0.001,-124.3844,357.9515,AMZN190418P01930000
AMZN,1673.57,*,AMZN190418C01935000,,call,04/18/2019,11/29/2018,1935,59.3,55.4,62.85,4,46,0.3418,0.2949,0.001,-169.8911,356.6877,AMZN190418C01935000
AMZN,1673.57,*,AMZN190418P01935000,,put,04/18/2019,11/29/2018,1935,420.24,298.65,306.2,0,22,0.3394,-0.707,0.001,-123.2083,355.6644,AMZN190418P01935000
AMZN,1673.57,*,AMZN190418C01940000,,call,04/18/2019,11/29/2018,1940,56.75,54.35,61.7,3,45,0.3418,0.2907,0.001,-168.6914,354.3184,AMZN190418C01940000
AMZN,1673.57,*,AMZN190418P01940000,,put,04/18/2019,11/29/2018,1940,429.25,304.8,309.7,0,64,0.3422,-0.709,0.001,-123.7923,354.4925,AMZN190418P01940000
AMZN,1673.57,*,AMZN190418C01945000,,call,04/18/2019,11/29/2018,1945,55.6,52.15,60.4,4,21,0.34,0.2851,0.001,-166.2464,351.1034,AMZN190418C01945000
AMZN,1673.57,*,AMZN190418P01945000,,put,04/18/2019,11/29/2018,1945,336.25,306.4,313.95,0,13,0.3395,-0.7153,0.001,-120.6159,350.875,AMZN190418P01945000
AMZN,1673.57,*,AMZN190418C01950000,,call,04/18/2019,11/29/2018,1950,53.75,52,59.05,1,102,0.3409,0.2817,0.001,-165.6357,349.0709,AMZN190418C01950000
AMZN,1673.57,*,AMZN190418P01950000,,put,04/18/2019,11/29/2018,1950,378,310.2,317.65,0,56,0.3391,-0.7197,0.001,-118.9921,348.2251,AMZN190418P01950000
AMZN,1673.57,*,AMZN190418C01955000,,call,04/18/2019,11/29/2018,1955,35.69,50.9,58.05,0,61,0.341,0.2777,0.001,-164.4661,346.6492,AMZN190418C01955000
AMZN,1673.57,*,AMZN190418P01955000,,put,04/18/2019,11/29/2018,1955,466.35,314.25,321.8,0,8,0.3397,-0.7234,0.001,-118.0464,346.0221,AMZN190418P01955000
AMZN,1673.57,*,AMZN190418C01960000,,call,04/18/2019,11/29/2018,1960,53.55,49.75,56.95,1,35,0.3407,0.2734,0.0009,-163.0084,344.0057,AMZN190418C01960000
AMZN,1673.57,*,AMZN190418P01960000,,put,04/18/2019,11/29/2018,1960,470.6,317,325.6,0,52,0.3378,-0.7289,0.0009,-115.355,342.5546,AMZN190418P01960000
AMZN,1673.57,*,AMZN190418C01965000,,call,04/18/2019,11/29/2018,1965,28.09,48.65,55.85,0,19,0.3405,0.2692,0.0009,-161.6083,341.3787,AMZN190418C01965000
AMZN,1673.57,*,AMZN190418P01965000,,put,04/18/2019,11/29/2018,1965,407.85,321,329.75,0,14,0.3382,-0.7327,0.0009,-114.2487,340.1971,AMZN190418P01965000
AMZN,1673.57,*,AMZN190418C01970000,,call,04/18/2019,11/29/2018,1970,54.97,47.6,54.85,2,244,0.3405,0.2652,0.0009,-160.3373,338.8262,AMZN190418C01970000
AMZN,1673.57,*,AMZN190418P01970000,,put,04/18/2019,11/29/2018,1970,483.55,325,333.95,0,7,0.3386,-0.7363,0.0009,-113.135,337.8255,AMZN190418P01970000
AMZN,1673.57,*,AMZN190418C01975000,,call,04/18/2019,11/29/2018,1975,51.36,46.55,53.9,0,75,0.3405,0.2613,0.0009,-159.0571,336.2503,AMZN190418C01975000
AMZN,1673.57,*,AMZN190418P01975000,,put,04/18/2019,11/29/2018,1975,377,329,337.2,0,5,0.3376,-0.7411,0.0009,-111.0278,334.6774,AMZN190418P01975000
AMZN,1673.57,*,AMZN190418C01980000,,call,04/18/2019,11/29/2018,1980,47,45.5,52.8,1,282,0.3402,0.2571,0.0009,-157.5561,333.487,AMZN190418C01980000
AMZN,1673.57,*,AMZN190418P01980000,,put,04/18/2019,11/29/2018,1980,347.23,332.35,341.8,0,25,0.3375,-0.7451,0.0009,-109.5432,331.9835,AMZN190418P01980000
AMZN,1673.57,*,AMZN190418C01985000,,call,04/18/2019,11/29/2018,1985,47.5,44.5,50.2,4,150,0.3378,0.2513,0.0009,-154.5536,329.4963,AMZN190418C01985000
AMZN,1673.57,*,AMZN190418P01985000,,put,04/18/2019,11/29/2018,1985,497.7,337.05,345.3,0,15,0.3378,-0.7487,0.0009,-108.3344,329.4963,AMZN190418P01985000
AMZN,1673.57,*,AMZN190418C01990000,,call,04/18/2019,11/29/2018,1990,50,42.5,50.95,5,43,0.3387,0.2482,0.0009,-153.8832,327.3486,AMZN190418C01990000
AMZN,1673.57,*,AMZN190418P01990000,,put,04/18/2019,11/29/2018,1990,504.7,341,350.1,0,41,0.3388,-0.7517,0.0009,-107.6189,327.407,AMZN190418P01990000
AMZN,1673.57,*,AMZN190418C01995000,,call,04/18/2019,11/29/2018,1995,45,41.5,49.95,0,130,0.3385,0.2443,0.0009,-152.4232,324.5469,AMZN190418C01995000
AMZN,1673.57,*,AMZN190418P01995000,,put,04/18/2019,11/29/2018,1995,149.3,345,353.45,0,6,0.3377,-0.7564,0.0009,-105.3983,324.0665,AMZN190418P01995000
AMZN,1673.57,*,AMZN190418C02000000,,call,04/18/2019,11/29/2018,2000,47.44,40.55,49.05,93,1256,0.3385,0.2405,0.0009,-151.0992,321.8448,AMZN190418C02000000
AMZN,1673.57,*,AMZN190418P02000000,,put,04/18/2019,11/29/2018,2000,343.77,349.5,357.6,2,146,0.3386,-0.7594,0.0009,-104.6026,321.906,AMZN190418P02000000
AMZN,1673.57,*,AMZN190418C02005000,,call,04/18/2019,11/29/2018,2005,45.1,40.75,48.1,5,212,0.3401,0.2382,0.0009,-150.9221,320.121,AMZN190418C02005000
AMZN,1673.57,*,AMZN190418P02005000,,put,04/18/2019,11/29/2018,2005,512.55,353.5,361.7,0,62,0.3385,-0.7632,0.0009,-103.0843,319.1262,AMZN190418P02005000
AMZN,1673.57,*,AMZN190418C02015000,,call,04/18/2019,11/29/2018,2015,44,39.5,45.45,18,110,0.3396,0.2305,0.0009,-147.8911,314.358,AMZN190418C02015000
AMZN,1673.57,*,AMZN190418P02015000,,put,04/18/2019,11/29/2018,2015,527.7,362,370.5,0,29,0.3399,-0.7692,0.0009,-101.1908,314.5516,AMZN190418P02015000
AMZN,1673.57,*,AMZN190418C02025000,,call,04/18/2019,11/29/2018,2025,26.35,38,43.5,0,63,0.3391,0.223,0.0009,-144.8366,308.5152,AMZN190418C02025000
AMZN,1673.57,*,AMZN190418P02025000,,put,04/18/2019,11/29/2018,2025,563.4,370,378.4,0,12,0.339,-0.7771,0.0009,-97.6131,308.4478,AMZN190418P02025000
AMZN,1673.57,*,AMZN190418C02035000,,call,04/18/2019,11/29/2018,2035,39.38,36,42,2,60,0.3388,0.2158,0.0008,-141.9099,302.7418,AMZN190418C02035000
AMZN,1673.57,*,AMZN190418P02035000,,put,04/18/2019,11/29/2018,2035,465.98,378.1,386.9,0,30,0.339,-0.7841,0.0008,-94.6733,302.8817,AMZN190418P02035000
AMZN,1673.57,*,AMZN190418C02045000,,call,04/18/2019,11/29/2018,2045,38.8,34.5,40.2,0,160,0.338,0.2083,0.0008,-138.6009,296.5537,AMZN190418C02045000
AMZN,1673.57,*,AMZN190418P02045000,,put,04/18/2019,11/29/2018,2045,476.1,387,395.4,0,12,0.3402,-0.7898,0.0008,-92.6071,298.1438,AMZN190418P02045000
AMZN,1673.57,*,AMZN190418C02055000,,call,04/18/2019,11/29/2018,2055,37,33,38.9,0,34,0.3383,0.2019,0.0008,-136.0942,291.1247,AMZN190418C02055000
AMZN,1673.57,*,AMZN190418P02055000,,put,04/18/2019,11/29/2018,2055,562.95,396,404,0,36,0.3415,-0.7953,0.0008,-90.6147,293.5002,AMZN190418P02055000
AMZN,1673.57,*,AMZN190418C02065000,,call,04/18/2019,11/29/2018,2065,32.3,31.5,37.15,3,28,0.3377,0.1949,0.0008,-132.9159,284.9928,AMZN190418C02065000
AMZN,1673.57,*,AMZN190418P02065000,,put,04/18/2019,11/29/2018,2065,607.65,404.5,413.3,0,26,0.343,-0.8005,0.0008,-88.7734,289.0355,AMZN190418P02065000
AMZN,1673.57,*,AMZN190418C02075000,,call,04/18/2019,11/29/2018,2075,31.95,30,35.65,2,178,0.3372,0.1881,0.0008,-129.8085,278.8999,AMZN190418C02075000
AMZN,1673.57,*,AMZN190418P02075000,,put,04/18/2019,11/29/2018,2075,591.7,413,422.05,0,74,0.3435,-0.8064,0.0008,-86.1923,283.8429,AMZN190418P02075000
AMZN,1673.57,*,AMZN190418C02085000,,call,04/18/2019,11/29/2018,2085,29.7,28.5,34.3,7,51,0.3369,0.1817,0.0008,-126.8515,272.944,AMZN190418C02085000
AMZN,1673.57,*,AMZN190418P02085000,,put,04/18/2019,11/29/2018,2085,0,422.35,430.85,0,19,0.3454,-0.8109,0.0008,-84.6601,279.7589,AMZN190418P02085000
AMZN,1673.57,*,AMZN190418C02095000,,call,04/18/2019,11/29/2018,2095,29.4,27.55,33.5,2,90,0.3384,0.177,0.0007,-125.2491,268.4888,AMZN190418C02095000
AMZN,1673.57,*,AMZN190418P02095000,,put,04/18/2019,11/29/2018,2095,602,431,439.75,0,29,0.3461,-0.8163,0.0007,-82.2392,274.7763,AMZN190418P02095000
AMZN,1673.57,*,AMZN190418C02100000,,call,04/18/2019,11/29/2018,2100,32.38,27.15,32.8,6,553,0.3387,0.1743,0.0007,-124.1148,265.9027,AMZN190418C02100000
AMZN,1673.57,*,AMZN190418P02100000,,put,04/18/2019,11/29/2018,2100,449.43,435.65,444.2,5,243,0.347,-0.8185,0.0007,-81.4438,272.7372,AMZN190418P02100000
AMZN,1673.57,*,AMZN190418C02105000,,call,04/18/2019,11/29/2018,2105,18.25,26,31.85,0,33,0.3371,0.17,0.0007,-121.5562,261.6979,AMZN190418C02105000
AMZN,1673.57,*,AMZN190418P02105000,,put,04/18/2019,11/29/2018,2105,500.75,440,448.65,0,33,0.3473,-0.8212,0.0007,-80.2011,270.2262,AMZN190418P02105000
AMZN,1673.57,*,AMZN190418C02115000,,call,04/18/2019,11/29/2018,2115,17.93,25,30.85,0,50,0.3378,0.165,0.0007,-119.3757,256.6259,AMZN190418C02115000
AMZN,1673.57,*,AMZN190418P02115000,,put,04/18/2019,11/29/2018,2115,515.66,449.1,459,0,2,0.3511,-0.8236,0.0007,-80.1277,267.8488,AMZN190418P02115000
AMZN,1673.57,*,AMZN190418C02125000,,call,04/18/2019,11/29/2018,2125,24.95,24,29.85,2,71,0.3384,0.1599,0.0007,-117.1346,251.5075,AMZN190418C02125000
AMZN,1673.57,*,AMZN190418P02125000,,put,04/18/2019,11/29/2018,2125,620.1,457.65,467.05,0,25,0.3497,-0.8304,0.0007,-76.158,261.2614,AMZN190418P02125000
AMZN,1673.57,*,AMZN190418C02135000,,call,04/18/2019,11/29/2018,2135,16,23,28.5,0,32,0.3382,0.1543,0.0007,-114.3079,245.7083,AMZN190418C02135000
AMZN,1673.57,*,AMZN190418P02135000,,put,04/18/2019,11/29/2018,2135,550.4,467.05,476.95,0,9,0.3531,-0.833,0.0007,-75.8131,258.7067,AMZN190418P02135000
AMZN,1673.57,*,AMZN190418C02145000,,call,04/18/2019,11/29/2018,2145,25.75,21,26.1,4,362,0.3335,0.145,0.0007,-108.1217,235.7286,AMZN190418C02145000
AMZN,1673.57,*,AMZN190418P02145000,,put,04/18/2019,11/29/2018,2145,506.45,476.5,486.15,0,9,0.3554,-0.8364,0.0007,-74.6556,255.3033,AMZN190418P02145000
AMZN,1673.57,*,AMZN190418C02155000,,call,04/18/2019,11/29/2018,2155,20.2,20.5,26.45,0,71,0.3374,0.1433,0.0006,-108.4126,233.8123,AMZN190418C02155000
AMZN,1673.57,*,AMZN190418P02155000,,put,04/18/2019,11/29/2018,2155,491.7,485.55,495.3,1,8,0.3566,-0.8405,0.0007,-72.684,251.0322,AMZN190418P02155000
AMZN,1673.57,*,AMZN190418C02165000,,call,04/18/2019,11/29/2018,2165,23,20.05,26,3,32,0.3397,0.1403,0.0006,-107.5221,230.47,AMZN190418C02165000
AMZN,1673.57,*,AMZN190418P02165000,,put,04/18/2019,11/29/2018,2165,572.45,495,504.65,0,23,0.3589,-0.8437,0.0006,-71.5579,247.761,AMZN190418P02165000
AMZN,1673.57,*,AMZN190418C02175000,,call,04/18/2019,11/29/2018,2175,13.5,19,23.85,0,42,0.337,0.1332,0.0006,-102.912,222.4222,AMZN190418C02175000
AMZN,1673.57,*,AMZN190418P02175000,,put,04/18/2019,11/29/2018,2175,588.8,504.05,514,0,14,0.3603,-0.8475,0.0006,-69.7691,243.7805,AMZN190418P02175000
AMZN,1673.57,*,AMZN190418C02185000,,call,04/18/2019,11/29/2018,2185,20.75,18.5,23.4,6,28,0.339,0.1302,0.0006,-101.8407,218.939,AMZN190418C02185000
AMZN,1673.57,*,AMZN190418P02185000,,put,04/18/2019,11/29/2018,2185,673.95,513.5,523.4,0,59,0.3626,-0.8504,0.0006,-68.6762,240.6429,AMZN190418P02185000
AMZN,1673.57,*,AMZN190418C02190000,,call,04/18/2019,11/29/2018,2190,13.95,18,22.8,0,68,0.3385,0.1275,0.0006,-100.1964,215.7648,AMZN190418C02190000
AMZN,1673.57,*,AMZN190418P02190000,,put,04/18/2019,11/29/2018,2190,679.7,518.1,528,0,5,0.3631,-0.8524,0.0006,-67.6458,238.5325,AMZN190418P02190000
AMZN,1673.57,*,AMZN190418C02195000,,call,04/18/2019,11/29/2018,2195,20,17.5,22.1,0,26,0.3378,0.1246,0.0006,-98.4123,212.4011,AMZN190418C02195000
AMZN,1673.57,*,AMZN190418P02195000,,put,04/18/2019,11/29/2018,2195,577.85,523,532.65,0,3,0.3645,-0.8536,0.0006,-67.2985,237.2238,AMZN190418P02195000
AMZN,1673.57,*,AMZN190418C02200000,,call,04/18/2019,11/29/2018,2200,20,17,21.9,15,379,0.3382,0.1227,0.0006,-97.4525,210.1332,AMZN190418C02200000
AMZN,1673.57,*,AMZN190418P02200000,,put,04/18/2019,11/29/2018,2200,542.9,527.5,537.15,4,33,0.3647,-0.8557,0.0006,-66.0508,234.88,AMZN190418P02200000
AMZN,1673.57,*,AMZN190418C02205000,,call,04/18/2019,11/29/2018,2205,17.7,16.5,21.45,1,65,0.3379,0.1203,0.0006,-95.9817,207.1878,AMZN190418C02205000
AMZN,1673.57,*,AMZN190418P02205000,,put,04/18/2019,11/29/2018,2205,680.13,532.15,542,0,103,0.3658,-0.8571,0.0006,-65.4861,233.3414,AMZN190418P02205000
AMZN,1673.57,*,AMZN190418C02210000,,call,04/18/2019,11/29/2018,2210,11,16,21,0,33,0.3376,0.1179,0.0006,-94.5197,204.2546,AMZN190418C02210000
AMZN,1673.57,*,AMZN190418P02210000,,put,04/18/2019,11/29/2018,2210,607.65,537,546.6,0,4,0.3669,-0.8585,0.0006,-64.9257,231.8194,AMZN190418P02210000
AMZN,1673.57,*,AMZN190418C02215000,,call,04/18/2019,11/29/2018,2215,18,15.5,19.05,0,11,0.3337,0.1126,0.0006,-90.4263,197.6894,AMZN190418C02215000
AMZN,1673.57,*,AMZN190418P02215000,,put,04/18/2019,11/29/2018,2215,720.47,541.6,551.5,0,1,0.3681,-0.8598,0.0006,-64.445,230.4023,AMZN190418P02215000
AMZN,1673.57,*,AMZN190418C02225000,,call,04/18/2019,11/29/2018,2225,16.15,14.5,18.3,10,24,0.3331,0.108,0.0005,-87.5659,191.8572,AMZN190418C02225000
AMZN,1673.57,*,AMZN190418P02225000,,put,04/18/2019,11/29/2018,2225,775.2,551.1,561,0,132,0.3703,-0.8624,0.0006,-63.346,227.4407,AMZN190418P02225000
AMZN,1673.57,*,AMZN190418C02230000,,call,04/18/2019,11/29/2018,2230,17.47,14.5,19.5,0,38,0.3331,0.106,0.0005,-86.3684,189.2741,AMZN190418C02230000
AMZN,1673.57,*,AMZN190418P02230000,,put,04/18/2019,11/29/2018,2230,487.6,556,565.6,0,1,0.3715,-0.8636,0.0006,-62.8784,226.0727,AMZN190418P02230000
AMZN,1673.57,*,AMZN190418C02235000,,call,04/18/2019,11/29/2018,2235,10.1,14.5,19.5,0,7,0.3331,0.104,0.0005,-85.18,186.7094,AMZN190418C02235000
AMZN,1673.57,*,AMZN190418P02235000,,put,04/18/2019,11/29/2018,2235,769.7,560.65,570.5,0,299,0.3727,-0.8648,0.0006,-62.415,224.721,AMZN190418P02235000
AMZN,1673.57,*,AMZN190418C02245000,,call,04/18/2019,11/29/2018,2245,15.85,13.5,16.9,0,56,0.3331,0.1001,0.0005,-82.831,181.636,AMZN190418C02245000
AMZN,1673.57,*,AMZN190418P02245000,,put,04/18/2019,11/29/2018,2245,641.4,570.15,580,0,2,0.3748,-0.8674,0.0006,-61.2758,221.7996,AMZN190418P02245000
AMZN,1673.57,*,AMZN190418C02255000,,call,04/18/2019,11/29/2018,2255,16.6,12.5,16.25,1,80,0.3331,0.0964,0.0005,-80.5196,176.6396,AMZN190418C02255000
AMZN,1673.57,*,AMZN190418P02255000,,put,04/18/2019,11/29/2018,2255,729.43,579.6,589.45,0,27,0.3766,-0.8701,0.0005,-59.9294,218.6742,AMZN190418P02255000
AMZN,1673.57,*,AMZN190418C02265000,,call,04/18/2019,11/29/2018,2265,15.32,12,15.6,0,37,0.3331,0.0928,0.0005,-78.2467,171.7223,AMZN190418C02265000
AMZN,1673.57,*,AMZN190418P02265000,,put,04/18/2019,11/29/2018,2265,631.3,589.5,599.2,0,15,0.3802,-0.8713,0.0005,-59.9499,217.2082,AMZN190418P02265000
AMZN,1673.57,*,AMZN190418C02270000,,call,04/18/2019,11/29/2018,2270,15.6,12,15.55,1,101,0.3331,0.091,0.0005,-77.125,169.2939,AMZN190418C02270000
AMZN,1673.57,*,AMZN190418P02270000,,put,04/18/2019,11/29/2018,2270,766.03,594.5,604.15,0,7,0.3823,-0.8717,0.0005,-60.191,216.7605,AMZN190418P02270000
AMZN,1673.57,*,AMZN190418C02275000,,call,04/18/2019,11/29/2018,2275,9,12,16.9,0,178,0.3331,0.0893,0.0005,-76.0132,166.886,AMZN190418C02275000
AMZN,1673.57,*,AMZN190418P02275000,,put,04/18/2019,11/29/2018,2275,591.85,599,608.8,207,259,0.3824,-0.8736,0.0005,-58.9373,214.5612,AMZN190418P02275000
AMZN,1673.57,*,AMZN190418C02285000,,call,04/18/2019,11/29/2018,2285,26.15,11.45,14.45,0,31,0.3331,0.0859,0.0005,-73.8197,162.1324,AMZN190418C02285000
AMZN,1673.57,*,AMZN190418P02285000,,put,04/18/2019,11/29/2018,2285,709.25,608.6,618.5,0,3,0.385,-0.8754,0.0005,-58.2412,212.3277,AMZN190418P02285000
AMZN,1673.57,*,AMZN190418C02290000,,call,04/18/2019,11/29/2018,2290,8.35,11,15.95,0,18,0.3331,0.0842,0.0004,-72.7381,159.7871,AMZN190418C02290000
AMZN,1673.57,*,AMZN190418P02290000,,put,04/18/2019,11/29/2018,2290,354.35,613.65,623.5,0,0,0.3872,-0.8757,0.0005,-58.5722,212.026,AMZN190418P02290000
AMZN,1673.57,*,AMZN190418C02295000,,call,04/18/2019,11/29/2018,2295,13.62,11,13.85,0,111,0.3331,0.0826,0.0004,-71.6668,157.463,AMZN190418C02295000
AMZN,1673.57,*,AMZN190418P02295000,,put,04/18/2019,11/29/2018,2295,688.65,618.5,628.15,0,51,0.3882,-0.8768,0.0005,-58.0097,210.6806,AMZN190418P02295000
AMZN,1673.57,*,AMZN190418C02300000,,call,04/18/2019,11/29/2018,2300,13,10.5,15.45,21,1701,0.3331,0.081,0.0004,-70.6056,155.1603,AMZN190418C02300000
AMZN,1673.57,*,AMZN190418P02300000,,put,04/18/2019,11/29/2018,2300,618.04,623.5,633.05,200,482,0.3901,-0.8773,0.0005,-58.1239,210.1405,AMZN190418P02300000
AMZN,1673.57,*,AMZN190418C02305000,,call,04/18/2019,11/29/2018,2305,13.95,10,14.95,0,13,0.3331,0.0794,0.0004,-69.5548,152.8791,AMZN190418C02305000
AMZN,1673.57,*,AMZN190418P02305000,,put,04/18/2019,11/29/2018,2305,524.5,628.2,638,0,1,0.3913,-0.8782,0.0005,-57.7188,208.999,AMZN190418P02305000
AMZN,1673.57,*,AMZN190418C02310000,,call,04/18/2019,11/29/2018,2310,11,10,13.1,0,11,0.3331,0.0779,0.0004,-68.5144,150.6196,AMZN190418C02310000
AMZN,1673.57,*,AMZN190418P02310000,,put,04/18/2019,11/29/2018,2310,671.4,633,642.6,0,7,0.392,-0.8795,0.0005,-56.9448,207.433,AMZN190418P02310000
AMZN,1673.57,*,AMZN190418C02315000,,call,04/18/2019,11/29/2018,2315,7.3,9.5,14.45,0,5,0.3331,0.0764,0.0004,-67.4843,148.3818,AMZN190418C02315000
AMZN,1673.57,*,AMZN190418P02315000,,put,04/18/2019,11/29/2018,2315,533.3,638,647.6,0,0,0.3941,-0.8798,0.0005,-57.2194,207.1077,AMZN190418P02315000
AMZN,1673.57,*,AMZN190418C02325000,,call,04/18/2019,11/29/2018,2325,11.75,9.45,12.35,1,90,0.3331,0.0734,0.0004,-65.4556,143.9721,AMZN190418C02325000
AMZN,1673.57,*,AMZN190418P02325000,,put,04/18/2019,11/29/2018,2325,832,647.8,657.5,0,7,0.3975,-0.8809,0.0005,-57.1827,205.7916,AMZN190418P02325000
AMZN,1673.57,*,AMZN190418C02330000,,call,04/18/2019,11/29/2018,2330,10.25,9.05,14,0,32,0.3331,0.072,0.0004,-64.4569,141.8003,AMZN190418C02330000
AMZN,1673.57,*,AMZN190418P02330000,,put,04/18/2019,11/29/2018,2330,490.14,652.5,662.2,0,0,0.3981,-0.8822,0.0005,-56.3502,204.195,AMZN190418P02330000
AMZN,1673.57,*,AMZN190418C02335000,,call,04/18/2019,11/29/2018,2335,6.55,9,13.9,0,23,0.3331,0.0705,0.0004,-63.4688,139.6506,AMZN190418C02335000
AMZN,1673.57,*,AMZN190418P02335000,,put,04/18/2019,11/29/2018,2335,542.35,657.5,667.05,0,0,0.3998,-0.8827,0.0005,-56.3411,203.5687,AMZN190418P02335000
AMZN,1673.57,*,AMZN190418C02345000,,call,04/18/2019,11/29/2018,2345,6.38,8.5,13.4,0,41,0.3331,0.0678,0.0004,-61.5241,135.418,AMZN190418C02345000
AMZN,1673.57,*,AMZN190418P02345000,,put,04/18/2019,11/29/2018,2345,473.04,667.1,677,0,0,0.4027,-0.884,0.0005,-55.9617,201.9178,AMZN190418P02345000
AMZN,1673.57,*,AMZN190418C02355000,,call,04/18/2019,11/29/2018,2355,9.85,8,12.95,0,26,0.3331,0.0651,0.0004,-59.6217,131.2746,AMZN190418C02355000
AMZN,1673.57,*,AMZN190418P02355000,,put,04/18/2019,11/29/2018,2355,454.75,677.25,687,0,0,0.4072,-0.8842,0.0005,-56.7868,201.6911,AMZN190418P02355000
AMZN,1673.57,*,AMZN190418C02365000,,call,04/18/2019,11/29/2018,2365,6.08,7,10.65,0,35,0.3331,0.0625,0.0004,-57.7616,127.2206,AMZN190418C02365000
AMZN,1673.57,*,AMZN190418P02365000,,put,04/18/2019,11/29/2018,2365,611.1,687,696.65,0,1,0.4097,-0.8857,0.0005,-56.1379,199.7878,AMZN190418P02365000
AMZN,1673.57,*,AMZN190418C02370000,,call,04/18/2019,11/29/2018,2370,10.2,9.35,10.45,1,6,0.3331,0.0613,0.0004,-56.8473,125.2273,AMZN190418C02370000
AMZN,1673.57,*,AMZN190418P02370000,,put,04/18/2019,11/29/2018,2370,615.7,692.05,701.75,0,1,0.4121,-0.8857,0.0005,-56.6738,199.8351,AMZN190418P02370000
AMZN,1673.57,*,AMZN190418C02375000,,call,04/18/2019,11/29/2018,2375,6.89,7,11.95,0,47,0.3331,0.0601,0.0003,-55.9436,123.2563,AMZN190418C02375000
AMZN,1673.57,*,AMZN190418P02375000,,put,04/18/2019,11/29/2018,2375,621.25,697,706.7,0,1,0.4139,-0.8861,0.0005,-56.7669,199.3792,AMZN190418P02375000
AMZN,1673.57,*,AMZN190418C02385000,,call,04/18/2019,11/29/2018,2385,7.1,7.1,11.2,0,7,0.3331,0.0577,0.0003,-54.1678,119.3815,AMZN190418C02385000
AMZN,1673.57,*,AMZN190418P02385000,,put,04/18/2019,11/29/2018,2385,568.4,707,716.6,0,0,0.4177,-0.8866,0.0004,-57.1119,198.6647,AMZN190418P02385000
AMZN,1673.57,*,AMZN190418C02390000,,call,04/18/2019,11/29/2018,2390,5.6,6,10.9,0,8,0.3331,0.0565,0.0003,-53.2957,117.4776,AMZN190418C02390000
AMZN,1673.57,*,AMZN190418P02390000,,put,04/18/2019,11/29/2018,2390,422.4,711.7,721.5,0,0,0.4186,-0.8876,0.0004,-56.5463,197.4788,AMZN190418P02390000
AMZN,1673.57,*,AMZN190418C02395000,,call,04/18/2019,11/29/2018,2395,12.95,6.75,10,0,7,0.3331,0.0553,0.0003,-52.434,115.596,AMZN190418C02395000
AMZN,1673.57,*,AMZN190418P02395000,,put,04/18/2019,11/29/2018,2395,661.5,716.5,726.3,0,0,0.4195,-0.8885,0.0004,-55.9847,196.3045,AMZN190418P02395000
AMZN,1673.57,*,AMZN190418C02400000,,call,04/18/2019,11/29/2018,2400,9,6,10.6,0,600,0.3331,0.0542,0.0003,-51.5827,113.7368,AMZN190418C02400000
AMZN,1673.57,*,AMZN190418P02400000,,put,04/18/2019,11/29/2018,2400,723.15,721.5,731.2,73,1,0.4213,-0.8888,0.0004,-56.0945,195.8991,AMZN190418P02400000
AMZN,1673.57,*,AMZN190418C02405000,,call,04/18/2019,11/29/2018,2405,7,6.4,10.45,0,216,0.3331,0.0531,0.0003,-50.7419,111.8997,AMZN190418C02405000
AMZN,1673.57,*,AMZN190418P02405000,,put,04/18/2019,11/29/2018,2405,747.1,726.5,736.15,0,0,0.4232,-0.8891,0.0004,-56.2818,195.5862,AMZN190418P02405000
AMZN,1673.57,*,AMZN190418C02410000,,call,04/18/2019,11/29/2018,2410,4.25,6.25,10.3,0,16,0.3331,0.052,0.0003,-49.9114,110.0848,AMZN190418C02410000
AMZN,1673.57,*,AMZN190418P02410000,,put,04/18/2019,11/29/2018,2410,443.17,731.6,741.5,0,2,0.4232,-0.8906,0.0004,-55.0642,193.6913,AMZN190418P02410000
AMZN,1673.57,*,AMZN190418C02415000,,call,04/18/2019,11/29/2018,2415,11.5,7.8,8.85,0,8,0.3331,0.051,0.0003,-49.0913,108.292,AMZN190418C02415000
AMZN,1673.57,*,AMZN190418P02415000,,put,04/18/2019,11/29/2018,2415,465.86,736.5,746.25,0,0,0.4232,-0.8921,0.0004,-53.8529,191.8067,AMZN190418P02415000
AMZN,1673.57,*,AMZN190418C02425000,,call,04/18/2019,11/29/2018,2425,9.4,5,8.65,0,13,0.3331,0.0489,0.0003,-47.4818,104.7726,AMZN190418C02425000
AMZN,1673.57,*,AMZN190418P02425000,,put,04/18/2019,11/29/2018,2425,466.31,746.5,756.15,0,0,0.4232,-0.895,0.0004,-51.449,188.0683,AMZN190418P02425000
AMZN,1673.57,*,AMZN190418C02430000,,call,04/18/2019,11/29/2018,2430,14.95,5.6,9.65,0,44,0.3331,0.0479,0.0003,-46.6925,103.0457,AMZN190418C02430000
AMZN,1673.57,*,AMZN190418P02430000,,put,04/18/2019,11/29/2018,2430,0,751.65,761.3,0,0,0.4232,-0.8964,0.0004,-50.2566,186.2148,AMZN190418P02430000
AMZN,1673.57,*,AMZN190418C02435000,,call,04/18/2019,11/29/2018,2435,4.3,5.45,8.55,0,75,0.3331,0.0469,0.0003,-45.9133,101.3406,AMZN190418C02435000
AMZN,1673.57,*,AMZN190418P02435000,,put,04/18/2019,11/29/2018,2435,542.9,756.75,766.5,0,0,0.4232,-0.8978,0.0004,-49.0706,184.3719,AMZN190418P02435000
AMZN,1673.57,*,AMZN190418C02440000,,call,04/18/2019,11/29/2018,2440,6.85,5.3,8.5,0,26,0.3331,0.0459,0.0003,-45.1442,99.6573,AMZN190418C02440000
AMZN,1673.57,*,AMZN190418P02440000,,put,04/18/2019,11/29/2018,2440,548.25,761.3,771.25,0,0,0.4232,-0.8992,0.0004,-47.8912,182.5398,AMZN190418P02440000
AMZN,1673.57,*,AMZN190418C02445000,,call,04/18/2019,11/29/2018,2445,11.1,6.9,8,0,28,0.3331,0.045,0.0003,-44.3852,97.9955,AMZN190418C02445000
AMZN,1673.57,*,AMZN190418P02445000,,put,04/18/2019,11/29/2018,2445,666.45,766.5,776.25,0,0,0.4232,-0.9006,0.0004,-46.7183,180.7184,AMZN190418P02445000
AMZN,1673.57,*,AMZN190418C02455000,,call,04/18/2019,11/29/2018,2455,4.95,5.05,9.5,0,20,0.3331,0.0431,0.0003,-42.8971,94.7365,AMZN190418C02455000
AMZN,1673.57,*,AMZN190418P02455000,,put,04/18/2019,11/29/2018,2455,517.7,776.5,786.3,0,1,0.4232,-0.9033,0.0004,-44.3922,177.1085,AMZN190418P02455000
AMZN,1673.57,*,AMZN190418C02460000,,call,04/18/2019,11/29/2018,2460,20.8,4.2,8.6,0,21,0.3331,0.0422,0.0003,-42.168,93.139,AMZN190418C02460000
AMZN,1673.57,*,AMZN190418P02460000,,put,04/18/2019,11/29/2018,2460,0,781.5,791,0,0,0.4232,-0.9046,0.0004,-43.2392,175.3202,AMZN190418P02460000
AMZN,1673.57,*,AMZN190418C02465000,,call,04/18/2019,11/29/2018,2465,4.6,4,8.75,0,9,0.3331,0.0414,0.0003,-41.4487,91.5626,AMZN190418C02465000
AMZN,1673.57,*,AMZN190418P02465000,,put,04/18/2019,11/29/2018,2465,902.8,786.55,796.15,0,0,0.4232,-0.9059,0.0004,-42.0928,173.543,AMZN190418P02465000
AMZN,1673.57,*,AMZN190418C02470000,,call,04/18/2019,11/29/2018,2470,4.43,4.6,7.35,0,36,0.3331,0.0405,0.0003,-40.7391,90.0074,AMZN190418C02470000
AMZN,1673.57,*,AMZN190418P02470000,,put,04/18/2019,11/29/2018,2470,907.65,791.5,801.05,0,0,0.4232,-0.9072,0.0004,-40.9533,171.777,AMZN190418P02470000
AMZN,1673.57,*,AMZN190418C02475000,,call,04/18/2019,11/29/2018,2475,6.1,4.5,7.6,0,10,0.3331,0.0397,0.0002,-40.0393,88.473,AMZN190418C02475000
AMZN,1673.57,*,AMZN190418P02475000,,put,04/18/2019,11/29/2018,2475,0,796.5,806.15,0,0,0.4232,-0.9085,0.0004,-39.8205,170.0223,AMZN190418P02475000
AMZN,1673.57,*,AMZN190418C02480000,,call,04/18/2019,11/29/2018,2480,5,3.5,8.05,0,18,0.3331,0.0388,0.0002,-39.3491,86.9595,AMZN190418C02480000
AMZN,1673.57,*,AMZN190418P02480000,,put,04/18/2019,11/29/2018,2480,920.5,801.5,811.05,0,0,0.4232,-0.9097,0.0004,-38.6945,168.279,AMZN190418P02480000
AMZN,1673.57,*,AMZN190418C02485000,,call,04/18/2019,11/29/2018,2485,5.8,4.25,7.35,0,29,0.3331,0.038,0.0002,-38.6685,85.4666,AMZN190418C02485000
AMZN,1673.57,*,AMZN190418P02485000,,put,04/18/2019,11/29/2018,2485,759.85,806.5,816.05,0,1,0.4232,-0.911,0.0004,-37.5754,166.5472,AMZN190418P02485000
AMZN,1673.57,*,AMZN190418C02490000,,call,04/18/2019,11/29/2018,2490,9.2,3.5,7.95,0,51,0.3331,0.0372,0.0002,-37.9974,83.9943,AMZN190418C02490000
AMZN,1673.57,*,AMZN190418P02490000,,put,04/18/2019,11/29/2018,2490,542.25,811.5,821.15,0,1,0.4232,-0.9122,0.0004,-36.4632,164.8268,AMZN190418P02490000
AMZN,1673.57,*,AMZN190418C02495000,,call,04/18/2019,11/29/2018,2495,4.18,4,7.1,0,18,0.3331,0.0364,0.0002,-37.3357,82.5423,AMZN190418C02495000
AMZN,1673.57,*,AMZN190418P02495000,,put,04/18/2019,11/29/2018,2495,517,816.5,826.15,0,0,0.4232,-0.9134,0.0004,-35.3578,163.118,AMZN190418P02495000
AMZN,1673.57,*,AMZN190418C02500000,,call,04/18/2019,11/29/2018,2500,6.5,5.6,6.65,5,169,0.3331,0.0356,0.0002,-36.6834,81.1106,AMZN190418C02500000
AMZN,1673.57,*,AMZN190418P02500000,,put,04/18/2019,11/29/2018,2500,728.86,821.5,831,0,2,0.4232,-0.9146,0.0004,-34.2594,161.4209,AMZN190418P02500000
AMZN,1673.57,*,AMZN190418C02600000,,call,04/18/2019,11/29/2018,2600,4.5,4.5,5,31,104,0.3331,0.0231,0.0002,-25.4852,56.4832,AMZN190418C02600000
AMZN,1673.57,*,AMZN190418P02600000,,put,04/18/2019,11/29/2018,2600,964.15,921.5,931.05,0,1,0.4232,-0.9357,0.0003,-13.7697,129.968,AMZN190418P02600000
AMZN,1673.57,*,AMZN190418C02700000,,call,04/18/2019,11/29/2018,2700,2.66,1,3.8,0,104,0.3331,0.0147,0.0001,-17.3499,38.5302,AMZN190418C02700000
AMZN,1673.57,*,AMZN190418P02700000,,put,04/18/2019,11/29/2018,2700,835.02,1021.5,1031.05,0,0,0.4232,-0.952,0.0002,3.9129,103.2859,AMZN190418P02700000
AMZN,1673.57,*,AMZN190418C02800000,,call,04/18/2019,11/29/2018,2800,1.8,0.06,3.05,0,158,0.3199,0.007,0.0001,-8.6491,20.0291,AMZN190418C02800000
AMZN,1673.57,*,AMZN190418P02800000,,put,04/18/2019,11/29/2018,2800,940.7,1121.5,1131.1,0,0,0.4232,-0.9643,0.0002,18.9412,81.1549,AMZN190418P02800000
AMZN,1673.57,*,AMZN190418C02900000,,call,04/18/2019,11/29/2018,2900,1.42,0.05,2.53,0,123,0.3317,0.0056,0,-7.3938,16.5424,AMZN190418C02900000
AMZN,1673.57,*,AMZN190418P02900000,,put,04/18/2019,11/29/2018,2900,1243.1,1221.1,1231,4,0,0.4232,-0.9737,0.0001,31.5842,63.1393,AMZN190418P02900000
AMZN,1673.57,*,AMZN190418C03000000,,call,04/18/2019,11/29/2018,3000,1.5,1.35,1.6,1,435,0.3317,0.0034,0,-4.7878,10.7262,AMZN190418C03000000
AMZN,1673.57,*,AMZN190418P03000000,,put,04/18/2019,11/29/2018,3000,1343.1,1321.35,1331.2,4,0,0.4232,-0.9806,0.0001,42.162,48.7026,AMZN190418P03000000
AMZN,1673.57,*,AMZN190621C00480000,,call,06/21/2019,11/29/2018,480,1139.1,1198.4,1208.25,0,240,0.4935,0.9998,0,-11.4499,0.7361,AMZN190621C00480000
AMZN,1673.57,*,AMZN190621P00480000,,put,06/21/2019,11/29/2018,480,0.3,0.2,0.3,202,1056,0.4253,0,0,-0.0362,0.0968,AMZN190621P00480000
AMZN,1673.57,*,AMZN190621C00490000,,call,06/21/2019,11/29/2018,490,1133.3,1188.5,1198.3,0,72,0.4935,0.9998,0,-11.7526,0.8996,AMZN190621C00490000
AMZN,1673.57,*,AMZN190621P00490000,,put,06/21/2019,11/29/2018,490,0.34,0,0.42,3,139,0.6147,-0.0017,0,-3.6269,6.7104,AMZN190621P00490000
AMZN,1673.57,*,AMZN190621C00500000,,call,06/21/2019,11/29/2018,500,1120.3,1179,1188.75,0,103,0.4935,0.9998,0,-12.0677,1.0916,AMZN190621C00500000
AMZN,1673.57,*,AMZN190621P00500000,,put,06/21/2019,11/29/2018,500,0.46,0.45,0.46,2,1316,0.4253,0,0,-0.061,0.1633,AMZN190621P00500000
AMZN,1673.57,*,AMZN190621C00520000,,call,06/21/2019,11/29/2018,520,1101.9,1159.3,1169.1,0,51,0.4935,0.9997,0,-12.7409,1.5756,AMZN190621C00520000
AMZN,1673.57,*,AMZN190621P00520000,,put,06/21/2019,11/29/2018,520,0.65,0,2,0,141,0.7036,-0.006,0,-13.091,21.1765,AMZN190621P00520000
AMZN,1673.57,*,AMZN190621C00540000,,call,06/21/2019,11/29/2018,540,1437.6,1139.7,1149.45,0,19,0.4935,0.9995,0,-13.4829,2.219,AMZN190621C00540000
AMZN,1673.57,*,AMZN190621P00540000,,put,06/21/2019,11/29/2018,540,1.35,0.15,4.75,0,150,0.4253,-0.0001,0,-0.1563,0.4189,AMZN190621P00540000
AMZN,1673.57,*,AMZN190621C00560000,,call,06/21/2019,11/29/2018,560,1059.35,1120,1129.85,0,28,0.4935,0.9993,0,-14.3083,3.0559,AMZN190621C00560000
AMZN,1673.57,*,AMZN190621P00560000,,put,06/21/2019,11/29/2018,560,1,0.2,3,0,221,0.4253,-0.0001,0,-0.2389,0.6405,AMZN190621P00560000
AMZN,1673.57,*,AMZN190621C00580000,,call,06/21/2019,11/29/2018,580,1062.15,1100.5,1110.35,0,21,0.4935,0.999,0,-15.2328,4.1232,AMZN190621C00580000
AMZN,1673.57,*,AMZN190621P00580000,,put,06/21/2019,11/29/2018,580,0.98,0.2,3.2,0,168,0.4253,-0.0002,0,-0.3551,0.9528,AMZN190621P00580000
AMZN,1673.57,*,AMZN190621C00600000,,call,06/21/2019,11/29/2018,600,1022.5,1081,1090.75,0,258,0.4935,0.9987,0,-16.2731,5.4598,AMZN190621C00600000
AMZN,1673.57,*,AMZN190621P00600000,,put,06/21/2019,11/29/2018,600,1.04,0,4.95,0,862,0.7125,-0.0132,0,-26.5103,42.4501,AMZN190621P00600000
AMZN,1673.57,*,AMZN190621C00620000,,call,06/21/2019,11/29/2018,620,1000.8,1061.5,1071.3,0,11,0.4935,0.9982,0,-17.4463,7.1058,AMZN190621C00620000
AMZN,1673.57,*,AMZN190621P00620000,,put,06/21/2019,11/29/2018,620,2.43,0.35,4.05,0,77,0.4253,-0.0004,0,-0.7295,1.9601,AMZN190621P00620000
AMZN,1673.57,*,AMZN190621C00640000,,call,06/21/2019,11/29/2018,640,981.3,1042,1051.8,0,12,0.595,0.9922,0,-28.853,26.9141,AMZN190621C00640000
AMZN,1673.57,*,AMZN190621P00640000,,put,06/21/2019,11/29/2018,640,2.83,0,5,0,174,0.6725,-0.0142,0,-26.5385,45.0859,AMZN190621P00640000
AMZN,1673.57,*,AMZN190621C00660000,,call,06/21/2019,11/29/2018,660,1070,1022.5,1032.3,0,13,0.603,0.9899,0,-33.0561,33.6659,AMZN190621C00660000
AMZN,1673.57,*,AMZN190621P00660000,,put,06/21/2019,11/29/2018,660,2.55,0,5,0,238,0.6529,-0.0146,0,-26.4412,46.3033,AMZN190621P00660000
AMZN,1673.57,*,AMZN190621C00680000,,call,06/21/2019,11/29/2018,680,949.5,1003,1012.8,0,21,0.5998,0.9882,0,-35.8629,38.3401,AMZN190621C00680000
AMZN,1673.57,*,AMZN190621P00680000,,put,06/21/2019,11/29/2018,680,0.89,0.35,5,0,249,0.4253,-0.0012,0,-1.8375,4.9487,AMZN190621P00680000
AMZN,1673.57,*,AMZN190621C00700000,,call,06/21/2019,11/29/2018,700,838,983.3,993,0,400,0.5836,0.9877,0,-36.4839,39.7443,AMZN190621C00700000
AMZN,1673.57,*,AMZN190621P00700000,,put,06/21/2019,11/29/2018,700,1.3,1.25,1.5,2,604,0.4253,-0.0016,0,-2.4128,6.5033,AMZN190621P00700000
AMZN,1673.57,*,AMZN190621C00720000,,call,06/21/2019,11/29/2018,720,1247,964,973.9,0,9,0.5853,0.9853,0.0001,-40.3813,46.3813,AMZN190621C00720000
AMZN,1673.57,*,AMZN190621P00720000,,put,06/21/2019,11/29/2018,720,1.5,1.35,5,0,87,0.4253,-0.0021,0,-3.1189,8.4132,AMZN190621P00720000
AMZN,1673.57,*,AMZN190621C00740000,,call,06/21/2019,11/29/2018,740,891.25,944.7,954.4,0,9,0.58,0.9835,0.0001,-43.1325,51.3654,AMZN190621C00740000
AMZN,1673.57,*,AMZN190621P00740000,,put,06/21/2019,11/29/2018,740,2.5,0.6,4.7,0,686,0.4253,-0.0028,0,-3.973,10.7261,AMZN190621P00740000
AMZN,1673.57,*,AMZN190621C00760000,,call,06/21/2019,11/29/2018,760,1034.77,925.25,935,0,14,0.5707,0.982,0.0001,-45.1122,55.2951,AMZN190621C00760000
AMZN,1673.57,*,AMZN190621P00760000,,put,06/21/2019,11/29/2018,760,2.82,0,5,0,69,0.5632,-0.017,0.0001,-25.8812,52.757,AMZN190621P00760000
AMZN,1673.57,*,AMZN190621C00780000,,call,06/21/2019,11/29/2018,780,819.46,905.85,915.5,0,41,0.5612,0.9805,0.0001,-47.0545,59.3064,AMZN190621C00780000
AMZN,1673.57,*,AMZN190621P00780000,,put,06/21/2019,11/29/2018,780,4.65,0.5,5,0,154,0.4253,-0.0046,0,-6.1937,16.7507,AMZN190621P00780000
AMZN,1673.57,*,AMZN190621C00800000,,call,06/21/2019,11/29/2018,800,650.25,886.4,896,0,117,0.5504,0.979,0.0001,-48.6902,62.9731,AMZN190621C00800000
AMZN,1673.57,*,AMZN190621P00800000,,put,06/21/2019,11/29/2018,800,2.85,2.2,3.7,1,863,0.4253,-0.0058,0,-7.5928,20.5533,AMZN190621P00800000
AMZN,1673.57,*,AMZN190621C00810000,,call,06/21/2019,11/29/2018,810,774.43,876.85,886.7,0,23,0.5495,0.9776,0.0001,-50.5867,66.5881,AMZN190621C00810000
AMZN,1673.57,*,AMZN190621P00810000,,put,06/21/2019,11/29/2018,810,3.6,0.15,3.35,0,69,0.4147,-0.0055,0,-7.0983,19.717,AMZN190621P00810000
AMZN,1673.57,*,AMZN190621C00820000,,call,06/21/2019,11/29/2018,820,587.75,867,876.9,0,1,0.542,0.9771,0.0001,-50.8885,67.691,AMZN190621C00820000
AMZN,1673.57,*,AMZN190621P00820000,,put,06/21/2019,11/29/2018,820,4.05,1.15,3.5,0,229,0.4253,-0.0072,0,-9.2043,24.9388,AMZN190621P00820000
AMZN,1673.57,*,AMZN190621C00830000,,call,06/21/2019,11/29/2018,830,830.77,857.5,867.3,0,3,0.5403,0.9758,0.0001,-52.6255,71.1419,AMZN190621C00830000
AMZN,1673.57,*,AMZN190621P00830000,,put,06/21/2019,11/29/2018,830,5.9,0.55,4.95,0,52,0.4253,-0.008,0,-10.0938,27.3619,AMZN190621P00830000
AMZN,1673.57,*,AMZN190621C00840000,,call,06/21/2019,11/29/2018,840,1119,847.85,857.7,0,15,0.536,0.9748,0.0001,-53.7221,73.6055,AMZN190621C00840000
AMZN,1673.57,*,AMZN190621P00840000,,put,06/21/2019,11/29/2018,840,4.9,2.37,5.4,0,108,0.4253,-0.0089,0,-11.0411,29.9441,AMZN190621P00840000
AMZN,1673.57,*,AMZN190621C00850000,,call,06/21/2019,11/29/2018,850,1195.6,838.35,848.2,0,12,0.5336,0.9734,0.0001,-55.3235,76.9291,AMZN190621C00850000
AMZN,1673.57,*,AMZN190621P00850000,,put,06/21/2019,11/29/2018,850,5.86,2.53,5,0,184,0.4253,-0.0098,0,-12.0474,32.6894,AMZN190621P00850000
AMZN,1673.57,*,AMZN190621C00860000,,call,06/21/2019,11/29/2018,860,984.61,828.5,838.4,0,24,0.5262,0.9729,0.0001,-55.5997,78.1492,AMZN190621C00860000
AMZN,1673.57,*,AMZN190621P00860000,,put,06/21/2019,11/29/2018,860,3.54,1.22,4.35,10,48,0.4253,-0.0108,0.0001,-13.114,35.6011,AMZN190621P00860000
AMZN,1673.57,*,AMZN190621C00870000,,call,06/21/2019,11/29/2018,870,1155.1,819,828.8,0,18,0.523,0.9716,0.0001,-56.9968,81.2365,AMZN190621C00870000
AMZN,1673.57,*,AMZN190621P00870000,,put,06/21/2019,11/29/2018,870,5.3,2.9,5,0,321,0.4253,-0.0119,0.0001,-14.2418,38.6822,AMZN190621P00870000
AMZN,1673.57,*,AMZN190621C00880000,,call,06/21/2019,11/29/2018,880,634.34,809.5,819.35,0,12,0.5203,0.9702,0.0001,-58.547,84.6232,AMZN190621C00880000
AMZN,1673.57,*,AMZN190621P00880000,,put,06/21/2019,11/29/2018,880,3.26,2.18,5.95,0,249,0.4253,-0.013,0.0001,-15.4318,41.9355,AMZN190621P00880000
AMZN,1673.57,*,AMZN190621C00890000,,call,06/21/2019,11/29/2018,890,1053.51,799.75,809.5,0,16,0.5136,0.9695,0.0001,-58.9764,86.2186,AMZN190621C00890000
AMZN,1673.57,*,AMZN190621P00890000,,put,06/21/2019,11/29/2018,890,6.9,3.3,6.7,0,50,0.4253,-0.0143,0.0001,-16.6844,45.3631,AMZN190621P00890000
AMZN,1673.57,*,AMZN190621C00900000,,call,06/21/2019,11/29/2018,900,1055.7,790.35,800,0,72,0.5112,0.9679,0.0001,-60.6257,89.8716,AMZN190621C00900000
AMZN,1673.57,*,AMZN190621P00900000,,put,06/21/2019,11/29/2018,900,4.2,3.35,6.45,2,871,0.4253,-0.0156,0.0001,-18.0004,48.9667,AMZN190621P00900000
AMZN,1673.57,*,AMZN190621C00910000,,call,06/21/2019,11/29/2018,910,649.4,780.85,790.7,0,11,0.5087,0.9663,0.0001,-62.2668,93.5629,AMZN190621C00910000
AMZN,1673.57,*,AMZN190621P00910000,,put,06/21/2019,11/29/2018,910,7.16,2.85,7.25,0,260,0.4253,-0.017,0.0001,-19.38,52.7476,AMZN190621P00910000
AMZN,1673.57,*,AMZN190621C00920000,,call,06/21/2019,11/29/2018,920,1092.55,771.35,781.15,0,5,0.5049,0.9649,0.0001,-63.5352,96.6933,AMZN190621C00920000
AMZN,1673.57,*,AMZN190621P00920000,,put,06/21/2019,11/29/2018,920,8,3.65,7.15,0,157,0.4253,-0.0185,0.0001,-20.8234,56.7067,AMZN190621P00920000
AMZN,1673.57,*,AMZN190621C00930000,,call,06/21/2019,11/29/2018,930,709.25,761.5,771.4,0,16,0.4979,0.9642,0.0001,-63.8305,98.2592,AMZN190621C00930000
AMZN,1673.57,*,AMZN190621P00930000,,put,06/21/2019,11/29/2018,930,14,3.9,8,0,132,0.4253,-0.0201,0.0001,-22.3305,60.8443,AMZN190621P00930000
AMZN,1673.57,*,AMZN190621C00940000,,call,06/21/2019,11/29/2018,940,668.48,752.3,762.1,0,25,0.4969,0.9621,0.0001,-65.9594,102.9301,AMZN190621C00940000
AMZN,1673.57,*,AMZN190621P00940000,,put,06/21/2019,11/29/2018,940,5.35,4,8.3,0,79,0.4253,-0.0218,0.0001,-23.9012,65.1602,AMZN190621P00940000
AMZN,1673.57,*,AMZN190621C00950000,,call,06/21/2019,11/29/2018,950,659.23,742.85,752.65,0,111,0.4935,0.9605,0.0001,-67.3635,106.451,AMZN190621C00950000
AMZN,1673.57,*,AMZN190621P00950000,,put,06/21/2019,11/29/2018,950,7.45,4.4,8.1,0,297,0.4253,-0.0236,0.0001,-25.5351,69.6538,AMZN190621P00950000
AMZN,1673.57,*,AMZN190621C00960000,,call,06/21/2019,11/29/2018,960,1035,733.35,743.15,0,47,0.4895,0.959,0.0001,-68.5814,109.7201,AMZN190621C00960000
AMZN,1673.57,*,AMZN190621P00960000,,put,06/21/2019,11/29/2018,960,11.5,4.55,8.6,0,44,0.4253,-0.0255,0.0001,-27.2316,74.3239,AMZN190621P00960000
AMZN,1673.57,*,AMZN190621C00970000,,call,06/21/2019,11/29/2018,970,620,723.65,733.5,0,74,0.4838,0.9579,0.0001,-69.2455,112.1198,AMZN190621C00970000
AMZN,1673.57,*,AMZN190621P00970000,,put,06/21/2019,11/29/2018,970,20.15,4.95,9,0,84,0.4253,-0.0275,0.0001,-28.9899,79.169,AMZN190621P00970000
AMZN,1673.57,*,AMZN190621C00980000,,call,06/21/2019,11/29/2018,980,561.7,714.2,724,0,72,0.4799,0.9563,0.0002,-70.4885,115.5469,AMZN190621C00980000
AMZN,1673.57,*,AMZN190621P00980000,,put,06/21/2019,11/29/2018,980,7,5.25,9.05,0,121,0.4253,-0.0297,0.0001,-30.8092,84.1869,AMZN190621P00980000
AMZN,1673.57,*,AMZN190621C00990000,,call,06/21/2019,11/29/2018,990,540,705,714.8,0,481,0.4783,0.9541,0.0002,-72.5047,120.335,AMZN190621C00990000
AMZN,1673.57,*,AMZN190621P00990000,,put,06/21/2019,11/29/2018,990,7.4,5.6,9.45,2,148,0.4247,-0.0317,0.0001,-32.5107,89.016,AMZN190621P00990000
AMZN,1673.57,*,AMZN190621C01000000,,call,06/21/2019,11/29/2018,1000,619.82,695.5,705.4,0,621,0.4743,0.9524,0.0002,-73.7253,123.851,AMZN190621C01000000
AMZN,1673.57,*,AMZN190621P01000000,,put,06/21/2019,11/29/2018,1000,7.97,7.4,11,12,695,0.4253,-0.0342,0.0001,-34.6261,94.7306,AMZN190621P01000000
AMZN,1673.57,*,AMZN190621C01010000,,call,06/21/2019,11/29/2018,1010,540.2,686.35,696.15,0,89,0.4724,0.9501,0.0002,-75.672,128.6479,AMZN190621C01010000
AMZN,1673.57,*,AMZN190621P01010000,,put,06/21/2019,11/29/2018,1010,9.05,7.05,10.65,0,292,0.4253,-0.0367,0.0002,-36.6209,100.2498,AMZN190621P01010000
AMZN,1673.57,*,AMZN190621C01020000,,call,06/21/2019,11/29/2018,1020,766.6,677,686.8,0,145,0.469,0.9481,0.0002,-77.1099,132.6586,AMZN190621C01020000
AMZN,1673.57,*,AMZN190621P01020000,,put,06/21/2019,11/29/2018,1020,9.99,7.05,11.5,0,293,0.4221,-0.0383,0.0002,-37.6431,103.9019,AMZN190621P01020000
AMZN,1673.57,*,AMZN190621C01030000,,call,06/21/2019,11/29/2018,1030,582.09,667.5,677.35,0,63,0.4645,0.9464,0.0002,-78.1587,136.0859,AMZN190621C01030000
AMZN,1673.57,*,AMZN190621P01030000,,put,06/21/2019,11/29/2018,1030,9.1,7.85,12,1,92,0.4216,-0.0408,0.0002,-39.5565,109.3838,AMZN190621P01030000
AMZN,1673.57,*,AMZN190621C01040000,,call,06/21/2019,11/29/2018,1040,699.9,658.25,668,0,39,0.4613,0.9443,0.0002,-79.6692,140.354,AMZN190621C01040000
AMZN,1673.57,*,AMZN190621P01040000,,put,06/21/2019,11/29/2018,1040,9.5,8.35,12.5,2,119,0.4192,-0.0428,0.0002,-40.8782,113.7665,AMZN190621P01040000
AMZN,1673.57,*,AMZN190621C01050000,,call,06/21/2019,11/29/2018,1050,541.55,649,658.45,0,80,0.4574,0.9423,0.0002,-80.9276,144.2698,AMZN190621C01050000
AMZN,1673.57,*,AMZN190621P01050000,,put,06/21/2019,11/29/2018,1050,9.7,9.95,11.2,6,286,0.4145,-0.0442,0.0002,-41.4363,116.7187,AMZN190621P01050000
AMZN,1673.57,*,AMZN190621C01060000,,call,06/21/2019,11/29/2018,1060,718.2,640,649.75,0,54,0.4574,0.939,0.0002,-83.6276,150.6586,AMZN190621C01060000
AMZN,1673.57,*,AMZN190621P01060000,,put,06/21/2019,11/29/2018,1060,10.65,9.5,14,4,108,0.4165,-0.0478,0.0002,-44.3012,124.2666,AMZN190621P01060000
AMZN,1673.57,*,AMZN190621C01070000,,call,06/21/2019,11/29/2018,1070,709.2,630.5,640.35,0,32,0.4527,0.9372,0.0002,-84.5954,154.2383,AMZN190621C01070000
AMZN,1673.57,*,AMZN190621P01070000,,put,06/21/2019,11/29/2018,1070,10.75,9.95,14.5,1,45,0.4133,-0.0498,0.0002,-45.4015,128.4386,AMZN190621P01070000
AMZN,1673.57,*,AMZN190621C01080000,,call,06/21/2019,11/29/2018,1080,536.25,621.5,631.15,0,38,0.4503,0.9345,0.0002,-86.4248,159.3193,AMZN190621C01080000
AMZN,1673.57,*,AMZN190621P01080000,,put,06/21/2019,11/29/2018,1080,11.75,11.8,13.05,6,93,0.4087,-0.0514,0.0002,-46.0064,131.7248,AMZN190621P01080000
AMZN,1673.57,*,AMZN190621C01090000,,call,06/21/2019,11/29/2018,1090,848.05,612.15,622,0,29,0.4467,0.9322,0.0002,-87.8013,163.7248,AMZN190621C01090000
AMZN,1673.57,*,AMZN190621P01090000,,put,06/21/2019,11/29/2018,1090,12.2,11.3,16,6,50,0.4101,-0.0552,0.0002,-48.7853,139.2982,AMZN190621P01090000
AMZN,1673.57,*,AMZN190621C01100000,,call,06/21/2019,11/29/2018,1100,425.8,603.15,612.9,0,87,0.4442,0.9294,0.0002,-89.6012,168.9035,AMZN190621C01100000
AMZN,1673.57,*,AMZN190621P01100000,,put,06/21/2019,11/29/2018,1100,12.89,11.9,16.5,11,504,0.407,-0.0575,0.0002,-49.9539,143.8404,AMZN190621P01100000
AMZN,1673.57,*,AMZN190621C01110000,,call,06/21/2019,11/29/2018,1110,596.65,594,603.5,1,61,0.4404,0.9269,0.0003,-90.8963,173.3287,AMZN190621C01110000
AMZN,1673.57,*,AMZN190621P01110000,,put,06/21/2019,11/29/2018,1110,14.9,12.6,17,1,53,0.4043,-0.06,0.0002,-51.2774,148.7611,AMZN190621P01110000
AMZN,1673.57,*,AMZN190621C01120000,,call,06/21/2019,11/29/2018,1120,816.27,585.15,594.85,0,40,0.4393,0.9235,0.0003,-93.2542,179.5669,AMZN190621C01120000
AMZN,1673.57,*,AMZN190621P01120000,,put,06/21/2019,11/29/2018,1120,14.65,13.3,18,13,66,0.4028,-0.063,0.0002,-53.0657,154.6481,AMZN190621P01120000
AMZN,1673.57,*,AMZN190621C01130000,,call,06/21/2019,11/29/2018,1130,578.1,576,585.6,2,28,0.4356,0.9208,0.0003,-94.5858,184.2092,AMZN190621C01130000
AMZN,1673.57,*,AMZN190621P01130000,,put,06/21/2019,11/29/2018,1130,15.85,14.2,19,2,103,0.4019,-0.0664,0.0003,-55.1053,161.0815,AMZN190621P01130000
AMZN,1673.57,*,AMZN190621C01140000,,call,06/21/2019,11/29/2018,1140,436.98,567,576.45,0,11,0.4325,0.9179,0.0003,-96.1524,189.3123,AMZN190621C01140000
AMZN,1673.57,*,AMZN190621P01140000,,put,06/21/2019,11/29/2018,1140,38.25,15,19.5,0,65,0.3989,-0.0691,0.0003,-56.3456,166.0959,AMZN190621P01140000
AMZN,1673.57,*,AMZN190621C01150000,,call,06/21/2019,11/29/2018,1150,535.85,558,567.55,0,86,0.4298,0.9148,0.0003,-97.878,194.7504,AMZN190621C01150000
AMZN,1673.57,*,AMZN190621P01150000,,put,06/21/2019,11/29/2018,1150,17.5,15.85,20.5,1,95,0.3973,-0.0725,0.0003,-58.1424,172.2323,AMZN190621P01150000
AMZN,1673.57,*,AMZN190621C01160000,,call,06/21/2019,11/29/2018,1160,550.05,549.5,558.9,1,11,0.429,0.9108,0.0003,-100.3813,201.4992,AMZN190621C01160000
AMZN,1673.57,*,AMZN190621P01160000,,put,06/21/2019,11/29/2018,1160,18.8,18.3,19.6,2,93,0.3951,-0.0757,0.0003,-59.7119,178.0293,AMZN190621P01160000
AMZN,1673.57,*,AMZN190621C01170000,,call,06/21/2019,11/29/2018,1170,480,540.5,550.3,0,23,0.4267,0.9073,0.0003,-102.2731,207.3444,AMZN190621C01170000
AMZN,1673.57,*,AMZN190621P01170000,,put,06/21/2019,11/29/2018,1170,24.85,17.7,22.5,0,76,0.3941,-0.0795,0.0003,-61.7741,184.8087,AMZN190621P01170000
AMZN,1673.57,*,AMZN190621C01180000,,call,06/21/2019,11/29/2018,1180,840.1,531.5,541.25,0,99,0.4233,0.9041,0.0003,-103.7042,212.5472,AMZN190621C01180000
AMZN,1673.57,*,AMZN190621P01180000,,put,06/21/2019,11/29/2018,1180,45.9,18.65,23.5,0,131,0.3922,-0.0831,0.0003,-63.4828,191.0208,AMZN190621P01180000
AMZN,1673.57,*,AMZN190621C01190000,,call,06/21/2019,11/29/2018,1190,525.3,523,532.25,1,16,0.4211,0.9004,0.0003,-105.6288,218.5962,AMZN190621C01190000
AMZN,1673.57,*,AMZN190621P01190000,,put,06/21/2019,11/29/2018,1190,22.35,20,24.5,1,129,0.3911,-0.0871,0.0003,-65.528,197.9131,AMZN190621P01190000
AMZN,1673.57,*,AMZN190621C01200000,,call,06/21/2019,11/29/2018,1200,516.5,514.5,524.2,1,286,0.4207,0.8958,0.0003,-108.3086,225.862,AMZN190621C01200000
AMZN,1673.57,*,AMZN190621P01200000,,put,06/21/2019,11/29/2018,1200,21.94,22.5,27,6,736,0.3963,-0.094,0.0003,-70.2169,209.427,AMZN190621P01200000
AMZN,1673.57,*,AMZN190621C01210000,,call,06/21/2019,11/29/2018,1210,384.5,505.5,515.3,0,48,0.4172,0.8924,0.0004,-109.6748,231.2039,AMZN190621C01210000
AMZN,1673.57,*,AMZN190621P01210000,,put,06/21/2019,11/29/2018,1210,23.17,22.05,28,7,92,0.3903,-0.0961,0.0003,-70.2351,212.9578,AMZN190621P01210000
AMZN,1673.57,*,AMZN190621C01220000,,call,06/21/2019,11/29/2018,1220,381.7,497,506.8,0,29,0.4155,0.8881,0.0004,-111.7955,237.7511,AMZN190621C01220000
AMZN,1673.57,*,AMZN190621P01220000,,put,06/21/2019,11/29/2018,1220,25.55,23.15,29,5,117,0.3879,-0.1,0.0004,-71.7558,219.1465,AMZN190621P01220000
AMZN,1673.57,*,AMZN190621C01230000,,call,06/21/2019,11/29/2018,1230,369.3,488.95,498.25,0,25,0.4145,0.8834,0.0004,-114.2089,244.7827,AMZN190621C01230000
AMZN,1673.57,*,AMZN190621P01230000,,put,06/21/2019,11/29/2018,1230,25.6,24.55,30.5,1,170,0.3871,-0.1046,0.0004,-73.9546,226.5542,AMZN190621P01230000
AMZN,1673.57,*,AMZN190621C01240000,,call,06/21/2019,11/29/2018,1240,482.2,481.15,490,1,52,0.4144,0.8783,0.0004,-117.0029,252.395,AMZN190621C01240000
AMZN,1673.57,*,AMZN190621P01240000,,put,06/21/2019,11/29/2018,1240,28.5,25.85,31.5,1,78,0.3849,-0.1088,0.0004,-75.5537,233.0316,AMZN190621P01240000
AMZN,1673.57,*,AMZN190621C01250000,,call,06/21/2019,11/29/2018,1250,479.05,472.55,481.5,1,71,0.4119,0.874,0.0004,-118.7531,258.5726,AMZN190621C01250000
AMZN,1673.57,*,AMZN190621P01250000,,put,06/21/2019,11/29/2018,1250,28.5,27.15,33,0,337,0.3835,-0.1135,0.0004,-77.4906,240.1373,AMZN190621P01250000
AMZN,1673.57,*,AMZN190621C01260000,,call,06/21/2019,11/29/2018,1260,351.6,464.15,473.5,0,32,0.4111,0.8689,0.0004,-121.2242,265.8038,AMZN190621C01260000
AMZN,1673.57,*,AMZN190621P01260000,,put,06/21/2019,11/29/2018,1260,30.77,28.55,34.5,3,194,0.3821,-0.1183,0.0004,-79.4214,247.2958,AMZN190621P01260000
AMZN,1673.57,*,AMZN190621C01270000,,call,06/21/2019,11/29/2018,1270,420.05,455,464.6,0,12,0.4064,0.8653,0.0004,-121.9857,270.7669,AMZN190621C01270000
AMZN,1673.57,*,AMZN190621P01270000,,put,06/21/2019,11/29/2018,1270,31.71,30.1,36,18,54,0.3808,-0.1232,0.0004,-81.3874,254.5687,AMZN190621P01270000
AMZN,1673.57,*,AMZN190621C01280000,,call,06/21/2019,11/29/2018,1280,448.8,447.15,456.95,1,25,0.4064,0.8596,0.0004,-124.7716,278.5183,AMZN190621C01280000
AMZN,1673.57,*,AMZN190621P01280000,,put,06/21/2019,11/29/2018,1280,34.45,31.6,37.5,1,164,0.3793,-0.1282,0.0004,-83.2552,261.7462,AMZN190621P01280000
AMZN,1673.57,*,AMZN190621C01290000,,call,06/21/2019,11/29/2018,1290,340.07,439.4,448.2,0,27,0.4044,0.8547,0.0005,-126.6672,285.1211,AMZN190621C01290000
AMZN,1673.57,*,AMZN190621P01290000,,put,06/21/2019,11/29/2018,1290,57.98,33.55,39.5,0,277,0.3792,-0.134,0.0005,-85.7235,269.8729,AMZN190621P01290000
AMZN,1673.57,*,AMZN190621C01300000,,call,06/21/2019,11/29/2018,1300,444,430.7,439.85,12,325,0.4016,0.85,0.0005,-128.1904,291.3013,AMZN190621C01300000
AMZN,1673.57,*,AMZN190621P01300000,,put,06/21/2019,11/29/2018,1300,36,35.05,41,104,2982,0.3772,-0.1391,0.0005,-87.3432,276.7783,AMZN190621P01300000
AMZN,1673.57,*,AMZN190621C01310000,,call,06/21/2019,11/29/2018,1310,420.49,423.4,432,2,24,0.4014,0.844,0.0005,-130.8263,298.9165,AMZN190621C01310000
AMZN,1673.57,*,AMZN190621P01310000,,put,06/21/2019,11/29/2018,1310,38.2,37,42.95,4,63,0.3766,-0.1449,0.0005,-89.5598,284.5918,AMZN190621P01310000
AMZN,1673.57,*,AMZN190621C01320000,,call,06/21/2019,11/29/2018,1320,264.1,415.2,423.65,0,18,0.3987,0.839,0.0005,-132.342,305.1819,AMZN190621C01320000
AMZN,1673.57,*,AMZN190621P01320000,,put,06/21/2019,11/29/2018,1320,64.25,38.55,44.5,0,81,0.3744,-0.1501,0.0005,-91.0505,291.4197,AMZN190621P01320000
AMZN,1673.57,*,AMZN190621C01330000,,call,06/21/2019,11/29/2018,1330,314.65,406.75,416.05,0,63,0.3966,0.8336,0.0005,-134.0916,311.7752,AMZN190621C01330000
AMZN,1673.57,*,AMZN190621P01330000,,put,06/21/2019,11/29/2018,1330,42.9,40.55,46.55,1,73,0.3737,-0.1562,0.0005,-93.1789,299.1652,AMZN190621P01330000
AMZN,1673.57,*,AMZN190621C01340000,,call,06/21/2019,11/29/2018,1340,351.39,399.55,407.85,0,75,0.3955,0.8277,0.0005,-136.2484,318.8654,AMZN190621C01340000
AMZN,1673.57,*,AMZN190621P01340000,,put,06/21/2019,11/29/2018,1340,43.91,41.05,49.2,51,103,0.3712,-0.1616,0.0005,-94.4862,305.8462,AMZN190621P01340000
AMZN,1673.57,*,AMZN190621C01350000,,call,06/21/2019,11/29/2018,1350,373.63,391,400.05,0,262,0.3927,0.8223,0.0005,-137.6279,325.1023,AMZN190621C01350000
AMZN,1673.57,*,AMZN190621P01350000,,put,06/21/2019,11/29/2018,1350,46.6,43.15,51.7,3,557,0.3709,-0.1681,0.0005,-96.7361,313.7845,AMZN190621P01350000
AMZN,1673.57,*,AMZN190621C01355000,,call,06/21/2019,11/29/2018,1355,388.75,387.85,396.95,0,18,0.3942,0.8184,0.0005,-139.5737,329.593,AMZN190621C01355000
AMZN,1673.57,*,AMZN190621P01355000,,put,06/21/2019,11/29/2018,1355,46.8,44.2,52.75,1,36,0.3703,-0.1712,0.0005,-97.6506,317.4844,AMZN190621P01355000
AMZN,1673.57,*,AMZN190621C01360000,,call,06/21/2019,11/29/2018,1360,388.16,383.8,392.35,0,54,0.392,0.816,0.0005,-139.8915,332.3274,AMZN190621C01360000
AMZN,1673.57,*,AMZN190621P01360000,,put,06/21/2019,11/29/2018,1360,52.08,45.25,53.8,2,128,0.3697,-0.1743,0.0006,-98.5568,321.1764,AMZN190621P01360000
AMZN,1673.57,*,AMZN190621C01365000,,call,06/21/2019,11/29/2018,1365,386.6,380.2,388.5,0,7,0.3916,0.8128,0.0005,-140.9872,335.8929,AMZN190621C01365000
AMZN,1673.57,*,AMZN190621P01365000,,put,06/21/2019,11/29/2018,1365,61.85,46.35,54.7,0,28,0.3689,-0.1774,0.0006,-99.3661,324.7538,AMZN190621P01365000
AMZN,1673.57,*,AMZN190621C01370000,,call,06/21/2019,11/29/2018,1370,387.51,376.15,384.9,1,246,0.3908,0.8097,0.0006,-141.8983,339.2639,AMZN190621C01370000
AMZN,1673.57,*,AMZN190621P01370000,,put,06/21/2019,11/29/2018,1370,50.95,47.45,55.45,16,225,0.3678,-0.1804,0.0006,-100.0343,328.1687,AMZN190621P01370000
AMZN,1673.57,*,AMZN190621C01375000,,call,06/21/2019,11/29/2018,1375,384.59,372.7,381.25,2,15,0.3908,0.8063,0.0006,-143.1486,342.9732,AMZN190621C01375000
AMZN,1673.57,*,AMZN190621P01375000,,put,06/21/2019,11/29/2018,1375,50,48.6,56.6,1,113,0.3674,-0.1837,0.0006,-101.0019,331.9402,AMZN190621P01375000
AMZN,1673.57,*,AMZN190621C01380000,,call,06/21/2019,11/29/2018,1380,380.83,368.55,377.35,1,237,0.3894,0.8034,0.0006,-143.7776,346.0599,AMZN190621C01380000
AMZN,1673.57,*,AMZN190621P01380000,,put,06/21/2019,11/29/2018,1380,55.5,49.75,57.7,0,332,0.3668,-0.1869,0.0006,-101.8718,335.5955,AMZN190621P01380000
AMZN,1673.57,*,AMZN190621C01385000,,call,06/21/2019,11/29/2018,1385,256.6,364.8,373.3,0,22,0.3883,0.8004,0.0006,-144.5272,349.2701,AMZN190621C01385000
AMZN,1673.57,*,AMZN190621P01385000,,put,06/21/2019,11/29/2018,1385,55,50.95,59.35,0,27,0.367,-0.1906,0.0006,-103.0837,339.6289,AMZN190621P01385000
AMZN,1673.57,*,AMZN190621C01390000,,call,06/21/2019,11/29/2018,1390,253.5,361.05,369.75,0,367,0.3879,0.7971,0.0006,-145.571,352.76,AMZN190621C01390000
AMZN,1673.57,*,AMZN190621P01390000,,put,06/21/2019,11/29/2018,1390,54.6,52.1,60.05,0,420,0.3658,-0.1937,0.0006,-103.6692,342.9616,AMZN190621P01390000
AMZN,1673.57,*,AMZN190621C01395000,,call,06/21/2019,11/29/2018,1395,245.5,357.5,366.15,0,23,0.3875,0.7937,0.0006,-146.6033,356.2284,AMZN190621C01395000
AMZN,1673.57,*,AMZN190621P01395000,,put,06/21/2019,11/29/2018,1395,89.67,53.35,61.2,0,91,0.3653,-0.1971,0.0006,-104.552,346.619,AMZN190621P01395000
AMZN,1673.57,*,AMZN190621C01400000,,call,06/21/2019,11/29/2018,1400,351.24,353.9,362.25,1,751,0.3867,0.7905,0.0006,-147.4501,359.5187,AMZN190621C01400000
AMZN,1673.57,*,AMZN190621P01400000,,put,06/21/2019,11/29/2018,1400,57.2,54.55,62.4,4,1491,0.3647,-0.2005,0.0006,-105.3799,350.2121,AMZN190621P01400000
AMZN,1673.57,*,AMZN190621C01405000,,call,06/21/2019,11/29/2018,1405,251.81,350.2,358.6,0,14,0.3861,0.7871,0.0006,-148.3721,362.8696,AMZN190621C01405000
AMZN,1673.57,*,AMZN190621P01405000,,put,06/21/2019,11/29/2018,1405,80.47,55.8,63.65,0,76,0.3642,-0.204,0.0006,-106.2403,353.8324,AMZN190621P01405000
AMZN,1673.57,*,AMZN190621C01410000,,call,06/21/2019,11/29/2018,1410,247.85,346.25,355.5,0,80,0.3858,0.7836,0.0006,-149.4119,366.3113,AMZN190621C01410000
AMZN,1673.57,*,AMZN190621P01410000,,put,06/21/2019,11/29/2018,1410,82.95,57.05,64.9,0,454,0.3637,-0.2075,0.0006,-107.089,357.4319,AMZN190621P01410000
AMZN,1673.57,*,AMZN190621C01415000,,call,06/21/2019,11/29/2018,1415,432.79,342.6,351.65,0,1,0.3848,0.7804,0.0006,-150.136,369.4735,AMZN190621C01415000
AMZN,1673.57,*,AMZN190621P01415000,,put,06/21/2019,11/29/2018,1415,60.57,58.35,66.15,1,38,0.3632,-0.211,0.0006,-107.9256,361.0094,AMZN190621P01415000
AMZN,1673.57,*,AMZN190621C01420000,,call,06/21/2019,11/29/2018,1420,243.45,339,348,0,79,0.3842,0.777,0.0006,-151.0207,372.7618,AMZN190621C01420000
AMZN,1673.57,*,AMZN190621P01420000,,put,06/21/2019,11/29/2018,1420,86.52,59.65,67.45,0,226,0.3627,-0.2146,0.0006,-108.7498,364.5638,AMZN190621P01420000
AMZN,1673.57,*,AMZN190621C01425000,,call,06/21/2019,11/29/2018,1425,228,335.2,344.1,0,43,0.3829,0.7738,0.0006,-151.5901,375.7875,AMZN190621C01425000
AMZN,1673.57,*,AMZN190621P01425000,,put,06/21/2019,11/29/2018,1425,69.9,61,68.75,0,284,0.3622,-0.2182,0.0007,-109.5612,368.094,AMZN190621P01425000
AMZN,1673.57,*,AMZN190621C01430000,,call,06/21/2019,11/29/2018,1430,288.7,331.5,340.25,0,64,0.3818,0.7705,0.0006,-152.2333,378.8687,AMZN190621C01430000
AMZN,1673.57,*,AMZN190621P01430000,,put,06/21/2019,11/29/2018,1430,81.01,62.35,70.1,0,96,0.3618,-0.2219,0.0007,-110.4032,371.6379,AMZN190621P01430000
AMZN,1673.57,*,AMZN190621C01435000,,call,06/21/2019,11/29/2018,1435,229,328.7,336.95,0,2,0.3825,0.7665,0.0006,-153.639,382.5169,AMZN190621C01435000
AMZN,1673.57,*,AMZN190621P01435000,,put,06/21/2019,11/29/2018,1435,91.4,63.7,71.45,0,98,0.3613,-0.2255,0.0007,-111.1881,375.1151,AMZN190621P01435000
AMZN,1673.57,*,AMZN190621C01440000,,call,06/21/2019,11/29/2018,1440,260.27,324.4,333.4,0,49,0.3809,0.7633,0.0006,-154.0398,385.3938,AMZN190621C01440000
AMZN,1673.57,*,AMZN190621P01440000,,put,06/21/2019,11/29/2018,1440,75.83,65.1,72.8,0,145,0.3608,-0.2292,0.0007,-111.9594,378.5647,AMZN190621P01440000
AMZN,1673.57,*,AMZN190621C01445000,,call,06/21/2019,11/29/2018,1445,225.6,321.1,329.85,0,3,0.3805,0.7596,0.0007,-154.9434,388.6272,AMZN190621C01445000
AMZN,1673.57,*,AMZN190621P01445000,,put,06/21/2019,11/29/2018,1445,72.8,66.5,74.2,1,44,0.3603,-0.2329,0.0007,-112.7166,381.9855,AMZN190621P01445000
AMZN,1673.57,*,AMZN190621C01450000,,call,06/21/2019,11/29/2018,1450,315.75,317.6,326.75,0,179,0.3805,0.7558,0.0007,-156.0039,391.9457,AMZN190621C01450000
AMZN,1673.57,*,AMZN190621P01450000,,put,06/21/2019,11/29/2018,1450,71.6,67.95,75.6,0,455,0.3598,-0.2367,0.0007,-113.4595,385.3766,AMZN190621P01450000
AMZN,1673.57,*,AMZN190621C01460000,,call,06/21/2019,11/29/2018,1460,215.05,310.6,319.4,0,349,0.3787,0.7488,0.0007,-157.3085,397.9692,AMZN190621C01460000
AMZN,1673.57,*,AMZN190621P01460000,,put,06/21/2019,11/29/2018,1460,104.78,70.85,78.5,0,383,0.3589,-0.2443,0.0007,-114.9442,392.0968,AMZN190621P01460000
AMZN,1673.57,*,AMZN190621C01470000,,call,06/21/2019,11/29/2018,1470,211.75,303.9,312.55,0,42,0.3777,0.7413,0.0007,-158.8953,404.0969,AMZN190621C01470000
AMZN,1673.57,*,AMZN190621P01470000,,put,06/21/2019,11/29/2018,1470,81.5,73.9,81.3,0,92,0.3578,-0.252,0.0007,-116.2816,398.6202,AMZN190621P01470000
AMZN,1673.57,*,AMZN190621C01480000,,call,06/21/2019,11/29/2018,1480,235.76,296.9,305.75,0,76,0.3763,0.7339,0.0007,-160.2489,409.9939,AMZN190621C01480000
AMZN,1673.57,*,AMZN190621P01480000,,put,06/21/2019,11/29/2018,1480,78.65,76.95,85.25,12,157,0.3579,-0.2602,0.0007,-118.0704,405.3366,AMZN190621P01480000
AMZN,1673.57,*,AMZN190621C01490000,,call,06/21/2019,11/29/2018,1490,275.31,290.75,299,0,65,0.3758,0.7261,0.0007,-161.9203,415.9547,AMZN190621C01490000
AMZN,1673.57,*,AMZN190621P01490000,,put,06/21/2019,11/29/2018,1490,81.6,80.55,88.15,0,98,0.3573,-0.2683,0.0007,-119.4915,411.6766,AMZN190621P01490000
AMZN,1673.57,*,AMZN190621C01500000,,call,06/21/2019,11/29/2018,1500,295.18,283.65,292.45,25,2313,0.3741,0.7186,0.0007,-163.0156,421.5112,AMZN190621C01500000
AMZN,1673.57,*,AMZN190621P01500000,,put,06/21/2019,11/29/2018,1500,84,87.05,90.9,56,1135,0.3597,-0.2773,0.0007,-122.121,418.5146,AMZN190621P01500000
AMZN,1673.57,*,AMZN190621C01510000,,call,06/21/2019,11/29/2018,1510,187.41,277.75,285.95,0,95,0.3738,0.7106,0.0007,-164.6349,427.1819,AMZN190621C01510000
AMZN,1673.57,*,AMZN190621P01510000,,put,06/21/2019,11/29/2018,1510,88.7,86.8,95,2,202,0.3554,-0.2844,0.0008,-121.8277,423.6774,AMZN190621P01510000
AMZN,1673.57,*,AMZN190621C01520000,,call,06/21/2019,11/29/2018,1520,213.6,270,279.5,0,100,0.3712,0.703,0.0007,-165.2134,432.2989,AMZN190621C01520000
AMZN,1673.57,*,AMZN190621P01520000,,put,06/21/2019,11/29/2018,1520,101,90.25,98.55,1,208,0.3547,-0.2928,0.0008,-122.9947,429.464,AMZN190621P01520000
AMZN,1673.57,*,AMZN190621C01530000,,call,06/21/2019,11/29/2018,1530,225.82,263.65,273.15,0,83,0.3701,0.695,0.0008,-166.3532,437.5116,AMZN190621C01530000
AMZN,1673.57,*,AMZN190621P01530000,,put,06/21/2019,11/29/2018,1530,94.91,94.1,102.35,3,170,0.3545,-0.3013,0.0008,-124.2987,435.1385,AMZN190621P01530000
AMZN,1673.57,*,AMZN190621C01540000,,call,06/21/2019,11/29/2018,1540,254.72,258.85,266.9,0,886,0.3708,0.6866,0.0008,-168.1749,442.77,AMZN190621C01540000
AMZN,1673.57,*,AMZN190621P01540000,,put,06/21/2019,11/29/2018,1540,100.55,99.75,105.55,5,216,0.3555,-0.3101,0.0008,-126.0312,440.7621,AMZN190621P01540000
AMZN,1673.57,*,AMZN190621C01550000,,call,06/21/2019,11/29/2018,1550,260,251.7,260.75,8,878,0.3686,0.6787,0.0008,-168.7039,447.4797,AMZN190621C01550000
AMZN,1673.57,*,AMZN190621P01550000,,put,06/21/2019,11/29/2018,1550,103.64,101.1,108.85,6,367,0.3516,-0.318,0.0008,-125.6218,445.5051,AMZN190621P01550000
AMZN,1673.57,*,AMZN190621C01555000,,call,06/21/2019,11/29/2018,1555,248.35,248.35,257.7,5,12,0.3678,0.6746,0.0008,-169.066,449.8072,AMZN190621C01555000
AMZN,1673.57,*,AMZN190621P01555000,,put,06/21/2019,11/29/2018,1555,106.1,102.95,111.7,2,46,0.3522,-0.3225,0.0008,-126.4614,448.1368,AMZN190621P01555000
AMZN,1673.57,*,AMZN190621C01560000,,call,06/21/2019,11/29/2018,1560,238.85,245.25,254.75,2,56,0.3673,0.6704,0.0008,-169.5344,452.1182,AMZN190621C01560000
AMZN,1673.57,*,AMZN190621P01560000,,put,06/21/2019,11/29/2018,1560,107,104.75,113.75,6,401,0.3518,-0.3268,0.0008,-126.8602,450.5893,AMZN190621P01560000
AMZN,1673.57,*,AMZN190621C01565000,,call,06/21/2019,11/29/2018,1565,205.33,242.25,251.75,0,39,0.3668,0.6663,0.0008,-169.9833,454.38,AMZN190621C01565000
AMZN,1673.57,*,AMZN190621P01565000,,put,06/21/2019,11/29/2018,1565,144.05,106.6,115.8,0,59,0.3515,-0.3312,0.0008,-127.2809,452.9973,AMZN190621P01565000
AMZN,1673.57,*,AMZN190621C01570000,,call,06/21/2019,11/29/2018,1570,246.5,239.25,248.75,2,43,0.3663,0.6621,0.0008,-170.4127,456.5919,AMZN190621C01570000
AMZN,1673.57,*,AMZN190621P01570000,,put,06/21/2019,11/29/2018,1570,109.63,108.5,117.85,12,309,0.3511,-0.3355,0.0008,-127.6393,455.3396,AMZN190621P01570000
AMZN,1673.57,*,AMZN190621C01575000,,call,06/21/2019,11/29/2018,1575,189.15,237.75,245.8,0,31,0.3674,0.6577,0.0008,-171.491,458.8614,AMZN190621C01575000
AMZN,1673.57,*,AMZN190621P01575000,,put,06/21/2019,11/29/2018,1575,113.6,110.5,119.9,8,220,0.3508,-0.3399,0.0008,-128.0192,457.6344,AMZN190621P01575000
AMZN,1673.57,*,AMZN190621C01580000,,call,06/21/2019,11/29/2018,1580,233.45,233.3,242.8,10,150,0.3652,0.6537,0.0008,-171.17,460.8571,AMZN190621C01580000
AMZN,1673.57,*,AMZN190621P01580000,,put,06/21/2019,11/29/2018,1580,114.9,112.5,121.95,6,174,0.3505,-0.3443,0.0008,-128.3785,459.8711,AMZN190621P01580000
AMZN,1673.57,*,AMZN190621C01585000,,call,06/21/2019,11/29/2018,1585,220,231.75,239.95,0,28,0.3663,0.6493,0.0008,-172.2082,463.0021,AMZN190621C01585000
AMZN,1673.57,*,AMZN190621P01585000,,put,06/21/2019,11/29/2018,1585,117.85,114.5,124,1,61,0.3501,-0.3487,0.0008,-128.6751,462.0425,AMZN190621P01585000
AMZN,1673.57,*,AMZN190621C01590000,,call,06/21/2019,11/29/2018,1590,238.8,227.55,237,3,76,0.3643,0.6452,0.0008,-171.9308,464.9267,AMZN190621C01590000
AMZN,1673.57,*,AMZN190621P01590000,,put,06/21/2019,11/29/2018,1590,134.1,116.55,126.05,0,149,0.3497,-0.3531,0.0009,-128.9508,464.1562,AMZN190621P01590000
AMZN,1673.57,*,AMZN190621C01595000,,call,06/21/2019,11/29/2018,1595,173.55,224.7,234.2,0,10,0.364,0.641,0.0008,-172.3434,466.8872,AMZN190621C01595000
AMZN,1673.57,*,AMZN190621P01595000,,put,06/21/2019,11/29/2018,1595,120.75,118.65,128.15,28,56,0.3494,-0.3576,0.0009,-129.2475,466.2165,AMZN190621P01595000
AMZN,1673.57,*,AMZN190621C01600000,,call,06/21/2019,11/29/2018,1600,232.1,223,231.2,17,628,0.3645,0.6366,0.0008,-173.0702,468.8193,AMZN190621C01600000
AMZN,1673.57,*,AMZN190621P01600000,,put,06/21/2019,11/29/2018,1600,122.25,121,130.3,49,1119,0.3493,-0.362,0.0009,-129.6069,468.2251,AMZN190621P01600000
AMZN,1673.57,*,AMZN190621C01605000,,call,06/21/2019,11/29/2018,1605,197.46,219.05,227.7,0,16,0.3622,0.6324,0.0008,-172.6057,470.6033,AMZN190621C01605000
AMZN,1673.57,*,AMZN190621P01605000,,put,06/21/2019,11/29/2018,1605,130.3,123,132.4,3,41,0.3488,-0.3665,0.0009,-129.7775,470.1551,AMZN190621P01605000
AMZN,1673.57,*,AMZN190621C01610000,,call,06/21/2019,11/29/2018,1610,146.32,216.25,225.75,0,43,0.3626,0.6281,0.0008,-173.2497,472.4171,AMZN190621C01610000
AMZN,1673.57,*,AMZN190621P01610000,,put,06/21/2019,11/29/2018,1610,128.4,125.1,134.6,21,66,0.3485,-0.371,0.0009,-130.0106,472.0324,AMZN190621P01610000
AMZN,1673.57,*,AMZN190621C01615000,,call,06/21/2019,11/29/2018,1615,157.5,213.5,223,0,17,0.3622,0.6238,0.0008,-173.5384,474.1506,AMZN190621C01615000
AMZN,1673.57,*,AMZN190621P01615000,,put,06/21/2019,11/29/2018,1615,132.65,127.3,135.25,5,90,0.3465,-0.3754,0.0009,-129.5092,473.8047,AMZN190621P01615000
AMZN,1673.57,*,AMZN190621C01620000,,call,06/21/2019,11/29/2018,1620,191.95,210.75,220.25,0,106,0.3618,0.6194,0.0008,-173.8064,475.8269,AMZN190621C01620000
AMZN,1673.57,*,AMZN190621P01620000,,put,06/21/2019,11/29/2018,1620,131.8,129.5,139,71,141,0.3478,-0.38,0.0009,-130.3707,475.5985,AMZN190621P01620000
AMZN,1673.57,*,AMZN190621C01625000,,call,06/21/2019,11/29/2018,1625,211.61,208,217.4,0,30,0.3612,0.6151,0.0008,-173.9698,477.444,AMZN190621C01625000
AMZN,1673.57,*,AMZN190621P01625000,,put,06/21/2019,11/29/2018,1625,134,131.75,141.25,15,141,0.3476,-0.3845,0.0009,-130.5816,477.2903,AMZN190621P01625000
AMZN,1673.57,*,AMZN190621C01630000,,call,06/21/2019,11/29/2018,1630,208.81,205.2,213.9,0,29,0.3598,0.6107,0.0009,-173.7764,479.0011,AMZN190621C01630000
AMZN,1673.57,*,AMZN190621P01630000,,put,06/21/2019,11/29/2018,1630,141.8,134,143.5,5,39,0.3472,-0.389,0.0009,-130.6868,478.916,AMZN190621P01630000
AMZN,1673.57,*,AMZN190621C01635000,,call,06/21/2019,11/29/2018,1635,184,203.7,212.15,0,27,0.3616,0.6064,0.0009,-174.9053,480.5091,AMZN190621C01635000
AMZN,1673.57,*,AMZN190621P01635000,,put,06/21/2019,11/29/2018,1635,136.25,136.5,145.8,1,32,0.3471,-0.3936,0.0009,-130.8967,480.4801,AMZN190621P01635000
AMZN,1673.57,*,AMZN190621C01640000,,call,06/21/2019,11/29/2018,1640,205.2,199.95,208,2,161,0.3585,0.602,0.0009,-173.9548,481.9584,AMZN190621C01640000
AMZN,1673.57,*,AMZN190621P01640000,,put,06/21/2019,11/29/2018,1640,146.6,138.65,146.8,2,144,0.3453,-0.3981,0.0009,-130.3689,481.9785,AMZN190621P01640000
AMZN,1673.57,*,AMZN190621C01645000,,call,06/21/2019,11/29/2018,1645,208,198.85,206.85,10,23,0.3612,0.5976,0.0009,-175.4227,483.327,AMZN190621C01645000
AMZN,1673.57,*,AMZN190621P01645000,,put,06/21/2019,11/29/2018,1645,146.5,141.1,150.5,4,108,0.3465,-0.4026,0.0009,-131.0833,483.4125,AMZN190621P01645000
AMZN,1673.57,*,AMZN190621C01650000,,call,06/21/2019,11/29/2018,1650,206.1,195.8,204.25,14,1788,0.3603,0.5932,0.0009,-175.3551,484.6527,AMZN190621C01650000
AMZN,1673.57,*,AMZN190621P01650000,,put,06/21/2019,11/29/2018,1650,143.3,143.5,152.85,9,375,0.3463,-0.4072,0.0009,-131.1863,484.781,AMZN190621P01650000
AMZN,1673.57,*,AMZN190621C01655000,,call,06/21/2019,11/29/2018,1655,193.6,193.2,201.5,3,80,0.3597,0.5888,0.0009,-175.3926,485.9179,AMZN190621C01655000
AMZN,1673.57,*,AMZN190621P01655000,,put,06/21/2019,11/29/2018,1655,247.1,145.95,155.25,0,22,0.346,-0.4118,0.0009,-131.2255,486.0851,AMZN190621P01655000
AMZN,1673.57,*,AMZN190621C01660000,,call,06/21/2019,11/29/2018,1660,195,190.3,198.95,13,287,0.359,0.5844,0.0009,-175.3665,487.1258,AMZN190621C01660000
AMZN,1673.57,*,AMZN190621P01660000,,put,06/21/2019,11/29/2018,1660,148,148.35,157.65,3,474,0.3457,-0.4163,0.0009,-131.243,487.3239,AMZN190621P01660000
AMZN,1673.57,*,AMZN190621C01665000,,call,06/21/2019,11/29/2018,1665,147.1,187.05,196.5,0,135,0.358,0.58,0.0009,-175.1918,488.2803,AMZN190621C01665000
AMZN,1673.57,*,AMZN190621P01665000,,put,06/21/2019,11/29/2018,1665,153.16,150.8,160.1,10,108,0.3455,-0.4209,0.0009,-131.2812,488.4957,AMZN190621P01665000
AMZN,1673.57,*,AMZN190621C01675000,,call,06/21/2019,11/29/2018,1675,191.55,183.15,191.45,10,26,0.3583,0.5712,0.0009,-175.7546,490.3638,AMZN190621C01675000
AMZN,1673.57,*,AMZN190621P01675000,,put,06/21/2019,11/29/2018,1675,163.05,155.7,165.05,0,177,0.3449,-0.4301,0.0009,-131.2079,490.645,AMZN190621P01675000
AMZN,1673.57,*,AMZN190621C01680000,,call,06/21/2019,11/29/2018,1680,189.6,180.2,189,16,171,0.3574,0.5667,0.0009,-175.5583,491.3356,AMZN190621C01680000
AMZN,1673.57,*,AMZN190621P01680000,,put,06/21/2019,11/29/2018,1680,243.35,158.2,167.55,0,273,0.3446,-0.4346,0.0009,-131.1389,491.6208,AMZN190621P01680000
AMZN,1673.57,*,AMZN190621C01685000,,call,06/21/2019,11/29/2018,1685,188.55,178.3,186.6,2,39,0.3576,0.5624,0.0009,-175.81,492.2211,AMZN190621C01685000
AMZN,1673.57,*,AMZN190621P01685000,,put,06/21/2019,11/29/2018,1685,161.4,160.75,170.1,6,123,0.3443,-0.4392,0.0009,-131.0482,492.5305,AMZN190621P01685000
AMZN,1673.57,*,AMZN190621C01700000,,call,06/21/2019,11/29/2018,1700,179.45,170,179.4,41,700,0.3554,0.5489,0.0009,-175.2414,494.5747,AMZN190621C01700000
AMZN,1673.57,*,AMZN190621P01700000,,put,06/21/2019,11/29/2018,1700,168.46,168.35,177.85,21,974,0.3434,-0.453,0.0009,-130.647,494.8619,AMZN190621P01700000
AMZN,1673.57,*,AMZN190621C01720000,,call,06/21/2019,11/29/2018,1720,157.2,161.95,170.2,1,217,0.3554,0.5314,0.0009,-175.458,496.7789,AMZN190621C01720000
AMZN,1673.57,*,AMZN190621P01720000,,put,06/21/2019,11/29/2018,1720,181.08,179.15,188.55,0,205,0.3427,-0.4713,0.0009,-130.0317,497.0314,AMZN190621P01720000
AMZN,1673.57,*,AMZN190621C01725000,,call,06/21/2019,11/29/2018,1725,163.3,160.05,167.65,2,50,0.3551,0.527,0.0009,-175.332,497.1834,AMZN190621C01725000
AMZN,1673.57,*,AMZN190621P01725000,,put,06/21/2019,11/29/2018,1725,191,182,191.3,0,96,0.3426,-0.4758,0.0009,-129.8588,497.4078,AMZN190621P01725000
AMZN,1673.57,*,AMZN190621C01740000,,call,06/21/2019,11/29/2018,1740,162.75,151.8,161.3,2,147,0.3528,0.5134,0.0009,-174.2144,498.0438,AMZN190621C01740000
AMZN,1673.57,*,AMZN190621P01740000,,put,06/21/2019,11/29/2018,1740,196,190.4,199.6,1,229,0.3421,-0.4894,0.0009,-129.1302,498.1494,AMZN190621P01740000
AMZN,1673.57,*,AMZN190621C01760000,,call,06/21/2019,11/29/2018,1760,148,143.3,152.8,5,252,0.3517,0.4957,0.0009,-173.3067,498.2954,AMZN190621C01760000
AMZN,1673.57,*,AMZN190621P01760000,,put,06/21/2019,11/29/2018,1760,204.68,201.85,211.05,1,330,0.3414,-0.5075,0.0009,-127.8631,498.2355,AMZN190621P01760000
AMZN,1673.57,*,AMZN190621C01780000,,call,06/21/2019,11/29/2018,1780,137.47,135.3,144.6,1,309,0.3507,0.4782,0.0009,-172.1352,497.58,AMZN190621C01780000
AMZN,1673.57,*,AMZN190621P01780000,,put,06/21/2019,11/29/2018,1780,219.85,213.55,222.9,4,290,0.3405,-0.5255,0.0009,-126.1924,497.3035,AMZN190621P01780000
AMZN,1673.57,*,AMZN190621C01800000,,call,06/21/2019,11/29/2018,1800,137,127.25,135,33,1084,0.3476,0.46,0.0009,-169.6883,495.8116,AMZN190621C01800000
AMZN,1673.57,*,AMZN190621P01800000,,put,06/21/2019,11/29/2018,1800,252.2,225.8,235.1,0,1000,0.34,-0.5432,0.0009,-124.4046,495.398,AMZN190621P01800000
AMZN,1673.57,*,AMZN190621C01820000,,call,06/21/2019,11/29/2018,1820,124.65,120.1,129.3,12,268,0.3487,0.4436,0.0009,-168.9095,493.3347,AMZN190621C01820000
AMZN,1673.57,*,AMZN190621P01820000,,put,06/21/2019,11/29/2018,1820,242,238.5,247.65,2,230,0.3396,-0.5606,0.0009,-122.3803,492.5594,AMZN190621P01820000
AMZN,1673.57,*,AMZN190621C01840000,,call,06/21/2019,11/29/2018,1840,101.67,112.85,122.15,0,350,0.3475,0.4265,0.0009,-166.7823,489.8338,AMZN190621C01840000
AMZN,1673.57,*,AMZN190621P01840000,,put,06/21/2019,11/29/2018,1840,251.84,251,260.5,1,143,0.3386,-0.5781,0.0009,-119.7963,488.7484,AMZN190621P01840000
AMZN,1673.57,*,AMZN190621C01860000,,call,06/21/2019,11/29/2018,1860,100,107.95,113.95,0,248,0.3471,0.41,0.0009,-164.7858,485.5794,AMZN190621C01860000
AMZN,1673.57,*,AMZN190621P01860000,,put,06/21/2019,11/29/2018,1860,265.05,264.5,273.7,1,292,0.3384,-0.5949,0.0009,-117.3448,484.1701,AMZN190621P01860000
AMZN,1673.57,*,AMZN190621C01880000,,call,06/21/2019,11/29/2018,1880,105.36,102,107.05,1,205,0.3463,0.3935,0.0009,-162.3536,480.4699,AMZN190621C01880000
AMZN,1673.57,*,AMZN190621P01880000,,put,06/21/2019,11/29/2018,1880,395.6,278,287.35,0,247,0.338,-0.6114,0.0009,-114.5593,478.7581,AMZN190621P01880000
AMZN,1673.57,*,AMZN190621C01900000,,call,06/21/2019,11/29/2018,1900,101.5,95.95,101.9,83,884,0.3467,0.3781,0.0009,-160.3129,474.8842,AMZN190621C01900000
AMZN,1673.57,*,AMZN190621P01900000,,put,06/21/2019,11/29/2018,1900,300,292,301.35,0,522,0.338,-0.6274,0.0009,-111.7609,472.6916,AMZN190621P01900000
AMZN,1673.57,*,AMZN190621C01920000,,call,06/21/2019,11/29/2018,1920,88.33,90.05,95.15,0,324,0.3448,0.3616,0.0009,-156.8777,468.0186,AMZN190621C01920000
AMZN,1673.57,*,AMZN190621P01920000,,put,06/21/2019,11/29/2018,1920,420.05,306.5,315.65,0,121,0.3381,-0.6429,0.0009,-108.8211,465.9878,AMZN190621P01920000
AMZN,1673.57,*,AMZN190621C01940000,,call,06/21/2019,11/29/2018,1940,90.14,84.4,90.7,1,410,0.3451,0.3468,0.0009,-154.4051,461.1192,AMZN190621C01940000
AMZN,1673.57,*,AMZN190621P01940000,,put,06/21/2019,11/29/2018,1940,376.05,321.55,330.35,0,158,0.3388,-0.6576,0.0009,-106.0299,458.8982,AMZN190621P01940000
AMZN,1673.57,*,AMZN190621C01945000,,call,06/21/2019,11/29/2018,1945,86.45,83.15,89.4,2,207,0.3451,0.3431,0.0009,-153.7217,459.2845,AMZN190621C01945000
AMZN,1673.57,*,AMZN190621P01945000,,put,06/21/2019,11/29/2018,1945,457,325,334.05,0,207,0.3385,-0.6616,0.0009,-105.0513,456.8691,AMZN190621P01945000
AMZN,1673.57,*,AMZN190621C01955000,,call,06/21/2019,11/29/2018,1955,87.5,80.5,86.75,2,220,0.3447,0.3356,0.0008,-152.108,455.3626,AMZN190621C01955000
AMZN,1673.57,*,AMZN190621P01955000,,put,06/21/2019,11/29/2018,1955,381.75,332.5,341.55,0,72,0.3387,-0.6688,0.0009,-103.4981,453.0076,AMZN190621P01955000
AMZN,1673.57,*,AMZN190621C01960000,,call,06/21/2019,11/29/2018,1960,85,79.1,85.5,2,351,0.3444,0.3317,0.0008,-151.2307,453.3058,AMZN190621C01960000
AMZN,1673.57,*,AMZN190621P01960000,,put,06/21/2019,11/29/2018,1960,385.85,336,345.3,0,175,0.3385,-0.6726,0.0009,-102.5434,450.907,AMZN190621P01960000
AMZN,1673.57,*,AMZN190621C01965000,,call,06/21/2019,11/29/2018,1965,82.13,77,84.25,0,64,0.3433,0.3273,0.0008,-149.9025,450.8801,AMZN190621C01965000
AMZN,1673.57,*,AMZN190621P01965000,,put,06/21/2019,11/29/2018,1965,482.45,340,349.1,0,11,0.3388,-0.676,0.0008,-101.855,448.9843,AMZN190621P01965000
AMZN,1673.57,*,AMZN190621C01975000,,call,06/21/2019,11/29/2018,1975,65.9,74.5,81.75,0,304,0.343,0.32,0.0008,-148.2582,446.6824,AMZN190621C01975000
AMZN,1673.57,*,AMZN190621P01975000,,put,06/21/2019,11/29/2018,1975,491.15,347.5,356.75,0,67,0.3389,-0.6831,0.0008,-100.1782,444.8434,AMZN190621P01975000
AMZN,1673.57,*,AMZN190621C01980000,,call,06/21/2019,11/29/2018,1980,80.05,73.35,80.55,1,308,0.3429,0.3164,0.0008,-147.4504,444.5564,AMZN190621C01980000
AMZN,1673.57,*,AMZN190621P01980000,,put,06/21/2019,11/29/2018,1980,424.18,351.5,360.55,0,99,0.3391,-0.6865,0.0008,-99.4118,442.8014,AMZN190621P01980000
AMZN,1673.57,*,AMZN190621C01985000,,call,06/21/2019,11/29/2018,1985,63.75,72.35,79.35,0,156,0.343,0.313,0.0008,-146.7462,442.4932,AMZN190621C01985000
AMZN,1673.57,*,AMZN190621P01985000,,put,06/21/2019,11/29/2018,1985,473.44,355.5,364.45,0,9,0.3394,-0.6898,0.0008,-98.6947,440.7847,AMZN190621P01985000
AMZN,1673.57,*,AMZN190621C01995000,,call,06/21/2019,11/29/2018,1995,78.35,70.45,77.1,50,163,0.3433,0.3063,0.0008,-145.3729,438.3429,AMZN190621C01995000
AMZN,1673.57,*,AMZN190621P01995000,,put,06/21/2019,11/29/2018,1995,442.5,363,372.2,0,13,0.3394,-0.6968,0.0008,-96.9017,436.3886,AMZN190621P01995000
AMZN,1673.57,*,AMZN190621C02000000,,call,06/21/2019,11/29/2018,2000,73,72,76.1,91,2031,0.3464,0.3053,0.0008,-146.3503,437.7098,AMZN190621C02000000
AMZN,1673.57,*,AMZN190621P02000000,,put,06/21/2019,11/29/2018,2000,380.57,367,376.05,0,411,0.3395,-0.7002,0.0008,-96.0514,434.2037,AMZN190621P02000000
AMZN,1673.57,*,AMZN190621C02005000,,call,06/21/2019,11/29/2018,2005,72.1,67.25,74.85,0,63,0.342,0.2984,0.0008,-143.06,433.2699,AMZN190621C02005000
AMZN,1673.57,*,AMZN190621P02005000,,put,06/21/2019,11/29/2018,2005,451.15,371,380.05,0,35,0.3398,-0.7033,0.0008,-95.3091,432.1036,AMZN190621P02005000
AMZN,1673.57,*,AMZN190621C02015000,,call,06/21/2019,11/29/2018,2015,35,64.95,72.6,0,69,0.3415,0.2913,0.0008,-141.168,428.4679,AMZN190621C02015000
AMZN,1673.57,*,AMZN190621P02015000,,put,06/21/2019,11/29/2018,2015,459.6,379,387.95,0,34,0.3403,-0.7097,0.0008,-93.7512,427.799,AMZN190621P02015000
AMZN,1673.57,*,AMZN190621C02025000,,call,06/21/2019,11/29/2018,2025,44.9,62.7,70.45,0,107,0.3412,0.2844,0.0008,-139.3623,423.6637,AMZN190621C02025000
AMZN,1673.57,*,AMZN190621P02025000,,put,06/21/2019,11/29/2018,2025,439.7,387,395.95,0,38,0.3407,-0.716,0.0008,-92.115,423.3715,AMZN190621P02025000
AMZN,1673.57,*,AMZN190621C02035000,,call,06/21/2019,11/29/2018,2035,66.33,60.85,68.45,12,76,0.3413,0.278,0.0008,-137.7652,419.0027,AMZN190621C02035000
AMZN,1673.57,*,AMZN190621P02035000,,put,06/21/2019,11/29/2018,2035,543.05,395,403.95,0,15,0.341,-0.7223,0.0008,-90.4008,418.8196,AMZN190621P02035000
AMZN,1673.57,*,AMZN190621C02045000,,call,06/21/2019,11/29/2018,2045,53.65,58.5,66.45,0,113,0.3407,0.2711,0.0008,-135.7346,413.822,AMZN190621C02045000
AMZN,1673.57,*,AMZN190621P02045000,,put,06/21/2019,11/29/2018,2045,549.2,403,411.3,0,71,0.3403,-0.7293,0.0008,-88.0779,413.5658,AMZN190621P02045000
AMZN,1673.57,*,AMZN190621C02055000,,call,06/21/2019,11/29/2018,2055,53.5,56.5,64.35,0,216,0.3407,0.2647,0.0008,-134.0363,408.9356,AMZN190621C02055000
AMZN,1673.57,*,AMZN190621P02055000,,put,06/21/2019,11/29/2018,2055,533.9,411.05,419.45,0,17,0.3406,-0.7353,0.0008,-86.3245,408.869,AMZN190621P02055000
AMZN,1673.57,*,AMZN190621C02065000,,call,06/21/2019,11/29/2018,2065,63.03,55,62.45,2,17,0.3407,0.2585,0.0008,-132.3206,403.9826,AMZN190621C02065000
AMZN,1673.57,*,AMZN190621P02065000,,put,06/21/2019,11/29/2018,2065,575.75,419.7,428.45,0,21,0.3426,-0.7398,0.0008,-85.5731,405.2903,AMZN190621P02065000
AMZN,1673.57,*,AMZN190621C02075000,,call,06/21/2019,11/29/2018,2075,54.6,52.75,60.55,0,30,0.34,0.2518,0.0008,-130.1673,398.4639,AMZN190621C02075000
AMZN,1673.57,*,AMZN190621P02075000,,put,06/21/2019,11/29/2018,2075,551.9,427.85,435.95,0,6,0.342,-0.7465,0.0007,-83.2562,399.8995,AMZN190621P02075000
AMZN,1673.57,*,AMZN190621C02085000,,call,06/21/2019,11/29/2018,2085,40.8,51,58.75,0,23,0.3399,0.2457,0.0007,-128.3588,393.3016,AMZN190621C02085000
AMZN,1673.57,*,AMZN190621P02085000,,put,06/21/2019,11/29/2018,2085,484.84,436,444.3,0,7,0.3423,-0.7522,0.0007,-81.4657,395.0853,AMZN190621P02085000
AMZN,1673.57,*,AMZN190621C02095000,,call,06/21/2019,11/29/2018,2095,32.74,49,57,0,40,0.3395,0.2395,0.0007,-126.3543,387.8515,AMZN190621C02095000
AMZN,1673.57,*,AMZN190621P02095000,,put,06/21/2019,11/29/2018,2095,603.4,444.5,452.7,0,13,0.343,-0.7575,0.0007,-79.9086,390.5395,AMZN190621P02095000
AMZN,1673.57,*,AMZN190621C02100000,,call,06/21/2019,11/29/2018,2100,55.5,48.75,56.25,42,897,0.3404,0.2374,0.0007,-126.0203,385.9688,AMZN190621C02100000
AMZN,1673.57,*,AMZN190621P02100000,,put,06/21/2019,11/29/2018,2100,588.15,448.5,456.95,0,69,0.343,-0.7604,0.0007,-78.9139,387.9921,AMZN190621P02100000
AMZN,1673.57,*,AMZN190621C02105000,,call,06/21/2019,11/29/2018,2105,51.64,47.3,55.35,15,35,0.3394,0.2336,0.0007,-124.5209,382.5774,AMZN190621C02105000
AMZN,1673.57,*,AMZN190621P02105000,,put,06/21/2019,11/29/2018,2105,600.8,453,461.2,0,8,0.3437,-0.7626,0.0007,-78.3453,385.981,AMZN190621P02105000
AMZN,1673.57,*,AMZN190621C02115000,,call,06/21/2019,11/29/2018,2115,52.7,45.6,53.65,15,37,0.3392,0.2277,0.0007,-122.6163,377.1767,AMZN190621C02115000
AMZN,1673.57,*,AMZN190621P02115000,,put,06/21/2019,11/29/2018,2115,603.15,461.5,469.7,0,10,0.3444,-0.7677,0.0007,-76.777,381.414,AMZN190621P02115000
AMZN,1673.57,*,AMZN190621C02125000,,call,06/21/2019,11/29/2018,2125,28.95,44.5,52.1,0,23,0.3399,0.2228,0.0007,-121.2616,372.4997,AMZN190621C02125000
AMZN,1673.57,*,AMZN190621P02125000,,put,06/21/2019,11/29/2018,2125,594.7,470,478.3,0,5,0.345,-0.7727,0.0007,-75.1431,376.7604,AMZN190621P02125000
AMZN,1673.57,*,AMZN190621C02135000,,call,06/21/2019,11/29/2018,2135,41.38,42.85,50.55,0,36,0.3398,0.2172,0.0007,-119.4069,367.1273,AMZN190621C02135000
AMZN,1673.57,*,AMZN190621P02135000,,put,06/21/2019,11/29/2018,2135,618.15,479,486.9,0,31,0.3463,-0.777,0.0007,-73.9404,372.6896,AMZN190621P02135000
AMZN,1673.57,*,AMZN190621C02145000,,call,06/21/2019,11/29/2018,2145,45.97,41.5,49.05,0,29,0.34,0.212,0.0007,-117.7351,361.9955,AMZN190621C02145000
AMZN,1673.57,*,AMZN190621P02145000,,put,06/21/2019,11/29/2018,2145,627.6,487.5,495.6,0,24,0.3469,-0.7819,0.0007,-72.3029,368.044,AMZN190621P02145000
AMZN,1673.57,*,AMZN190621C02155000,,call,06/21/2019,11/29/2018,2155,45.9,40.45,47.6,4,35,0.3401,0.2068,0.0007,-115.9986,356.7614,AMZN190621C02155000
AMZN,1673.57,*,AMZN190621P02155000,,put,06/21/2019,11/29/2018,2155,637.1,496,504.35,0,14,0.3474,-0.7867,0.0007,-70.6018,363.313,AMZN190621P02155000
AMZN,1673.57,*,AMZN190621C02165000,,call,06/21/2019,11/29/2018,2165,38,40,45.9,0,52,0.3411,0.2025,0.0007,-114.8279,352.361,AMZN190621C02165000
AMZN,1673.57,*,AMZN190621P02165000,,put,06/21/2019,11/29/2018,2165,640.8,505,513.15,0,30,0.3487,-0.7907,0.0007,-69.4022,359.2985,AMZN190621P02165000
AMZN,1673.57,*,AMZN190621C02175000,,call,06/21/2019,11/29/2018,2175,23.95,38.5,44.35,0,31,0.3402,0.1967,0.0007,-112.4609,346.1704,AMZN190621C02175000
AMZN,1673.57,*,AMZN190621P02175000,,put,06/21/2019,11/29/2018,2175,651.35,514,522.1,0,33,0.3501,-0.7945,0.0007,-68.2692,355.4056,AMZN190621P02175000
AMZN,1673.57,*,AMZN190621C02185000,,call,06/21/2019,11/29/2018,2185,40.45,36.5,42.3,2,13,0.3381,0.1898,0.0006,-109.3309,338.74,AMZN190621C02185000
AMZN,1673.57,*,AMZN190621P02185000,,put,06/21/2019,11/29/2018,2185,665.25,522.9,531,0,18,0.3512,-0.7985,0.0006,-66.9514,351.2729,AMZN190621P02185000
AMZN,1673.57,*,AMZN190621C02190000,,call,06/21/2019,11/29/2018,2190,27.05,36.55,42.5,0,25,0.3403,0.1893,0.0006,-109.8264,338.2392,AMZN190621C02190000
AMZN,1673.57,*,AMZN190621P02190000,,put,06/21/2019,11/29/2018,2190,670,527.15,536,0,20,0.3521,-0.8002,0.0006,-66.5152,349.5411,AMZN190621P02190000
AMZN,1673.57,*,AMZN190621C02195000,,call,06/21/2019,11/29/2018,2195,22.1,36,42,0,22,0.3406,0.1872,0.0006,-109.1189,335.8632,AMZN190621C02195000
AMZN,1673.57,*,AMZN190621P02195000,,put,06/21/2019,11/29/2018,2195,681.65,531.5,540.45,0,12,0.3525,-0.8022,0.0006,-65.7643,347.3559,AMZN190621P02195000
AMZN,1673.57,*,AMZN190621C02200000,,call,06/21/2019,11/29/2018,2200,40.1,35.5,41.25,26,849,0.3406,0.1848,0.0006,-108.2221,333.1901,AMZN190621C02200000
AMZN,1673.57,*,AMZN190621P02200000,,put,06/21/2019,11/29/2018,2200,551.25,536.55,544.95,4,66,0.3539,-0.8034,0.0006,-65.6479,346.1126,AMZN190621P02200000
AMZN,1673.57,*,AMZN190621C02205000,,call,06/21/2019,11/29/2018,2205,35,34.5,40.3,0,36,0.3395,0.1814,0.0006,-106.6263,329.3918,AMZN190621C02205000
AMZN,1673.57,*,AMZN190621P02205000,,put,06/21/2019,11/29/2018,2205,674.45,541.05,549.45,0,28,0.3545,-0.8052,0.0006,-65.0266,344.1344,AMZN190621P02205000
AMZN,1673.57,*,AMZN190621C02210000,,call,06/21/2019,11/29/2018,2210,20.3,34,40,0,35,0.3401,0.1796,0.0006,-106.1132,327.3313,AMZN190621C02210000
AMZN,1673.57,*,AMZN190621P02210000,,put,06/21/2019,11/29/2018,2210,683.3,545.3,553.45,0,20,0.354,-0.808,0.0006,-63.7082,341.1209,AMZN190621P02210000
AMZN,1673.57,*,AMZN190621C02215000,,call,06/21/2019,11/29/2018,2215,34.7,33.5,39.3,0,16,0.3401,0.1773,0.0006,-105.2195,324.6576,AMZN190621C02215000
AMZN,1673.57,*,AMZN190621P02215000,,put,06/21/2019,11/29/2018,2215,684.05,550,559.95,0,21,0.354,-0.8104,0.0006,-62.7075,338.5777,AMZN190621P02215000
AMZN,1673.57,*,AMZN190621C02225000,,call,06/21/2019,11/29/2018,2225,30.25,32.5,38.5,0,36,0.3409,0.1734,0.0006,-103.9474,320.1642,AMZN190621C02225000
AMZN,1673.57,*,AMZN190621P02225000,,put,06/21/2019,11/29/2018,2225,688.95,559,568.75,0,8,0.354,-0.8149,0.0006,-60.7083,333.4921,AMZN190621P02225000
AMZN,1673.57,*,AMZN190621C02230000,,call,06/21/2019,11/29/2018,2230,33.73,31.5,37.5,1,32,0.3395,0.1699,0.0006,-102.1649,316.0096,AMZN190621C02230000
AMZN,1673.57,*,AMZN190621P02230000,,put,06/21/2019,11/29/2018,2230,693.5,563.5,573.4,0,12,0.354,-0.8172,0.0006,-59.7101,330.9505,AMZN190621P02230000
AMZN,1673.57,*,AMZN190621C02235000,,call,06/21/2019,11/29/2018,2235,36.45,31,36.85,2,36,0.3395,0.1677,0.0006,-101.2778,313.3428,AMZN190621C02235000
AMZN,1673.57,*,AMZN190621P02235000,,put,06/21/2019,11/29/2018,2235,707.95,568.6,578.5,0,4,0.354,-0.8194,0.0006,-58.7131,328.4103,AMZN190621P02235000
AMZN,1673.57,*,AMZN190621C02245000,,call,06/21/2019,11/29/2018,2245,24.55,30.05,36,0,27,0.3401,0.1639,0.0006,-99.8933,308.6801,AMZN190621C02245000
AMZN,1673.57,*,AMZN190621P02245000,,put,06/21/2019,11/29/2018,2245,723.25,577.4,587.35,0,6,0.354,-0.8238,0.0006,-56.7229,323.3357,AMZN190621P02245000
AMZN,1673.57,*,AMZN190621C02255000,,call,06/21/2019,11/29/2018,2255,23.45,29,34.8,0,50,0.3398,0.1593,0.0006,-97.9426,303.0556,AMZN190621C02255000
AMZN,1673.57,*,AMZN190621P02255000,,put,06/21/2019,11/29/2018,2255,727.25,587.05,596.5,0,11,0.354,-0.8282,0.0006,-54.7385,318.2712,AMZN190621P02255000
AMZN,1673.57,*,AMZN190621C02265000,,call,06/21/2019,11/29/2018,2265,18.5,28,34,0,28,0.3402,0.1555,0.0006,-96.4493,298.2334,AMZN190621C02265000
AMZN,1673.57,*,AMZN190621P02265000,,put,06/21/2019,11/29/2018,2265,742.6,596,605.6,0,9,0.354,-0.8324,0.0006,-52.7611,313.2199,AMZN190621P02265000
AMZN,1673.57,*,AMZN190621C02270000,,call,06/21/2019,11/29/2018,2270,18.6,27.5,33.5,0,9,0.3403,0.1535,0.0006,-95.6426,295.7227,AMZN190621C02270000
AMZN,1673.57,*,AMZN190621P02270000,,put,06/21/2019,11/29/2018,2270,658.42,600.35,610.3,0,4,0.354,-0.8345,0.0006,-51.7752,310.7001,AMZN190621P02270000
AMZN,1673.57,*,AMZN190621C02275000,,call,06/21/2019,11/29/2018,2275,32,27,33,1,26,0.3402,0.1514,0.0006,-94.7109,292.9922,AMZN190621C02275000
AMZN,1673.57,*,AMZN190621P02275000,,put,06/21/2019,11/29/2018,2275,748,605.05,615,0,13,0.354,-0.8365,0.0006,-50.7914,308.1846,AMZN190621P02275000
AMZN,1673.57,*,AMZN190621C02285000,,call,06/21/2019,11/29/2018,2285,21.6,26.05,32,0,17,0.3402,0.1473,0.0005,-92.9841,287.7795,AMZN190621C02285000
AMZN,1673.57,*,AMZN190621P02285000,,put,06/21/2019,11/29/2018,2285,607.62,614.5,624.15,0,1,0.354,-0.8406,0.0005,-48.8302,303.1681,AMZN190621P02285000
AMZN,1673.57,*,AMZN190621C02290000,,call,06/21/2019,11/29/2018,2290,45.7,25.5,31.5,0,13,0.34,0.1452,0.0005,-91.9976,284.9524,AMZN190621C02290000
AMZN,1673.57,*,AMZN190621P02290000,,put,06/21/2019,11/29/2018,2290,381.7,619,628.9,0,1,0.354,-0.8426,0.0005,-47.8531,300.6677,AMZN190621P02290000
AMZN,1673.57,*,AMZN190621C02295000,,call,06/21/2019,11/29/2018,2295,17.3,25.05,31,0,13,0.34,0.1432,0.0005,-91.142,282.3643,AMZN190621C02295000
AMZN,1673.57,*,AMZN190621P02295000,,put,06/21/2019,11/29/2018,2295,775.8,623.65,633.5,0,1,0.354,-0.8446,0.0005,-46.8785,298.1729,AMZN190621P02295000
AMZN,1673.57,*,AMZN190621C02300000,,call,06/21/2019,11/29/2018,2300,29,24.55,30.5,88,621,0.3399,0.1412,0.0005,-90.2259,279.6673,AMZN190621C02300000
AMZN,1673.57,*,AMZN190621P02300000,,put,06/21/2019,11/29/2018,2300,725.4,628.5,638.1,0,134,0.354,-0.8465,0.0005,-45.9064,295.6842,AMZN190621P02300000
AMZN,1673.57,*,AMZN190621C02305000,,call,06/21/2019,11/29/2018,2305,23.17,24.5,30.45,0,47,0.3413,0.1405,0.0005,-90.2689,278.7438,AMZN190621C02305000
AMZN,1673.57,*,AMZN190621P02305000,,put,06/21/2019,11/29/2018,2305,774.4,633.15,643,0,2,0.354,-0.8485,0.0005,-44.937,293.2017,AMZN190621P02305000
AMZN,1673.57,*,AMZN190621C02310000,,call,06/21/2019,11/29/2018,2310,18.2,24,29.95,0,13,0.3411,0.1385,0.0005,-89.2954,275.9537,AMZN190621C02310000
AMZN,1673.57,*,AMZN190621P02310000,,put,06/21/2019,11/29/2018,2310,844.1,638,647.7,0,6,0.354,-0.8504,0.0005,-43.9702,290.7258,AMZN190621P02310000
AMZN,1673.57,*,AMZN190621C02315000,,call,06/21/2019,11/29/2018,2315,28.4,23.5,29.5,4,18,0.341,0.1365,0.0005,-88.3892,273.289,AMZN190621C02315000
AMZN,1673.57,*,AMZN190621P02315000,,put,06/21/2019,11/29/2018,2315,805.25,642.6,652.5,0,1,0.354,-0.8523,0.0005,-43.0063,288.2568,AMZN190621P02315000
AMZN,1673.57,*,AMZN190621C02325000,,call,06/21/2019,11/29/2018,2325,24.9,22.55,28.5,1,345,0.3406,0.1325,0.0005,-86.461,267.7449,AMZN190621C02325000
AMZN,1673.57,*,AMZN190621P02325000,,put,06/21/2019,11/29/2018,2325,396.6,652,661.7,0,1,0.354,-0.856,0.0005,-41.0874,283.3405,AMZN190621P02325000
AMZN,1673.57,*,AMZN190621C02330000,,call,06/21/2019,11/29/2018,2330,14.5,22,28,0,9,0.3402,0.1304,0.0005,-85.3762,264.7431,AMZN190621C02330000
AMZN,1673.57,*,AMZN190621P02330000,,put,06/21/2019,11/29/2018,2330,715.65,657,666.55,0,1,0.354,-0.8579,0.0005,-40.1324,280.8937,AMZN190621P02330000
AMZN,1673.57,*,AMZN190621C02335000,,call,06/21/2019,11/29/2018,2335,20.4,22,27.95,0,15,0.3416,0.1298,0.0005,-85.4355,263.9229,AMZN190621C02335000
AMZN,1673.57,*,AMZN190621P02335000,,put,06/21/2019,11/29/2018,2335,804.85,661.5,671.05,0,1,0.354,-0.8597,0.0005,-39.1806,278.4549,AMZN190621P02335000
AMZN,1673.57,*,AMZN190621C02345000,,call,06/21/2019,11/29/2018,2345,20,21,27,0,21,0.341,0.1258,0.0005,-83.4117,258.2167,AMZN190621C02345000
AMZN,1673.57,*,AMZN190621P02345000,,put,06/21/2019,11/29/2018,2345,548.6,671,680.65,0,4,0.354,-0.8633,0.0005,-37.2869,273.6022,AMZN190621P02345000
AMZN,1673.57,*,AMZN190621C02355000,,call,06/21/2019,11/29/2018,2355,24.7,20,26,3,157,0.3402,0.1217,0.0005,-81.2805,252.2961,AMZN190621C02355000
AMZN,1673.57,*,AMZN190621P02355000,,put,06/21/2019,11/29/2018,2355,673.1,680.6,690.5,0,0,0.354,-0.8668,0.0005,-35.4066,268.7843,AMZN190621P02355000
AMZN,1673.57,*,AMZN190621C02365000,,call,06/21/2019,11/29/2018,2365,16.75,19.5,23.35,0,42,0.3371,0.1157,0.0005,-77.7312,243.5389,AMZN190621C02365000
AMZN,1673.57,*,AMZN190621P02365000,,put,06/21/2019,11/29/2018,2365,656.8,690.15,700,0,4,0.354,-0.8702,0.0005,-33.5404,264.0031,AMZN190621P02365000
AMZN,1673.57,*,AMZN190621C02370000,,call,06/21/2019,11/29/2018,2370,23.65,19.5,24.5,1,28,0.3371,0.1141,0.0005,-76.9367,241.0964,AMZN190621C02370000
AMZN,1673.57,*,AMZN190621P02370000,,put,06/21/2019,11/29/2018,2370,726.2,695,704.65,0,2,0.354,-0.8719,0.0005,-32.6127,261.6268,AMZN190621P02370000
AMZN,1673.57,*,AMZN190621C02375000,,call,06/21/2019,11/29/2018,2375,22.6,19.5,24.4,0,20,0.3371,0.1125,0.0005,-76.1467,238.6667,AMZN190621C02375000
AMZN,1673.57,*,AMZN190621P02375000,,put,06/21/2019,11/29/2018,2375,541.55,700,709.5,0,3,0.354,-0.8735,0.0005,-31.6888,259.2603,AMZN190621P02375000
AMZN,1673.57,*,AMZN190621C02385000,,call,06/21/2019,11/29/2018,2385,22.85,18.55,23.5,1,65,0.3371,0.1093,0.0004,-74.5804,233.8466,AMZN190621C02385000
AMZN,1673.57,*,AMZN190621P02385000,,put,06/21/2019,11/29/2018,2385,469.95,709.5,719.15,0,10,0.354,-0.8768,0.0005,-29.8523,254.5575,AMZN190621P02385000
AMZN,1673.57,*,AMZN190621C02390000,,call,06/21/2019,11/29/2018,2390,21.2,18.6,23.5,0,60,0.3371,0.1078,0.0004,-73.8042,231.4564,AMZN190621C02390000
AMZN,1673.57,*,AMZN190621P02390000,,put,06/21/2019,11/29/2018,2390,686.9,714,723.95,0,4,0.354,-0.8784,0.0005,-28.9399,252.2217,AMZN190621P02390000
AMZN,1673.57,*,AMZN190621C02395000,,call,06/21/2019,11/29/2018,2395,20.75,18,22.95,0,23,0.3371,0.1062,0.0004,-73.0328,229.0798,AMZN190621C02395000
AMZN,1673.57,*,AMZN190621P02395000,,put,06/21/2019,11/29/2018,2395,788.7,719.05,729,0,58,0.354,-0.88,0.0005,-28.0314,249.8964,AMZN190621P02395000
AMZN,1673.57,*,AMZN190621C02400000,,call,06/21/2019,11/29/2018,2400,21.05,17.5,21.75,107,3629,0.3371,0.1047,0.0004,-72.2661,226.7169,AMZN190621C02400000
AMZN,1673.57,*,AMZN190621P02400000,,put,06/21/2019,11/29/2018,2400,819.15,724,733.6,0,131,0.354,-0.8816,0.0004,-27.1269,247.582,AMZN190621P02400000
AMZN,1673.57,*,AMZN190621C02405000,,call,06/21/2019,11/29/2018,2405,17.75,17.5,22.5,0,41,0.3371,0.1032,0.0004,-71.5042,224.3678,AMZN190621C02405000
AMZN,1673.57,*,AMZN190621P02405000,,put,06/21/2019,11/29/2018,2405,727.76,728.65,738.5,0,0,0.354,-0.8831,0.0004,-26.2265,245.2784,AMZN190621P02405000
AMZN,1673.57,*,AMZN190621C02410000,,call,06/21/2019,11/29/2018,2410,18.55,17,21.95,0,81,0.3371,0.1018,0.0004,-70.7472,222.0327,AMZN190621C02410000
AMZN,1673.57,*,AMZN190621P02410000,,put,06/21/2019,11/29/2018,2410,679.3,733.5,743.3,0,1,0.354,-0.8846,0.0004,-25.3302,242.9861,AMZN190621P02410000
AMZN,1673.57,*,AMZN190621C02415000,,call,06/21/2019,11/29/2018,2415,20.55,17,22,1,71,0.3371,0.1003,0.0004,-69.9951,219.7118,AMZN190621C02415000
AMZN,1673.57,*,AMZN190621P02415000,,put,06/21/2019,11/29/2018,2415,699.63,738.5,748.2,0,0,0.354,-0.8862,0.0004,-24.438,240.7049,AMZN190621P02415000
AMZN,1673.57,*,AMZN190621C02425000,,call,06/21/2019,11/29/2018,2425,11.74,16.15,21,0,32,0.3371,0.0975,0.0004,-68.5056,215.1129,AMZN190621C02425000
AMZN,1673.57,*,AMZN190621P02425000,,put,06/21/2019,11/29/2018,2425,653.19,748.05,758,0,4,0.354,-0.8892,0.0004,-22.6663,236.1772,AMZN190621P02425000
AMZN,1673.57,*,AMZN190621C02430000,,call,06/21/2019,11/29/2018,2430,36.4,16,21,0,64,0.3371,0.096,0.0004,-67.7683,212.8352,AMZN190621C02430000
AMZN,1673.57,*,AMZN190621P02430000,,put,06/21/2019,11/29/2018,2430,799.58,753.05,763,0,0,0.354,-0.8906,0.0004,-21.7868,233.9308,AMZN190621P02430000
AMZN,1673.57,*,AMZN190621C02435000,,call,06/21/2019,11/29/2018,2435,17.2,15.5,20.4,0,28,0.3371,0.0947,0.0004,-67.036,210.5722,AMZN190621C02435000
AMZN,1673.57,*,AMZN190621P02435000,,put,06/21/2019,11/29/2018,2435,750.8,758,767.65,3,3,0.354,-0.8921,0.0004,-20.9117,231.6964,AMZN190621P02435000
AMZN,1673.57,*,AMZN190621C02440000,,call,06/21/2019,11/29/2018,2440,15.9,15.5,20.4,0,50,0.3371,0.0933,0.0004,-66.3088,208.3239,AMZN190621C02440000
AMZN,1673.57,*,AMZN190621P02440000,,put,06/21/2019,11/29/2018,2440,592.84,763,772.65,0,0,0.354,-0.8935,0.0004,-20.0409,229.4739,AMZN190621P02440000
AMZN,1673.57,*,AMZN190621C02445000,,call,06/21/2019,11/29/2018,2445,18,14.5,18.35,1,47,0.3371,0.0919,0.0004,-65.5866,206.0905,AMZN190621C02445000
AMZN,1673.57,*,AMZN190621P02445000,,put,06/21/2019,11/29/2018,2445,728.65,767.5,777.5,0,0,0.354,-0.8949,0.0004,-19.1746,227.2636,AMZN190621P02445000
AMZN,1673.57,*,AMZN190621C02455000,,call,06/21/2019,11/29/2018,2455,10.17,14,17.8,0,34,0.3371,0.0893,0.0004,-64.1577,201.6687,AMZN190621C02455000
AMZN,1673.57,*,AMZN190621P02455000,,put,06/21/2019,11/29/2018,2455,749.4,777.5,787.15,0,1,0.354,-0.8977,0.0004,-17.4552,222.88,AMZN190621P02455000
AMZN,1673.57,*,AMZN190621C02460000,,call,06/21/2019,11/29/2018,2460,14.54,14.5,19.4,0,52,0.3371,0.088,0.0004,-63.4509,199.4805,AMZN190621C02460000
AMZN,1673.57,*,AMZN190621P02460000,,put,06/21/2019,11/29/2018,2460,752.7,782.5,792.2,0,0,0.354,-0.8991,0.0004,-16.6022,220.7068,AMZN190621P02460000
AMZN,1673.57,*,AMZN190621C02465000,,call,06/21/2019,11/29/2018,2465,10.6,14,18.9,0,38,0.3371,0.0867,0.0004,-62.7493,197.3076,AMZN190621C02465000
AMZN,1673.57,*,AMZN190621P02465000,,put,06/21/2019,11/29/2018,2465,791.15,787.5,797.05,0,0,0.354,-0.9004,0.0004,-15.7538,218.5463,AMZN190621P02465000
AMZN,1673.57,*,AMZN190621C02470000,,call,06/21/2019,11/29/2018,2470,14.85,15.7,17,0,44,0.3371,0.0855,0.0004,-62.0529,195.15,AMZN190621C02470000
AMZN,1673.57,*,AMZN190621P02470000,,put,06/21/2019,11/29/2018,2470,891,792.05,802,0,1,0.354,-0.9018,0.0004,-14.9099,216.3985,AMZN190621P02470000
AMZN,1673.57,*,AMZN190621C02475000,,call,06/21/2019,11/29/2018,2475,9.6,13.5,18.4,0,79,0.3371,0.0842,0.0004,-61.3617,193.0078,AMZN190621C02475000
AMZN,1673.57,*,AMZN190621P02475000,,put,06/21/2019,11/29/2018,2475,972.96,797.1,807,0,2,0.354,-0.9031,0.0004,-14.0706,214.2635,AMZN190621P02475000
AMZN,1673.57,*,AMZN190621C02480000,,call,06/21/2019,11/29/2018,2480,16,15.25,16.55,0,100,0.3371,0.083,0.0004,-60.6757,190.881,AMZN190621C02480000
AMZN,1673.57,*,AMZN190621P02480000,,put,06/21/2019,11/29/2018,2480,773.15,802,811.65,0,1,0.354,-0.9044,0.0004,-13.236,212.1415,AMZN190621P02480000
AMZN,1673.57,*,AMZN190621C02485000,,call,06/21/2019,11/29/2018,2485,22.1,13,17.9,0,53,0.3371,0.0818,0.0004,-59.9949,188.7698,AMZN190621C02485000
AMZN,1673.57,*,AMZN190621P02485000,,put,06/21/2019,11/29/2018,2485,778.4,806.65,816.6,0,0,0.354,-0.9057,0.0004,-12.406,210.0324,AMZN190621P02485000
AMZN,1673.57,*,AMZN190621C02490000,,call,06/21/2019,11/29/2018,2490,9.25,13,17.9,0,69,0.3371,0.0806,0.0004,-59.3194,186.6743,AMZN190621C02490000
AMZN,1673.57,*,AMZN190621P02490000,,put,06/21/2019,11/29/2018,2490,550.3,812,821.7,0,0,0.354,-0.9069,0.0004,-11.5806,207.9365,AMZN190621P02490000
AMZN,1673.57,*,AMZN190621C02495000,,call,06/21/2019,11/29/2018,2495,15.65,12.5,17.4,0,43,0.3371,0.0794,0.0004,-58.6492,184.5943,AMZN190621C02495000
AMZN,1673.57,*,AMZN190621P02495000,,put,06/21/2019,11/29/2018,2495,885,817,826.65,0,1,0.354,-0.9082,0.0004,-10.76,205.8537,AMZN190621P02495000
AMZN,1673.57,*,AMZN190621C02500000,,call,06/21/2019,11/29/2018,2500,14.95,12.5,17.4,2,1546,0.3371,0.0782,0.0003,-57.9842,182.5301,AMZN190621C02500000
AMZN,1673.57,*,AMZN190621P02500000,,put,06/21/2019,11/29/2018,2500,869,821.6,831.5,0,2,0.354,-0.9094,0.0004,-9.944,203.7842,AMZN190621P02500000
AMZN,1673.57,*,AMZN190621C02600000,,call,06/21/2019,11/29/2018,2600,8.45,8.5,13.4,0,880,0.3371,0.0578,0.0003,-45.7954,144.5804,AMZN190621C02600000
AMZN,1673.57,*,AMZN190621P02600000,,put,06/21/2019,11/29/2018,2600,705.4,921.05,931,0,8,0.354,-0.9313,0.0003,5.3661,165.2622,AMZN190621P02600000
AMZN,1673.57,*,AMZN190621C02700000,,call,06/21/2019,11/29/2018,2700,8.6,5.5,8.95,3,926,0.3371,0.0424,0.0002,-35.6748,112.9125,AMZN190621C02700000
AMZN,1673.57,*,AMZN190621P02700000,,put,06/21/2019,11/29/2018,2700,1177.97,1021.5,1031.15,0,1,0.354,-0.9483,0.0002,18.744,132.3052,AMZN190621P02700000
AMZN,1673.57,*,AMZN190621C02800000,,call,06/21/2019,11/29/2018,2800,4.7,5.9,7.15,0,282,0.3371,0.0309,0.0002,-27.46,87.1034,AMZN190621C02800000
AMZN,1673.57,*,AMZN190621P02800000,,put,06/21/2019,11/29/2018,2800,1081,1121.05,1131,0,0,0.354,-0.9613,0.0002,30.2754,104.7394,AMZN190621P02800000
AMZN,1673.57,*,AMZN190621C02900000,,call,06/21/2019,11/29/2018,2900,5,4.9,5.8,35,328,0.3371,0.0224,0.0001,-20.9173,66.4786,AMZN190621C02900000
AMZN,1673.57,*,AMZN190621P02900000,,put,06/21/2019,11/29/2018,2900,1213.21,1221.5,1231.2,2,0,0.354,-0.9712,0.0001,40.1312,82.1116,AMZN190621P02900000
AMZN,1673.57,*,AMZN190621C03000000,,call,06/21/2019,11/29/2018,3000,3.6,4,4.8,0,687,0.3371,0.0161,0.0001,-15.7893,50.2671,AMZN190621C03000000
AMZN,1673.57,*,AMZN190621P03000000,,put,06/21/2019,11/29/2018,3000,1011.32,1321.5,1331.15,0,0,0.354,-0.9787,0.0001,48.5229,63.8275,AMZN190621P03000000
AMZN,1673.57,*,AMZN190719C00760000,,call,07/19/2019,11/29/2018,760,0,928,937.75,0,0,0.5636,0.9781,0.0001,-47.482,69.5373,AMZN190719C00760000
AMZN,1673.57,*,AMZN190719P00760000,,put,07/19/2019,11/29/2018,760,2.75,0,5,0,6,0.427,-0.0056,0,-6.9392,21.3329,AMZN190719P00760000
AMZN,1673.57,*,AMZN190719C00780000,,call,07/19/2019,11/29/2018,780,0,908.5,918.25,0,0,0.5506,0.977,0.0001,-48.5495,72.6907,AMZN190719C00780000
AMZN,1673.57,*,AMZN190719P00780000,,put,07/19/2019,11/29/2018,780,0,0.15,5,0,0,0.4241,-0.0067,0,-8.0401,24.9117,AMZN190719P00780000
AMZN,1673.57,*,AMZN190719C00800000,,call,07/19/2019,11/29/2018,800,803,889.15,899,0,2,0.5404,0.9753,0.0001,-50.2095,77.0472,AMZN190719C00800000
AMZN,1673.57,*,AMZN190719P00800000,,put,07/19/2019,11/29/2018,800,2.83,1.24,5.25,0,23,0.4545,-0.0118,0.0001,-14.227,41.1611,AMZN190719P00800000
AMZN,1673.57,*,AMZN190719C00820000,,call,07/19/2019,11/29/2018,820,0,870.15,879.85,0,0,0.5337,0.973,0.0001,-52.7011,83.0914,AMZN190719C00820000
AMZN,1673.57,*,AMZN190719P00820000,,put,07/19/2019,11/29/2018,820,0,1.69,5.3,0,0,0.4496,-0.0134,0.0001,-15.6619,45.855,AMZN190719P00820000
AMZN,1673.57,*,AMZN190719C00840000,,call,07/19/2019,11/29/2018,840,0,851,860.8,0,0,0.5255,0.9708,0.0001,-54.8438,88.6848,AMZN190719C00840000
AMZN,1673.57,*,AMZN190719P00840000,,put,07/19/2019,11/29/2018,840,0,1.5,5.75,0,0,0.4363,-0.0139,0.0001,-15.61,47.1529,AMZN190719P00840000
AMZN,1673.57,*,AMZN190719C00860000,,call,07/19/2019,11/29/2018,860,0,832,841.8,0,0,0.5184,0.9682,0.0001,-57.2808,95.0146,AMZN190719C00860000
AMZN,1673.57,*,AMZN190719P00860000,,put,07/19/2019,11/29/2018,860,3.94,2,6.25,10,8,0.4344,-0.0161,0.0001,-17.6821,53.7052,AMZN190719P00860000
AMZN,1673.57,*,AMZN190719C00880000,,call,07/19/2019,11/29/2018,880,0,813,822.75,0,0,0.5105,0.9657,0.0001,-59.5179,101.1787,AMZN190719C00880000
AMZN,1673.57,*,AMZN190719P00880000,,put,07/19/2019,11/29/2018,880,0,2.5,6.75,0,0,0.4308,-0.0183,0.0001,-19.5523,59.9513,AMZN190719P00880000
AMZN,1673.57,*,AMZN190719C00900000,,call,07/19/2019,11/29/2018,900,0,793.7,803.4,0,0,0.4993,0.9638,0.0001,-60.8227,105.8013,AMZN190719C00900000
AMZN,1673.57,*,AMZN190719P00900000,,put,07/19/2019,11/29/2018,900,4.75,4,7.3,3,16,0.4357,-0.0225,0.0001,-23.4791,71.2577,AMZN190719P00900000
AMZN,1673.57,*,AMZN190719C00920000,,call,07/19/2019,11/29/2018,920,0,775,784.8,0,0,0.4943,0.9604,0.0001,-63.877,113.9296,AMZN190719C00920000
AMZN,1673.57,*,AMZN190719P00920000,,put,07/19/2019,11/29/2018,920,5.68,4.5,8.6,0,5,0.4335,-0.0256,0.0001,-26.0265,79.4853,AMZN190719P00920000
AMZN,1673.57,*,AMZN190719C00940000,,call,07/19/2019,11/29/2018,940,0,756,765.1,0,0,0.4832,0.9582,0.0001,-65.1444,118.9053,AMZN190719C00940000
AMZN,1673.57,*,AMZN190719P00940000,,put,07/19/2019,11/29/2018,940,6.87,4.95,9.3,0,20,0.427,-0.028,0.0001,-27.5932,85.6667,AMZN190719P00940000
AMZN,1673.57,*,AMZN190719C00960000,,call,07/19/2019,11/29/2018,960,0,737,746.25,0,0,0.475,0.9553,0.0001,-67.2463,125.6934,AMZN190719C00960000
AMZN,1673.57,*,AMZN190719P00960000,,put,07/19/2019,11/29/2018,960,7.3,5.8,10.35,0,5,0.4244,-0.0316,0.0001,-30.2481,94.6075,AMZN190719P00960000
AMZN,1673.57,*,AMZN190719C00980000,,call,07/19/2019,11/29/2018,980,0,718.5,727.95,0,0,0.4706,0.9511,0.0002,-70.5394,135.0183,AMZN190719C00980000
AMZN,1673.57,*,AMZN190719P00980000,,put,07/19/2019,11/29/2018,980,0,6.65,10.3,0,0,0.4159,-0.0339,0.0001,-31.3461,100.1938,AMZN190719P00980000
AMZN,1673.57,*,AMZN190719C01000000,,call,07/19/2019,11/29/2018,1000,600,699.5,708.65,0,1,0.4604,0.9483,0.0002,-71.9873,141.0589,AMZN190719C01000000
AMZN,1673.57,*,AMZN190719P01000000,,put,07/19/2019,11/29/2018,1000,8.8,7.2,12,6,14,0.4128,-0.0378,0.0001,-34.0114,109.6849,AMZN190719P01000000
AMZN,1673.57,*,AMZN190719C01020000,,call,07/19/2019,11/29/2018,1020,0,681,690.15,0,0,0.4544,0.9442,0.0002,-74.7839,149.9674,AMZN190719C01020000
AMZN,1673.57,*,AMZN190719P01020000,,put,07/19/2019,11/29/2018,1020,23,8.7,13,0,1,0.4109,-0.0425,0.0002,-37.1455,120.5192,AMZN190719P01020000
AMZN,1673.57,*,AMZN190719C01040000,,call,07/19/2019,11/29/2018,1040,0,662.5,671.8,0,0,0.4489,0.9396,0.0002,-77.763,159.5069,AMZN190719C01040000
AMZN,1673.57,*,AMZN190719P01040000,,put,07/19/2019,11/29/2018,1040,11,9.8,14.5,1,0,0.4079,-0.0471,0.0002,-40.0483,131.0921,AMZN190719P01040000
AMZN,1673.57,*,AMZN190719C01060000,,call,07/19/2019,11/29/2018,1060,0,644,653.5,0,0,0.4425,0.9351,0.0002,-80.4406,168.7555,AMZN190719C01060000
AMZN,1673.57,*,AMZN190719P01060000,,put,07/19/2019,11/29/2018,1060,12.27,11.1,15.5,1,2,0.4032,-0.0516,0.0002,-42.4729,140.8794,AMZN190719P01060000
AMZN,1673.57,*,AMZN190719C01080000,,call,07/19/2019,11/29/2018,1080,0,626,635.45,0,0,0.4379,0.9297,0.0002,-83.7575,179.5201,AMZN190719C01080000
AMZN,1673.57,*,AMZN190719P01080000,,put,07/19/2019,11/29/2018,1080,0,12.5,17,0,0,0.3998,-0.0568,0.0002,-45.3838,152.0671,AMZN190719P01080000
AMZN,1673.57,*,AMZN190719C01100000,,call,07/19/2019,11/29/2018,1100,0,608,617.45,0,0,0.4329,0.9241,0.0002,-86.9436,190.3282,AMZN190719C01100000
AMZN,1673.57,*,AMZN190719P01100000,,put,07/19/2019,11/29/2018,1100,16.4,14.1,18.5,2,0,0.3963,-0.0624,0.0002,-48.3206,163.6208,AMZN190719P01100000
AMZN,1673.57,*,AMZN190719C01120000,,call,07/19/2019,11/29/2018,1120,464.9,590,599.6,0,2,0.4277,0.9183,0.0003,-90.0571,201.3011,AMZN190719C01120000
AMZN,1673.57,*,AMZN190719P01120000,,put,07/19/2019,11/29/2018,1120,0,15.85,20.5,0,0,0.3939,-0.0688,0.0003,-51.7053,176.459,AMZN190719P01120000
AMZN,1673.57,*,AMZN190719C01140000,,call,07/19/2019,11/29/2018,1140,0,572.5,581.95,0,0,0.4237,0.9117,0.0003,-93.6169,213.3951,AMZN190719C01140000
AMZN,1673.57,*,AMZN190719P01140000,,put,07/19/2019,11/29/2018,1140,18.85,17.75,22.5,0,11,0.3911,-0.0754,0.0003,-55.0011,189.4011,AMZN190719P01140000
AMZN,1673.57,*,AMZN190719C01160000,,call,07/19/2019,11/29/2018,1160,420.5,555,564.45,0,1,0.4195,0.9047,0.0003,-97.0974,225.6282,AMZN190719C01160000
AMZN,1673.57,*,AMZN190719P01160000,,put,07/19/2019,11/29/2018,1160,20.96,19.5,24.5,4,2,0.3871,-0.082,0.0003,-57.8833,201.7865,AMZN190719P01160000
AMZN,1673.57,*,AMZN190719C01180000,,call,07/19/2019,11/29/2018,1180,0,537.5,547.15,0,0,0.415,0.8976,0.0003,-100.4462,237.9138,AMZN190719C01180000
AMZN,1673.57,*,AMZN190719P01180000,,put,07/19/2019,11/29/2018,1180,44.12,21.15,27,0,2,0.3834,-0.0891,0.0003,-60.8916,214.7656,AMZN190719P01180000
AMZN,1673.57,*,AMZN190719C01200000,,call,07/19/2019,11/29/2018,1200,0,520.5,530.05,0,0,0.4115,0.8896,0.0003,-104.1609,251.1109,AMZN190719C01200000
AMZN,1673.57,*,AMZN190719P01200000,,put,07/19/2019,11/29/2018,1200,24.5,23.55,29.5,3,51,0.3807,-0.0971,0.0003,-64.2944,228.8573,AMZN190719P01200000
AMZN,1673.57,*,AMZN190719C01220000,,call,07/19/2019,11/29/2018,1220,0,503.5,512.8,0,0,0.407,0.8817,0.0004,-107.4477,263.8429,AMZN190719C01220000
AMZN,1673.57,*,AMZN190719P01220000,,put,07/19/2019,11/29/2018,1220,28.2,26.05,32,5,5,0.3776,-0.1054,0.0004,-67.5412,242.9283,AMZN190719P01220000
AMZN,1673.57,*,AMZN190719C01240000,,call,07/19/2019,11/29/2018,1240,480.35,487,496.3,1,0,0.4047,0.8724,0.0004,-111.5656,278.1779,AMZN190719C01240000
AMZN,1673.57,*,AMZN190719P01240000,,put,07/19/2019,11/29/2018,1240,31.05,29.95,33.7,3,2,0.375,-0.1144,0.0004,-70.972,257.6293,AMZN190719P01240000
AMZN,1673.57,*,AMZN190719C01260000,,call,07/19/2019,11/29/2018,1260,0,470.1,479.95,0,0,0.4006,0.8635,0.0004,-114.9091,291.4765,AMZN190719C01260000
AMZN,1673.57,*,AMZN190719P01260000,,put,07/19/2019,11/29/2018,1260,0,32.9,38.5,0,0,0.3754,-0.1253,0.0004,-75.5863,274.6867,AMZN190719P01260000
AMZN,1673.57,*,AMZN190719C01280000,,call,07/19/2019,11/29/2018,1280,0,454.1,463.2,0,0,0.3973,0.8538,0.0004,-118.5042,305.3659,AMZN190719C01280000
AMZN,1673.57,*,AMZN190719P01280000,,put,07/19/2019,11/29/2018,1280,41.49,36.4,40.15,1,13,0.3704,-0.1341,0.0004,-77.9793,287.9828,AMZN190719P01280000
AMZN,1673.57,*,AMZN190719C01300000,,call,07/19/2019,11/29/2018,1300,0,438.05,447.45,0,0,0.3943,0.8435,0.0005,-122.1385,319.4639,AMZN190719C01300000
AMZN,1673.57,*,AMZN190719P01300000,,put,07/19/2019,11/29/2018,1300,63.25,39.05,45,0,146,0.3687,-0.145,0.0005,-81.6472,303.6955,AMZN190719P01300000
AMZN,1673.57,*,AMZN190719C01320000,,call,07/19/2019,11/29/2018,1320,0,422.2,431.7,0,0,0.3911,0.8329,0.0005,-125.5956,333.4307,AMZN190719C01320000
AMZN,1673.57,*,AMZN190719P01320000,,put,07/19/2019,11/29/2018,1320,44,41.55,49.6,2,1,0.3656,-0.1557,0.0005,-84.667,318.4927,AMZN190719P01320000
AMZN,1673.57,*,AMZN190719C01340000,,call,07/19/2019,11/29/2018,1340,0,407.3,416.15,0,0,0.3889,0.8214,0.0005,-129.3467,347.8445,AMZN190719C01340000
AMZN,1673.57,*,AMZN190719P01340000,,put,07/19/2019,11/29/2018,1340,47.7,45.7,54.05,1,3,0.3641,-0.1677,0.0005,-88.2454,334.2539,AMZN190719P01340000
AMZN,1673.57,*,AMZN190719C01360000,,call,07/19/2019,11/29/2018,1360,270.35,392,400.75,0,1,0.3858,0.8099,0.0005,-132.6078,361.6599,AMZN190719C01360000
AMZN,1673.57,*,AMZN190719P01360000,,put,07/19/2019,11/29/2018,1360,79.65,50.1,58.5,0,1,0.3622,-0.18,0.0005,-91.5473,349.6167,AMZN190719P01360000
AMZN,1673.57,*,AMZN190719C01380000,,call,07/19/2019,11/29/2018,1380,0,377,385.75,0,0,0.3831,0.7978,0.0006,-135.8899,375.4834,AMZN190719C01380000
AMZN,1673.57,*,AMZN190719P01380000,,put,07/19/2019,11/29/2018,1380,80,54.8,63.35,0,2,0.3605,-0.1929,0.0006,-94.7993,364.8701,AMZN190719P01380000
AMZN,1673.57,*,AMZN190719C01400000,,call,07/19/2019,11/29/2018,1400,0,362.3,371.15,0,0,0.3806,0.7852,0.0006,-139.0968,389.1389,AMZN190719C01400000
AMZN,1673.57,*,AMZN190719P01400000,,put,07/19/2019,11/29/2018,1400,62.65,59.8,68.35,2,13,0.3587,-0.2061,0.0006,-97.8609,379.7799,AMZN190719P01400000
AMZN,1673.57,*,AMZN190719C01420000,,call,07/19/2019,11/29/2018,1420,0,347.85,356.75,0,0,0.378,0.7721,0.0006,-142.0931,402.4426,AMZN190719C01420000
AMZN,1673.57,*,AMZN190719P01420000,,put,07/19/2019,11/29/2018,1420,68,65.1,73.35,1,1,0.3565,-0.2197,0.0006,-100.594,394.167,AMZN190719P01420000
AMZN,1673.57,*,AMZN190719C01440000,,call,07/19/2019,11/29/2018,1440,0,333.2,342.7,0,0,0.375,0.7589,0.0006,-144.746,415.2576,AMZN190719C01440000
AMZN,1673.57,*,AMZN190719P01440000,,put,07/19/2019,11/29/2018,1440,76.07,70.7,79.25,1,2,0.3551,-0.234,0.0006,-103.466,408.4657,AMZN190719P01440000
AMZN,1673.57,*,AMZN190719C01460000,,call,07/19/2019,11/29/2018,1460,235,319.2,328.7,0,1,0.3723,0.7451,0.0006,-147.3211,427.769,AMZN190719C01460000
AMZN,1673.57,*,AMZN190719P01460000,,put,07/19/2019,11/29/2018,1460,86,76.65,85.2,1,4,0.3534,-0.2486,0.0007,-106.0167,422.1412,AMZN190719P01460000
AMZN,1673.57,*,AMZN190719C01470000,,call,07/19/2019,11/29/2018,1470,216,312.5,321.95,0,1,0.3713,0.7379,0.0007,-148.6687,433.9431,AMZN190719C01470000
AMZN,1673.57,*,AMZN190719P01470000,,put,07/19/2019,11/29/2018,1470,84.77,80.25,88.2,1,2,0.3531,-0.2563,0.0007,-107.4309,428.9361,AMZN190719P01470000
AMZN,1673.57,*,AMZN190719C01475000,,call,07/19/2019,11/29/2018,1475,306.5,309.1,318.6,1,0,0.3707,0.7343,0.0007,-149.2825,436.9548,AMZN190719C01475000
AMZN,1673.57,*,AMZN190719P01475000,,put,07/19/2019,11/29/2018,1475,119.7,82.05,89.85,0,4,0.353,-0.2601,0.0007,-108.1366,432.2828,AMZN190719P01475000
AMZN,1673.57,*,AMZN190719C01480000,,call,07/19/2019,11/29/2018,1480,251.94,305.9,315.25,0,8,0.3703,0.7307,0.0007,-149.9613,439.9803,AMZN190719C01480000
AMZN,1673.57,*,AMZN190719P01480000,,put,07/19/2019,11/29/2018,1480,116.16,82.9,91.45,0,38,0.3518,-0.2637,0.0007,-108.3915,435.2824,AMZN190719P01480000
AMZN,1673.57,*,AMZN190719C01485000,,call,07/19/2019,11/29/2018,1485,260.95,302.5,311.95,0,0,0.3696,0.7271,0.0007,-150.5079,442.9008,AMZN190719C01485000
AMZN,1673.57,*,AMZN190719P01485000,,put,07/19/2019,11/29/2018,1485,0,84.6,93.05,0,0,0.3514,-0.2675,0.0007,-108.9498,438.4711,AMZN190719P01485000
AMZN,1673.57,*,AMZN190719C01490000,,call,07/19/2019,11/29/2018,1490,212.37,299.4,308.65,0,2,0.3693,0.7234,0.0007,-151.1976,445.8742,AMZN190719C01490000
AMZN,1673.57,*,AMZN190719P01490000,,put,07/19/2019,11/29/2018,1490,93.95,86.15,94.5,0,1,0.3507,-0.2712,0.0007,-109.3748,441.5436,AMZN190719P01490000
AMZN,1673.57,*,AMZN190719C01495000,,call,07/19/2019,11/29/2018,1495,0,296,305.4,0,0,0.3687,0.7197,0.0007,-151.7548,448.7449,AMZN190719C01495000
AMZN,1673.57,*,AMZN190719P01495000,,put,07/19/2019,11/29/2018,1495,0,87.85,96.35,0,0,0.3506,-0.2752,0.0007,-110.0223,444.7262,AMZN190719P01495000
AMZN,1673.57,*,AMZN190719C01500000,,call,07/19/2019,11/29/2018,1500,275,292.85,302.05,0,10,0.3681,0.716,0.0007,-152.2975,451.5794,AMZN190719C01500000
AMZN,1673.57,*,AMZN190719P01500000,,put,07/19/2019,11/29/2018,1500,96.16,89.7,95.85,1,138,0.3479,-0.2784,0.0007,-109.6282,447.2568,AMZN190719P01500000
AMZN,1673.57,*,AMZN190719C01505000,,call,07/19/2019,11/29/2018,1505,0,289.5,298.95,0,0,0.3676,0.7123,0.0007,-152.8647,454.3953,AMZN190719C01505000
AMZN,1673.57,*,AMZN190719P01505000,,put,07/19/2019,11/29/2018,1505,98.15,91.35,99.7,0,1,0.3499,-0.283,0.0007,-111.0743,450.8338,AMZN190719P01505000
AMZN,1673.57,*,AMZN190719C01510000,,call,07/19/2019,11/29/2018,1510,203.95,286.4,295.7,0,1,0.3672,0.7085,0.0007,-153.456,457.1889,AMZN190719C01510000
AMZN,1673.57,*,AMZN190719P01510000,,put,07/19/2019,11/29/2018,1510,96.95,93.1,101.4,0,13,0.3495,-0.287,0.0007,-111.5576,453.8099,AMZN190719P01510000
AMZN,1673.57,*,AMZN190719C01515000,,call,07/19/2019,11/29/2018,1515,195.79,283,292.5,0,2,0.3664,0.7048,0.0007,-153.8757,459.8736,AMZN190719C01515000
AMZN,1673.57,*,AMZN190719P01515000,,put,07/19/2019,11/29/2018,1515,97.36,94.75,103.25,0,1,0.3491,-0.2909,0.0007,-112.0253,456.741,AMZN190719P01515000
AMZN,1673.57,*,AMZN190719C01520000,,call,07/19/2019,11/29/2018,1520,280,280,289.35,0,20,0.3661,0.7009,0.0007,-154.4756,462.6011,AMZN190719C01520000
AMZN,1673.57,*,AMZN190719P01520000,,put,07/19/2019,11/29/2018,1520,100.55,96.5,105,0,50,0.3487,-0.2949,0.0007,-112.4773,459.6263,AMZN190719P01520000
AMZN,1673.57,*,AMZN190719C01525000,,call,07/19/2019,11/29/2018,1525,241.22,276.9,286.2,0,3,0.3657,0.6971,0.0007,-155.0209,465.2681,AMZN190719C01525000
AMZN,1673.57,*,AMZN190719P01525000,,put,07/19/2019,11/29/2018,1525,0,98.35,106.8,0,0,0.3484,-0.2989,0.0007,-112.9525,462.4824,AMZN190719P01525000
AMZN,1673.57,*,AMZN190719C01530000,,call,07/19/2019,11/29/2018,1530,238.35,273.55,283.05,0,2,0.3649,0.6933,0.0007,-155.3945,467.8349,AMZN190719C01530000
AMZN,1673.57,*,AMZN190719P01530000,,put,07/19/2019,11/29/2018,1530,171.4,100.15,108.5,0,41,0.3479,-0.3029,0.0008,-113.3333,465.256,AMZN190719P01530000
AMZN,1673.57,*,AMZN190719C01535000,,call,07/19/2019,11/29/2018,1535,187.99,270.5,279.95,0,2,0.3645,0.6894,0.0007,-155.9085,470.4156,AMZN190719C01535000
AMZN,1673.57,*,AMZN190719P01535000,,put,07/19/2019,11/29/2018,1535,0,102.05,110.4,0,0,0.3476,-0.307,0.0008,-113.7761,468.0142,AMZN190719P01535000
AMZN,1673.57,*,AMZN190719C01540000,,call,07/19/2019,11/29/2018,1540,180.6,267.5,276.9,0,36,0.3641,0.6855,0.0007,-156.4065,472.9503,AMZN190719C01540000
AMZN,1673.57,*,AMZN190719P01540000,,put,07/19/2019,11/29/2018,1540,109.54,103.75,112.45,6,5,0.3473,-0.311,0.0008,-114.2025,470.7214,AMZN190719P01540000
AMZN,1673.57,*,AMZN190719C01545000,,call,07/19/2019,11/29/2018,1545,175,264.4,273.6,0,2,0.3633,0.6817,0.0007,-156.7327,475.3931,AMZN190719C01545000
AMZN,1673.57,*,AMZN190719P01545000,,put,07/19/2019,11/29/2018,1545,129.95,105.8,114.5,0,6,0.3473,-0.3152,0.0008,-114.7295,473.417,AMZN190719P01545000
AMZN,1673.57,*,AMZN190719C01550000,,call,07/19/2019,11/29/2018,1550,177.82,261.5,270.8,0,11,0.3632,0.6777,0.0007,-157.3152,477.8687,AMZN190719C01550000
AMZN,1673.57,*,AMZN190719P01550000,,put,07/19/2019,11/29/2018,1550,125.1,107.7,116.5,0,14,0.347,-0.3193,0.0008,-115.1224,476.0169,AMZN190719P01550000
AMZN,1673.57,*,AMZN190719C01555000,,call,07/19/2019,11/29/2018,1555,194,258.4,267.85,0,2,0.3627,0.6738,0.0007,-157.7257,480.2527,AMZN190719C01555000
AMZN,1673.57,*,AMZN190719P01555000,,put,07/19/2019,11/29/2018,1555,145.5,109.65,118.55,0,9,0.3468,-0.3234,0.0008,-115.5375,478.5751,AMZN190719P01555000
AMZN,1673.57,*,AMZN190719C01560000,,call,07/19/2019,11/29/2018,1560,185.87,255.4,264.85,0,1,0.3622,0.6699,0.0008,-158.1198,482.5898,AMZN190719C01560000
AMZN,1673.57,*,AMZN190719P01560000,,put,07/19/2019,11/29/2018,1560,0,111.6,119.75,0,0,0.3457,-0.3274,0.0008,-115.5843,480.9819,AMZN190719P01560000
AMZN,1673.57,*,AMZN190719C01565000,,call,07/19/2019,11/29/2018,1565,0,252.4,261.6,0,0,0.3614,0.6659,0.0008,-158.3807,484.855,AMZN190719C01565000
AMZN,1673.57,*,AMZN190719P01565000,,put,07/19/2019,11/29/2018,1565,0,113.6,121.8,0,0,0.3455,-0.3316,0.0008,-115.9653,483.4363,AMZN190719P01565000
AMZN,1673.57,*,AMZN190719C01570000,,call,07/19/2019,11/29/2018,1570,196,249.4,258.7,0,3,0.361,0.662,0.0008,-158.7805,487.1059,AMZN190719C01570000
AMZN,1673.57,*,AMZN190719P01570000,,put,07/19/2019,11/29/2018,1570,140.51,115.6,124.5,0,2,0.3459,-0.3359,0.0008,-116.5629,485.8869,AMZN190719P01570000
AMZN,1673.57,*,AMZN190719C01575000,,call,07/19/2019,11/29/2018,1575,188.27,246.5,255.75,0,3,0.3605,0.658,0.0008,-159.1246,489.2997,AMZN190719C01575000
AMZN,1673.57,*,AMZN190719P01575000,,put,07/19/2019,11/29/2018,1575,0,117.6,125.7,0,0,0.3447,-0.3399,0.0008,-116.5193,488.1413,AMZN190719P01575000
AMZN,1673.57,*,AMZN190719C01580000,,call,07/19/2019,11/29/2018,1580,220,243.6,252.9,0,1,0.3601,0.6539,0.0008,-159.4907,491.4499,AMZN190719C01580000
AMZN,1673.57,*,AMZN190719P01580000,,put,07/19/2019,11/29/2018,1580,176.78,119.65,127.95,0,1,0.3446,-0.3441,0.0008,-116.8872,490.4337,AMZN190719P01580000
AMZN,1673.57,*,AMZN190719C01585000,,call,07/19/2019,11/29/2018,1585,0,240.8,250.2,0,0,0.3599,0.6499,0.0008,-159.9176,493.559,AMZN190719C01585000
AMZN,1673.57,*,AMZN190719P01585000,,put,07/19/2019,11/29/2018,1585,147,121.7,130.65,0,1,0.3449,-0.3484,0.0008,-117.3932,492.6914,AMZN190719P01585000
AMZN,1673.57,*,AMZN190719C01590000,,call,07/19/2019,11/29/2018,1590,0,237.9,247.15,0,0,0.3592,0.6459,0.0008,-160.1331,495.5906,AMZN190719C01590000
AMZN,1673.57,*,AMZN190719P01590000,,put,07/19/2019,11/29/2018,1590,0,126.85,130.35,0,0,0.3452,-0.3527,0.0008,-117.8817,494.8821,AMZN190719P01590000
AMZN,1673.57,*,AMZN190719C01595000,,call,07/19/2019,11/29/2018,1595,0,235,244.3,0,0,0.3587,0.6418,0.0008,-160.4092,497.5813,AMZN190719C01595000
AMZN,1673.57,*,AMZN190719P01595000,,put,07/19/2019,11/29/2018,1595,188.42,125.95,134.85,0,1,0.3443,-0.3569,0.0008,-117.8848,496.9475,AMZN190719P01595000
AMZN,1673.57,*,AMZN190719C01600000,,call,07/19/2019,11/29/2018,1600,233.06,232.05,241.5,1,14,0.3582,0.6377,0.0008,-160.668,499.5202,AMZN190719C01600000
AMZN,1673.57,*,AMZN190719P01600000,,put,07/19/2019,11/29/2018,1600,132,128.1,136.8,43,54,0.3438,-0.3611,0.0008,-118.0259,498.9798,AMZN190719P01600000
AMZN,1673.57,*,AMZN190719C01605000,,call,07/19/2019,11/29/2018,1605,0,229.3,238.75,0,0,0.3578,0.6337,0.0008,-160.9484,501.4094,AMZN190719C01605000
AMZN,1673.57,*,AMZN190719P01605000,,put,07/19/2019,11/29/2018,1605,191.6,132.5,136.75,0,1,0.3435,-0.3654,0.0008,-118.2271,500.9629,AMZN190719P01605000
AMZN,1673.57,*,AMZN190719C01610000,,call,07/19/2019,11/29/2018,1610,0,226.6,236.1,0,0,0.3576,0.6296,0.0008,-161.2893,503.2487,AMZN190719C01610000
AMZN,1673.57,*,AMZN190719P01610000,,put,07/19/2019,11/29/2018,1610,194.5,132.45,141.35,0,1,0.3434,-0.3696,0.0008,-118.4884,502.8924,AMZN190719P01610000
AMZN,1673.57,*,AMZN190719C01615000,,call,07/19/2019,11/29/2018,1615,0,223.85,233.35,0,0,0.3572,0.6254,0.0008,-161.5349,505.0282,AMZN190719C01615000
AMZN,1673.57,*,AMZN190719P01615000,,put,07/19/2019,11/29/2018,1615,0,134.65,143.55,0,0,0.3431,-0.3739,0.0008,-118.6536,504.755,AMZN190719P01615000
AMZN,1673.57,*,AMZN190719C01620000,,call,07/19/2019,11/29/2018,1620,219.35,221.15,230.65,0,2,0.3568,0.6213,0.0008,-161.7631,506.7527,AMZN190719C01620000
AMZN,1673.57,*,AMZN190719P01620000,,put,07/19/2019,11/29/2018,1620,154,137.2,145.8,0,1,0.3432,-0.3782,0.0008,-118.9572,506.5641,AMZN190719P01620000
AMZN,1673.57,*,AMZN190719C01625000,,call,07/19/2019,11/29/2018,1625,0,218.45,227.75,0,0,0.3562,0.6172,0.0008,-161.8957,508.4207,AMZN190719C01625000
AMZN,1673.57,*,AMZN190719P01625000,,put,07/19/2019,11/29/2018,1625,0,139.45,148.05,0,0,0.3429,-0.3825,0.0008,-119.0865,508.3037,AMZN190719P01625000
AMZN,1673.57,*,AMZN190719C01630000,,call,07/19/2019,11/29/2018,1630,0,215.75,225.2,0,0,0.3559,0.6131,0.0008,-162.1278,510.0352,AMZN190719C01630000
AMZN,1673.57,*,AMZN190719P01630000,,put,07/19/2019,11/29/2018,1630,0,141.7,147.8,0,0,0.3401,-0.3867,0.0008,-118.2189,509.9652,AMZN190719P01630000
AMZN,1673.57,*,AMZN190719C01635000,,call,07/19/2019,11/29/2018,1635,0,213.1,222.6,0,0,0.3556,0.6089,0.0008,-162.3424,511.5927,AMZN190719C01635000
AMZN,1673.57,*,AMZN190719P01635000,,put,07/19/2019,11/29/2018,1635,0,143.8,152.6,0,0,0.342,-0.3911,0.0008,-119.1731,511.5993,AMZN190719P01635000
AMZN,1673.57,*,AMZN190719C01640000,,call,07/19/2019,11/29/2018,1640,0,210.5,219.9,0,0,0.3551,0.6048,0.0008,-162.4612,513.0942,AMZN190719C01640000
AMZN,1673.57,*,AMZN190719P01640000,,put,07/19/2019,11/29/2018,1640,149,146.4,154.95,0,31,0.342,-0.3954,0.0008,-119.3655,513.1557,AMZN190719P01640000
AMZN,1673.57,*,AMZN190719C01645000,,call,07/19/2019,11/29/2018,1645,200.68,207.7,217.15,0,8,0.3544,0.6006,0.0008,-162.4837,514.5416,AMZN190719C01645000
AMZN,1673.57,*,AMZN190719P01645000,,put,07/19/2019,11/29/2018,1645,0,148.5,155,0,0,0.3393,-0.3998,0.0009,-118.4791,514.6654,AMZN190719P01645000
AMZN,1673.57,*,AMZN190719C01650000,,call,07/19/2019,11/29/2018,1650,216.59,205.2,214.6,6,7,0.3542,0.5964,0.0008,-162.6845,515.927,AMZN190719C01650000
AMZN,1673.57,*,AMZN190719P01650000,,put,07/19/2019,11/29/2018,1650,150.35,150.8,159.6,2,13,0.3411,-0.4041,0.0009,-119.3426,516.0846,AMZN190719P01650000
AMZN,1673.57,*,AMZN190719C01655000,,call,07/19/2019,11/29/2018,1655,0,202.5,212,0,0,0.3536,0.5922,0.0008,-162.7105,517.2602,AMZN190719C01655000
AMZN,1673.57,*,AMZN190719P01655000,,put,07/19/2019,11/29/2018,1655,0,153.55,162,0,0,0.3412,-0.4084,0.0009,-119.5202,517.4494,AMZN190719P01655000
AMZN,1673.57,*,AMZN190719C01660000,,call,07/19/2019,11/29/2018,1660,0,200,209.45,0,0,0.3533,0.588,0.0008,-162.8368,518.5309,AMZN190719C01660000
AMZN,1673.57,*,AMZN190719P01660000,,put,07/19/2019,11/29/2018,1660,0,155.9,164.1,0,0,0.3405,-0.4127,0.0009,-119.3644,518.7626,AMZN190719P01660000
AMZN,1673.57,*,AMZN190719C01665000,,call,07/19/2019,11/29/2018,1665,204.43,197.55,206.95,2,0,0.353,0.5839,0.0008,-162.9455,519.7429,AMZN190719C01665000
AMZN,1673.57,*,AMZN190719P01665000,,put,07/19/2019,11/29/2018,1665,0,158.4,166.4,0,0,0.3402,-0.4171,0.0009,-119.348,520.0072,AMZN190719P01665000
AMZN,1673.57,*,AMZN190719C01670000,,call,07/19/2019,11/29/2018,1670,200,195.05,204.55,16,2,0.3528,0.5797,0.0008,-163.0761,520.8937,AMZN190719C01670000
AMZN,1673.57,*,AMZN190719P01670000,,put,07/19/2019,11/29/2018,1670,0,160.85,167.15,0,0,0.3383,-0.4216,0.0009,-118.6792,521.2236,AMZN190719P01670000
AMZN,1673.57,*,AMZN190719C01675000,,call,07/19/2019,11/29/2018,1675,192.95,192.5,201.95,1,0,0.3522,0.5754,0.0008,-163.0307,521.9953,AMZN190719C01675000
AMZN,1673.57,*,AMZN190719P01675000,,put,07/19/2019,11/29/2018,1675,0,163,169.65,0,0,0.3377,-0.426,0.0009,-118.5058,522.3518,AMZN190719P01675000
AMZN,1673.57,*,AMZN190719C01680000,,call,07/19/2019,11/29/2018,1680,150.94,190,199.5,0,8,0.3518,0.5712,0.0008,-163.0468,523.0333,AMZN190719C01680000
AMZN,1673.57,*,AMZN190719P01680000,,put,07/19/2019,11/29/2018,1680,0,165.35,173.95,0,0,0.339,-0.4302,0.0009,-119.07,523.3684,AMZN190719P01680000
AMZN,1673.57,*,AMZN190719C01685000,,call,07/19/2019,11/29/2018,1685,0,188.15,197,0,0,0.352,0.5671,0.0008,-163.2841,523.9954,AMZN190719C01685000
AMZN,1673.57,*,AMZN190719P01685000,,put,07/19/2019,11/29/2018,1685,0,167.5,174.85,0,0,0.3369,-0.4348,0.0009,-118.2622,524.4074,AMZN190719P01685000
AMZN,1673.57,*,AMZN190719C01690000,,call,07/19/2019,11/29/2018,1690,130.36,185.75,194.7,0,1,0.3518,0.5629,0.0008,-163.3451,524.9087,AMZN190719C01690000
AMZN,1673.57,*,AMZN190719P01690000,,put,07/19/2019,11/29/2018,1690,170.09,170.45,179.35,1,0,0.3389,-0.4389,0.0009,-119.0728,525.2726,AMZN190719P01690000
AMZN,1673.57,*,AMZN190719C01695000,,call,07/19/2019,11/29/2018,1695,0,183.35,192.3,0,0,0.3514,0.5587,0.0008,-163.3089,525.7685,AMZN190719C01695000
AMZN,1673.57,*,AMZN190719P01695000,,put,07/19/2019,11/29/2018,1695,0,173.05,180.05,0,0,0.3369,-0.4435,0.0009,-118.2658,526.183,AMZN190719P01695000
AMZN,1673.57,*,AMZN190719C01700000,,call,07/19/2019,11/29/2018,1700,179.05,180.5,189.9,0,24,0.3506,0.5544,0.0008,-163.0946,526.5806,AMZN190719C01700000
AMZN,1673.57,*,AMZN190719P01700000,,put,07/19/2019,11/29/2018,1700,187.64,175.8,182.65,0,5,0.3368,-0.4478,0.0009,-118.201,526.9763,AMZN190719P01700000
AMZN,1673.57,*,AMZN190719C01720000,,call,07/19/2019,11/29/2018,1720,122.35,171.3,180.4,0,2,0.3491,0.5375,0.0009,-162.7428,529.1818,AMZN190719C01720000
AMZN,1673.57,*,AMZN190719P01720000,,put,07/19/2019,11/29/2018,1720,187.96,186,195.15,0,33,0.3373,-0.465,0.0009,-118.1333,529.4835,AMZN190719P01720000
AMZN,1673.57,*,AMZN190719C01740000,,call,07/19/2019,11/29/2018,1740,0,162.5,171.5,0,0,0.348,0.5206,0.0009,-162.2783,530.8169,AMZN190719C01740000
AMZN,1673.57,*,AMZN190719P01740000,,put,07/19/2019,11/29/2018,1740,0,197.6,206.2,0,0,0.3371,-0.4822,0.0009,-117.511,530.9997,AMZN190719P01740000
AMZN,1673.57,*,AMZN190719C01760000,,call,07/19/2019,11/29/2018,1760,89.5,154.1,163.25,0,1,0.3474,0.504,0.0009,-161.7547,531.5017,AMZN190719C01760000
AMZN,1673.57,*,AMZN190719P01760000,,put,07/19/2019,11/29/2018,1760,211.69,208.55,217.55,50,10,0.336,-0.4995,0.0009,-116.2463,531.5282,AMZN190719P01760000
AMZN,1673.57,*,AMZN190719C01780000,,call,07/19/2019,11/29/2018,1780,132.15,145.5,154.6,0,13,0.3456,0.4871,0.0009,-160.4671,531.2497,AMZN190719C01780000
AMZN,1673.57,*,AMZN190719P01780000,,put,07/19/2019,11/29/2018,1780,226.51,220.35,229.25,4,11,0.3354,-0.5166,0.0009,-114.9256,531.0682,AMZN190719P01780000
AMZN,1673.57,*,AMZN190719C01800000,,call,07/19/2019,11/29/2018,1800,127.15,137.5,146.85,0,11,0.3446,0.4705,0.0009,-159.2611,530.0745,AMZN190719C01800000
AMZN,1673.57,*,AMZN190719P01800000,,put,07/19/2019,11/29/2018,1800,275.81,232.35,241.3,0,11,0.3346,-0.5336,0.0009,-113.2647,529.6428,AMZN190719P01800000
AMZN,1673.57,*,AMZN190719C01820000,,call,07/19/2019,11/29/2018,1820,116.7,130,139.45,0,20,0.3438,0.4541,0.0009,-157.8993,528.0133,AMZN190719C01820000
AMZN,1673.57,*,AMZN190719P01820000,,put,07/19/2019,11/29/2018,1820,247.68,244.95,253.8,50,6,0.3343,-0.5502,0.0009,-111.5785,527.3164,AMZN190719P01820000
AMZN,1673.57,*,AMZN190719C01840000,,call,07/19/2019,11/29/2018,1840,133.17,122.85,131.95,1,20,0.3428,0.4379,0.0009,-156.2168,525.0689,AMZN190719C01840000
AMZN,1673.57,*,AMZN190719P01840000,,put,07/19/2019,11/29/2018,1840,271.06,257.9,266.65,0,5,0.3341,-0.5665,0.0009,-109.7103,524.127,AMZN190719P01840000
AMZN,1673.57,*,AMZN190719C01860000,,call,07/19/2019,11/29/2018,1860,122.68,116,123,2,6,0.34,0.4208,0.0009,-153.4853,521.0195,AMZN190719C01860000
AMZN,1673.57,*,AMZN190719P01860000,,put,07/19/2019,11/29/2018,1860,395,271.1,279.65,0,1,0.3337,-0.5827,0.0009,-107.5368,520.08,AMZN190719P01860000
AMZN,1673.57,*,AMZN190719C01880000,,call,07/19/2019,11/29/2018,1880,116.13,109.3,118.3,0,7,0.3409,0.4059,0.0009,-152.2384,516.6842,AMZN190719C01880000
AMZN,1673.57,*,AMZN190719P01880000,,put,07/19/2019,11/29/2018,1880,309.57,284.05,293.05,0,3,0.3329,-0.5988,0.0009,-104.971,515.1522,AMZN190719P01880000
AMZN,1673.57,*,AMZN190719C01900000,,call,07/19/2019,11/29/2018,1900,113,103,111.65,2,5,0.3398,0.3902,0.0008,-149.8716,511.2702,AMZN190719C01900000
AMZN,1673.57,*,AMZN190719P01900000,,put,07/19/2019,11/29/2018,1900,463.98,298.2,306.9,0,1,0.3332,-0.6139,0.0009,-102.7338,509.6993,AMZN190719P01900000
AMZN,1673.57,*,AMZN190719C01920000,,call,07/19/2019,11/29/2018,1920,99.73,97.85,105.8,10,10,0.34,0.3756,0.0008,-147.9476,505.4594,AMZN190719C01920000
AMZN,1673.57,*,AMZN190719P01920000,,put,07/19/2019,11/29/2018,1920,495.1,312.3,320.95,0,2,0.3331,-0.629,0.0009,-100.1364,503.4834,AMZN190719P01920000
AMZN,1673.57,*,AMZN190719C01940000,,call,07/19/2019,11/29/2018,1940,94.18,92.2,99.85,10,1,0.3391,0.3605,0.0008,-145.3245,498.6985,AMZN190719C01940000
AMZN,1673.57,*,AMZN190719P01940000,,put,07/19/2019,11/29/2018,1940,0,326.55,335.4,0,0,0.333,-0.6438,0.0008,-97.3804,496.6325,AMZN190719P01940000
AMZN,1673.57,*,AMZN190719C01960000,,call,07/19/2019,11/29/2018,1960,0,87.2,94.4,0,0,0.3388,0.3462,0.0008,-142.8445,491.5091,AMZN190719C01960000
AMZN,1673.57,*,AMZN190719P01960000,,put,07/19/2019,11/29/2018,1960,415.77,341.5,350.2,0,11,0.3335,-0.6577,0.0008,-94.7849,489.4363,AMZN190719P01960000
AMZN,1673.57,*,AMZN190719C01980000,,call,07/19/2019,11/29/2018,1980,65.3,81.8,89.2,0,6,0.3379,0.3317,0.0008,-139.9185,483.5073,AMZN190719C01980000
AMZN,1673.57,*,AMZN190719P01980000,,put,07/19/2019,11/29/2018,1980,427.78,356.5,365.25,0,5,0.3338,-0.6714,0.0008,-91.9657,481.6771,AMZN190719P01980000
AMZN,1673.57,*,AMZN190719C02000000,,call,07/19/2019,11/29/2018,2000,83,76.7,84.3,5,35,0.337,0.3176,0.0008,-136.8579,474.9323,AMZN190719C02000000
AMZN,1673.57,*,AMZN190719P02000000,,put,07/19/2019,11/29/2018,2000,440.43,372,380.6,0,4,0.3344,-0.6845,0.0008,-89.1939,473.6265,AMZN190719P02000000
AMZN,1673.57,*,AMZN190719C02100000,,call,07/19/2019,11/29/2018,2100,55,55.7,63.4,0,35,0.3342,0.2533,0.0007,-120.9668,426.3382,AMZN190719C02100000
AMZN,1673.57,*,AMZN190719P02100000,,put,07/19/2019,11/29/2018,2100,608.9,452.5,461.1,0,1,0.3386,-0.7428,0.0007,-74.8584,429.7493,AMZN190719P02100000
AMZN,1673.57,*,AMZN190719C02200000,,call,07/19/2019,11/29/2018,2200,46.5,40.4,47.65,21,10,0.3342,0.2007,0.0006,-105.4166,373.84,AMZN190719C02200000
AMZN,1673.57,*,AMZN190719P02200000,,put,07/19/2019,11/29/2018,2200,0,539,547.25,0,0,0.3471,-0.7875,0.0006,-62.1614,386.6777,AMZN190719P02200000
AMZN,1673.57,*,AMZN190719C02300000,,call,07/19/2019,11/29/2018,2300,33.6,29.55,35.5,12,46,0.3335,0.1566,0.0005,-89.4745,319.5816,AMZN190719C02300000
AMZN,1673.57,*,AMZN190719P02300000,,put,07/19/2019,11/29/2018,2300,0,630,639.85,0,0,0.3629,-0.8171,0.0005,-54.0387,353.0713,AMZN190719P02300000
AMZN,1673.57,*,AMZN200117C00480000,,call,01/17/2020,11/29/2018,480,1154.85,1210.5,1219.25,0,409,0.6587,0.985,0,-29.8142,67.4315,AMZN200117C00480000
AMZN,1673.57,*,AMZN200117P00480000,,put,01/17/2020,11/29/2018,480,1.25,1,1.24,0,2025,0.4101,-0.0008,0,-0.8894,5.1193,AMZN200117P00480000
AMZN,1673.57,*,AMZN200117C00490000,,call,01/17/2020,11/29/2018,490,1145.3,1201.5,1209.9,0,165,0.6581,0.9839,0,-31.1903,71.6437,AMZN200117C00490000
AMZN,1673.57,*,AMZN200117P00490000,,put,01/17/2020,11/29/2018,490,1.35,0.16,1.43,0,160,0.4101,-0.001,0,-1.0299,5.9317,AMZN200117P00490000
AMZN,1673.57,*,AMZN200117C00500000,,call,01/17/2020,11/29/2018,500,1055,1191.5,1200.2,0,95,0.6458,0.9838,0,-31.1104,71.9223,AMZN200117C00500000
AMZN,1673.57,*,AMZN200117P00500000,,put,01/17/2020,11/29/2018,500,1.5,1.5,1.65,0,982,0.4101,-0.0012,0,-1.1865,6.8377,AMZN200117P00500000
AMZN,1673.57,*,AMZN200117C00520000,,call,01/17/2020,11/29/2018,520,1090.8,1172.5,1181.3,0,49,0.6338,0.9826,0,-32.4723,76.7413,AMZN200117C00520000
AMZN,1673.57,*,AMZN200117P00520000,,put,01/17/2020,11/29/2018,520,1.78,0.49,2.1,0,409,0.4101,-0.0016,0,-1.5521,8.9557,AMZN200117P00520000
AMZN,1673.57,*,AMZN200117C00540000,,call,01/17/2020,11/29/2018,540,1307.3,1154,1162.4,0,31,0.6259,0.9808,0,-34.3506,83.1721,AMZN200117C00540000
AMZN,1673.57,*,AMZN200117P00540000,,put,01/17/2020,11/29/2018,540,2.4,0,3,0,189,0.4101,-0.002,0,-1.9944,11.5228,AMZN200117P00540000
AMZN,1673.57,*,AMZN200117C00560000,,call,01/17/2020,11/29/2018,560,1386.75,1134.5,1143.25,0,3,0.6089,0.98,0,-34.931,86.077,AMZN200117C00560000
AMZN,1673.57,*,AMZN200117P00560000,,put,01/17/2020,11/29/2018,560,3.2,0,5,0,54,0.4101,-0.0027,0,-2.5214,14.5868,AMZN200117P00560000
AMZN,1673.57,*,AMZN200117C00580000,,call,01/17/2020,11/29/2018,580,1445.39,1115.5,1124.3,0,14,0.597,0.9787,0,-36.1601,90.9669,AMZN200117C00580000
AMZN,1673.57,*,AMZN200117P00580000,,put,01/17/2020,11/29/2018,580,5,0,3,0,240,0.4101,-0.0034,0,-3.1407,18.1931,AMZN200117P00580000
AMZN,1673.57,*,AMZN200117C00600000,,call,01/17/2020,11/29/2018,600,1031.15,1097,1105.45,0,33,0.589,0.9768,0.0001,-37.9329,97.6204,AMZN200117C00600000
AMZN,1673.57,*,AMZN200117P00600000,,put,01/17/2020,11/29/2018,600,2.9,2.7,3.2,19,323,0.4101,-0.0043,0,-3.859,22.3839,AMZN200117P00600000
AMZN,1673.57,*,AMZN200117C00620000,,call,01/17/2020,11/29/2018,620,1436.75,1077.5,1086.5,0,5,0.5741,0.9758,0.0001,-38.6046,101.1732,AMZN200117C00620000
AMZN,1673.57,*,AMZN200117P00620000,,put,01/17/2020,11/29/2018,620,3.6,3.15,3.8,0,107,0.4101,-0.0053,0,-4.6823,27.1969,AMZN200117P00620000
AMZN,1673.57,*,AMZN200117C00640000,,call,01/17/2020,11/29/2018,640,945.6,1059,1067.75,0,15,0.5664,0.9738,0.0001,-40.3634,108.1529,AMZN200117C00640000
AMZN,1673.57,*,AMZN200117P00640000,,put,01/17/2020,11/29/2018,640,3.5,3.15,4.15,0,251,0.4101,-0.0065,0,-5.6159,32.6648,AMZN200117P00640000
AMZN,1673.57,*,AMZN200117C00660000,,call,01/17/2020,11/29/2018,660,927,1040.5,1048.9,0,13,0.558,0.9718,0.0001,-41.9935,114.9385,AMZN200117C00660000
AMZN,1673.57,*,AMZN200117P00660000,,put,01/17/2020,11/29/2018,660,5,3.45,5,0,493,0.4101,-0.0079,0,-6.6638,38.815,AMZN200117P00660000
AMZN,1673.57,*,AMZN200117C00680000,,call,01/17/2020,11/29/2018,680,1095,1021.5,1030.15,0,9,0.5473,0.9702,0.0001,-43.2003,120.6181,AMZN200117C00680000
AMZN,1673.57,*,AMZN200117P00680000,,put,01/17/2020,11/29/2018,680,6.9,4.2,5.45,0,279,0.4101,-0.0096,0,-7.8292,45.6687,AMZN200117P00680000
AMZN,1673.57,*,AMZN200117C00700000,,call,01/17/2020,11/29/2018,700,840.55,1003,1011.4,0,109,0.539,0.968,0.0001,-44.791,127.6752,AMZN200117C00700000
AMZN,1673.57,*,AMZN200117P00700000,,put,01/17/2020,11/29/2018,700,5.2,4.75,5,8,921,0.4101,-0.0114,0,-9.1139,53.241,AMZN200117P00700000
AMZN,1673.57,*,AMZN200117C00720000,,call,01/17/2020,11/29/2018,720,1317.14,984,992.75,0,11,0.5287,0.9662,0.0001,-45.9865,133.6969,AMZN200117C00720000
AMZN,1673.57,*,AMZN200117P00720000,,put,01/17/2020,11/29/2018,720,8.72,5.35,6.4,0,309,0.4101,-0.0135,0,-10.5189,61.5404,AMZN200117P00720000
AMZN,1673.57,*,AMZN200117C00740000,,call,01/17/2020,11/29/2018,740,759.7,965.5,974.1,0,7,0.5207,0.9639,0.0001,-47.5734,141.1549,AMZN200117C00740000
AMZN,1673.57,*,AMZN200117P00740000,,put,01/17/2020,11/29/2018,740,7,6.1,6.95,0,294,0.4101,-0.0158,0.0001,-12.0437,70.5691,AMZN200117P00740000
AMZN,1673.57,*,AMZN200117C00760000,,call,01/17/2020,11/29/2018,760,1050,947,955.55,0,10,0.5132,0.9614,0.0001,-49.2342,149.0675,AMZN200117C00760000
AMZN,1673.57,*,AMZN200117P00760000,,put,01/17/2020,11/29/2018,760,7.05,5.85,7.7,0,241,0.4101,-0.0184,0.0001,-13.687,80.3229,AMZN200117P00760000
AMZN,1673.57,*,AMZN200117C00780000,,call,01/17/2020,11/29/2018,780,1198,928.5,937.05,0,3,0.5052,0.9589,0.0001,-50.7732,156.8165,AMZN200117C00780000
AMZN,1673.57,*,AMZN200117P00780000,,put,01/17/2020,11/29/2018,780,12,6.65,8.35,0,437,0.4101,-0.0213,0.0001,-15.4462,90.7914,AMZN200117P00780000
AMZN,1673.57,*,AMZN200117C00800000,,call,01/17/2020,11/29/2018,800,825.55,910,918.6,0,263,0.4973,0.9563,0.0001,-52.3047,164.7708,AMZN200117C00800000
AMZN,1673.57,*,AMZN200117P00800000,,put,01/17/2020,11/29/2018,800,8.1,7.5,9,2,2006,0.4101,-0.0244,0.0001,-17.3178,101.9582,AMZN200117P00800000
AMZN,1673.57,*,AMZN200117C00820000,,call,01/17/2020,11/29/2018,820,1109,891.5,900.25,0,5,0.4895,0.9536,0.0001,-53.8288,172.9357,AMZN200117C00820000
AMZN,1673.57,*,AMZN200117P00820000,,put,01/17/2020,11/29/2018,820,9,8.45,9.9,20,439,0.4101,-0.0278,0.0001,-19.2974,113.8013,AMZN200117P00820000
AMZN,1673.57,*,AMZN200117C00830000,,call,01/17/2020,11/29/2018,830,1072,882.5,891.15,0,18,0.4866,0.952,0.0001,-54.7947,177.7711,AMZN200117C00830000
AMZN,1673.57,*,AMZN200117P00830000,,put,01/17/2020,11/29/2018,830,10.1,8.95,10.35,8,287,0.4083,-0.0292,0.0001,-19.9928,118.5275,AMZN200117P00830000
AMZN,1673.57,*,AMZN200117C00840000,,call,01/17/2020,11/29/2018,840,766.47,873.5,882,0,202,0.4835,0.9504,0.0001,-55.7147,182.52,AMZN200117C00840000
AMZN,1673.57,*,AMZN200117P00840000,,put,01/17/2020,11/29/2018,840,10.25,9.45,10.95,0,121,0.4069,-0.0308,0.0001,-20.7726,123.6845,AMZN200117P00840000
AMZN,1673.57,*,AMZN200117C00850000,,call,01/17/2020,11/29/2018,850,851.25,864.5,872.9,0,17,0.4804,0.9488,0.0001,-56.6309,187.3197,AMZN200117C00850000
AMZN,1673.57,*,AMZN200117P00850000,,put,01/17/2020,11/29/2018,850,10.93,10,12.15,0,943,0.4077,-0.0329,0.0001,-21.9898,130.7853,AMZN200117P00850000
AMZN,1673.57,*,AMZN200117C00860000,,call,01/17/2020,11/29/2018,860,703.9,855,863.85,0,15,0.476,0.9474,0.0001,-57.2538,191.2295,AMZN200117C00860000
AMZN,1673.57,*,AMZN200117P00860000,,put,01/17/2020,11/29/2018,860,11.95,9,12.75,0,52,0.3998,-0.0329,0.0001,-21.525,130.6956,AMZN200117P00860000
AMZN,1673.57,*,AMZN200117C00870000,,call,01/17/2020,11/29/2018,870,695.4,846,854.8,0,13,0.4729,0.9457,0.0001,-58.1585,196.12,AMZN200117C00870000
AMZN,1673.57,*,AMZN200117P00870000,,put,01/17/2020,11/29/2018,870,12.8,10,14.5,0,205,0.4039,-0.036,0.0001,-23.4223,140.879,AMZN200117P00870000
AMZN,1673.57,*,AMZN200117C00880000,,call,01/17/2020,11/29/2018,880,892,837,845.75,0,22,0.4699,0.9439,0.0001,-59.0813,201.1349,AMZN200117C00880000
AMZN,1673.57,*,AMZN200117P00880000,,put,01/17/2020,11/29/2018,880,13.25,10,13.95,0,150,0.3963,-0.0361,0.0001,-22.9869,141.0733,AMZN200117P00880000
AMZN,1673.57,*,AMZN200117C00890000,,call,01/17/2020,11/29/2018,890,1015.16,828,836.7,0,3,0.4667,0.9422,0.0001,-59.9538,206.0518,AMZN200117C00890000
AMZN,1673.57,*,AMZN200117P00890000,,put,01/17/2020,11/29/2018,890,13.35,11,16,3,887,0.4006,-0.0395,0.0001,-24.9851,151.8075,AMZN200117P00890000
AMZN,1673.57,*,AMZN200117C00900000,,call,01/17/2020,11/29/2018,900,653.51,819,827.75,0,360,0.4637,0.9404,0.0001,-60.8672,211.1682,AMZN200117C00900000
AMZN,1673.57,*,AMZN200117P00900000,,put,01/17/2020,11/29/2018,900,13.25,13,16.5,3,1362,0.4031,-0.0425,0.0001,-26.6643,161.1397,AMZN200117P00900000
AMZN,1673.57,*,AMZN200117C00910000,,call,01/17/2020,11/29/2018,910,753.39,810,818.8,0,60,0.4607,0.9385,0.0001,-61.7757,216.3357,AMZN200117C00910000
AMZN,1673.57,*,AMZN200117P00910000,,put,01/17/2020,11/29/2018,910,14.4,12.5,17.2,0,144,0.3976,-0.0432,0.0001,-26.6427,163.4211,AMZN200117P00910000
AMZN,1673.57,*,AMZN200117C00920000,,call,01/17/2020,11/29/2018,920,788.39,801,809.85,0,311,0.4576,0.9366,0.0002,-62.6553,221.477,AMZN200117C00920000
AMZN,1673.57,*,AMZN200117P00920000,,put,01/17/2020,11/29/2018,920,15.49,13,18,6,205,0.3956,-0.045,0.0001,-27.3733,168.9238,AMZN200117P00920000
AMZN,1673.57,*,AMZN200117C00930000,,call,01/17/2020,11/29/2018,930,779.39,792.5,801,0,162,0.4559,0.9343,0.0002,-63.8636,227.7499,AMZN200117C00930000
AMZN,1673.57,*,AMZN200117P00930000,,put,01/17/2020,11/29/2018,930,16.2,14,17.45,2,144,0.3914,-0.0462,0.0001,-27.6181,172.4582,AMZN200117P00930000
AMZN,1673.57,*,AMZN200117C00940000,,call,01/17/2020,11/29/2018,940,646.1,783.5,792.15,0,14,0.4529,0.9323,0.0002,-64.7583,233.0757,AMZN200117C00940000
AMZN,1673.57,*,AMZN200117P00940000,,put,01/17/2020,11/29/2018,940,29,16,18.2,0,255,0.3935,-0.0494,0.0001,-29.2755,181.9941,AMZN200117P00940000
AMZN,1673.57,*,AMZN200117C00950000,,call,01/17/2020,11/29/2018,950,767.85,774.5,783.3,2,87,0.4498,0.9303,0.0002,-65.6225,238.3728,AMZN200117C00950000
AMZN,1673.57,*,AMZN200117P00950000,,put,01/17/2020,11/29/2018,950,17.6,16.8,19,14,279,0.392,-0.0516,0.0002,-30.137,188.264,AMZN200117P00950000
AMZN,1673.57,*,AMZN200117C00960000,,call,01/17/2020,11/29/2018,960,759.05,766,774.5,2,19,0.4479,0.9279,0.0002,-66.7745,244.6617,AMZN200117C00960000
AMZN,1673.57,*,AMZN200117P00960000,,put,01/17/2020,11/29/2018,960,29.05,16,21,0,164,0.389,-0.0533,0.0002,-30.6543,193.1917,AMZN200117P00960000
AMZN,1673.57,*,AMZN200117C00970000,,call,01/17/2020,11/29/2018,970,750.3,757,765.75,2,41,0.4449,0.9258,0.0002,-67.6519,250.1401,AMZN200117C00970000
AMZN,1673.57,*,AMZN200117P00970000,,put,01/17/2020,11/29/2018,970,19.55,17,22,0,1240,0.3883,-0.0558,0.0002,-31.7102,200.4174,AMZN200117P00970000
AMZN,1673.57,*,AMZN200117C00980000,,call,01/17/2020,11/29/2018,980,620.2,748.5,757.05,0,31,0.443,0.9233,0.0002,-68.7969,256.538,AMZN200117C00980000
AMZN,1673.57,*,AMZN200117P00980000,,put,01/17/2020,11/29/2018,980,19.5,18,23,41,172,0.3874,-0.0583,0.0002,-32.7278,207.5523,AMZN200117P00980000
AMZN,1673.57,*,AMZN200117C00990000,,call,01/17/2020,11/29/2018,990,607.1,739.5,748.35,0,28,0.44,0.9211,0.0002,-69.6621,262.1173,AMZN200117C00990000
AMZN,1673.57,*,AMZN200117P00990000,,put,01/17/2020,11/29/2018,990,21.7,19,24,0,757,0.3864,-0.0609,0.0002,-33.7286,214.6877,AMZN200117P00990000
AMZN,1673.57,*,AMZN200117C01000000,,call,01/17/2020,11/29/2018,1000,737.5,731,739.7,2,283,0.438,0.9185,0.0002,-70.7731,268.5401,AMZN200117C01000000
AMZN,1673.57,*,AMZN200117P01000000,,put,01/17/2020,11/29/2018,1000,21,21.35,23.55,8,2342,0.3852,-0.0635,0.0002,-34.6863,221.7208,AMZN200117P01000000
AMZN,1673.57,*,AMZN200117C01010000,,call,01/17/2020,11/29/2018,1010,590.84,722.5,731.05,0,43,0.4363,0.9158,0.0002,-71.9562,275.2511,AMZN200117C01010000
AMZN,1673.57,*,AMZN200117P01010000,,put,01/17/2020,11/29/2018,1010,24,20.5,26.25,0,315,0.3832,-0.0658,0.0002,-35.45,228.0549,AMZN200117P01010000
AMZN,1673.57,*,AMZN200117C01020000,,call,01/17/2020,11/29/2018,1020,709.75,713.5,722.45,1,540,0.4332,0.9135,0.0002,-72.776,280.8987,AMZN200117C01020000
AMZN,1673.57,*,AMZN200117P01020000,,put,01/17/2020,11/29/2018,1020,38.99,21.5,27.5,0,672,0.3823,-0.0686,0.0002,-36.4885,235.558,AMZN200117P01020000
AMZN,1673.57,*,AMZN200117C01030000,,call,01/17/2020,11/29/2018,1030,712.65,705,713.95,2,18,0.4312,0.9107,0.0002,-73.8712,287.468,AMZN200117C01030000
AMZN,1673.57,*,AMZN200117P01030000,,put,01/17/2020,11/29/2018,1030,35.18,22.5,28.5,0,251,0.3807,-0.0713,0.0002,-37.3543,242.4525,AMZN200117P01030000
AMZN,1673.57,*,AMZN200117C01040000,,call,01/17/2020,11/29/2018,1040,704.1,696.5,705.45,1,3,0.429,0.908,0.0002,-74.9086,293.9241,AMZN200117C01040000
AMZN,1673.57,*,AMZN200117P01040000,,put,01/17/2020,11/29/2018,1040,27.3,23.5,29.5,2,122,0.379,-0.0739,0.0002,-38.1949,249.3269,AMZN200117P01040000
AMZN,1673.57,*,AMZN200117C01050000,,call,01/17/2020,11/29/2018,1050,684.45,688,697,1,151,0.4273,0.9051,0.0002,-76.0701,300.8205,AMZN200117C01050000
AMZN,1673.57,*,AMZN200117P01050000,,put,01/17/2020,11/29/2018,1050,27.3,25,31,0,403,0.3791,-0.0773,0.0002,-39.4986,258.0631,AMZN200117P01050000
AMZN,1673.57,*,AMZN200117C01060000,,call,01/17/2020,11/29/2018,1060,545.8,679.5,688.55,0,10,0.425,0.9023,0.0002,-77.068,307.2844,AMZN200117C01060000
AMZN,1673.57,*,AMZN200117P01060000,,put,01/17/2020,11/29/2018,1060,37.3,26,32,0,461,0.3771,-0.08,0.0002,-40.2629,264.7933,AMZN200117P01060000
AMZN,1673.57,*,AMZN200117C01070000,,call,01/17/2020,11/29/2018,1070,678.85,671.5,680.2,1,17,0.4236,0.8991,0.0002,-78.2958,314.4963,AMZN200117C01070000
AMZN,1673.57,*,AMZN200117P01070000,,put,01/17/2020,11/29/2018,1070,28.76,29.25,34,1,270,0.3811,-0.0851,0.0002,-42.5981,277.4617,AMZN200117P01070000
AMZN,1673.57,*,AMZN200117C01080000,,call,01/17/2020,11/29/2018,1080,670.45,663,671.8,1,33,0.4212,0.8963,0.0002,-79.252,320.962,AMZN200117C01080000
AMZN,1673.57,*,AMZN200117P01080000,,put,01/17/2020,11/29/2018,1080,40.1,28.5,34.5,0,196,0.3747,-0.0862,0.0002,-42.2035,280.0453,AMZN200117P01080000
AMZN,1673.57,*,AMZN200117C01090000,,call,01/17/2020,11/29/2018,1090,662.15,654.5,663.5,1,15,0.419,0.8933,0.0002,-80.2524,327.6224,AMZN200117C01090000
AMZN,1673.57,*,AMZN200117P01090000,,put,01/17/2020,11/29/2018,1090,34.65,30,36,0,111,0.3742,-0.0897,0.0002,-43.3583,288.4537,AMZN200117P01090000
AMZN,1673.57,*,AMZN200117C01100000,,call,01/17/2020,11/29/2018,1100,653.85,646.5,655.25,1,295,0.4175,0.89,0.0003,-81.4314,334.8588,AMZN200117C01100000
AMZN,1673.57,*,AMZN200117P01100000,,put,01/17/2020,11/29/2018,1100,36.1,33.2,38,2,774,0.3773,-0.0947,0.0003,-45.478,300.369,AMZN200117P01100000
AMZN,1673.57,*,AMZN200117C01110000,,call,01/17/2020,11/29/2018,1110,553.6,638,647.05,0,140,0.4155,0.8868,0.0003,-82.4679,341.7398,AMZN200117C01110000
AMZN,1673.57,*,AMZN200117P01110000,,put,01/17/2020,11/29/2018,1110,35.55,33,39,8,245,0.3727,-0.0967,0.0003,-45.5331,304.9347,AMZN200117P01110000
AMZN,1673.57,*,AMZN200117C01120000,,call,01/17/2020,11/29/2018,1120,959,630,638.95,0,54,0.4138,0.8835,0.0003,-83.5758,348.8783,AMZN200117C01120000
AMZN,1673.57,*,AMZN200117P01120000,,put,01/17/2020,11/29/2018,1120,37,34.5,40.5,2,69,0.3717,-0.1002,0.0003,-46.5497,313.0049,AMZN200117P01120000
AMZN,1673.57,*,AMZN200117C01130000,,call,01/17/2020,11/29/2018,1130,605.4,622,630.85,0,45,0.4123,0.88,0.0003,-84.7284,356.1902,AMZN200117C01130000
AMZN,1673.57,*,AMZN200117P01130000,,put,01/17/2020,11/29/2018,1130,53.57,36,42,0,99,0.3706,-0.1037,0.0003,-47.535,321.0238,AMZN200117P01130000
AMZN,1673.57,*,AMZN200117C01140000,,call,01/17/2020,11/29/2018,1140,493.3,614,622.85,0,40,0.4109,0.8765,0.0003,-85.8985,363.5936,AMZN200117C01140000
AMZN,1673.57,*,AMZN200117P01140000,,put,01/17/2020,11/29/2018,1140,62.74,39.2,41.45,0,79,0.3689,-0.1071,0.0003,-48.3511,328.5205,AMZN200117P01140000
AMZN,1673.57,*,AMZN200117C01150000,,call,01/17/2020,11/29/2018,1150,510,606,614.8,0,54,0.4093,0.8729,0.0003,-87.004,370.864,AMZN200117C01150000
AMZN,1673.57,*,AMZN200117P01150000,,put,01/17/2020,11/29/2018,1150,40.49,39,45,1,252,0.368,-0.1109,0.0003,-49.3798,336.8081,AMZN200117P01150000
AMZN,1673.57,*,AMZN200117C01160000,,call,01/17/2020,11/29/2018,1160,591.55,598,606.9,3,41,0.4078,0.8693,0.0003,-88.1257,378.2199,AMZN200117C01160000
AMZN,1673.57,*,AMZN200117P01160000,,put,01/17/2020,11/29/2018,1160,46.08,40,47.75,0,227,0.3675,-0.1149,0.0003,-50.5127,345.4895,AMZN200117P01160000
AMZN,1673.57,*,AMZN200117C01170000,,call,01/17/2020,11/29/2018,1170,471.45,590,599,0,479,0.4062,0.8656,0.0003,-89.2085,385.5136,AMZN200117C01170000
AMZN,1673.57,*,AMZN200117P01170000,,put,01/17/2020,11/29/2018,1170,44.45,41.35,49.45,2,499,0.366,-0.1186,0.0003,-51.3626,353.2808,AMZN200117P01170000
AMZN,1673.57,*,AMZN200117C01180000,,call,01/17/2020,11/29/2018,1180,586.4,582,591.2,1,38,0.4047,0.8618,0.0003,-90.3067,392.8847,AMZN200117C01180000
AMZN,1673.57,*,AMZN200117P01180000,,put,01/17/2020,11/29/2018,1180,53.2,43.15,51.7,0,81,0.3657,-0.1228,0.0003,-52.5368,362.1727,AMZN200117P01180000
AMZN,1673.57,*,AMZN200117C01190000,,call,01/17/2020,11/29/2018,1190,456.2,574,583.25,0,32,0.4029,0.8581,0.0003,-91.3097,400.053,AMZN200117C01190000
AMZN,1673.57,*,AMZN200117P01190000,,put,01/17/2020,11/29/2018,1190,51.92,45.05,53.6,0,283,0.365,-0.127,0.0003,-53.5919,370.7097,AMZN200117P01190000
AMZN,1673.57,*,AMZN200117C01200000,,call,01/17/2020,11/29/2018,1200,560,566.5,575.55,0,254,0.402,0.854,0.0003,-92.5469,407.8317,AMZN200117C01200000
AMZN,1673.57,*,AMZN200117P01200000,,put,01/17/2020,11/29/2018,1200,48.95,46.95,55.35,8,1111,0.364,-0.1311,0.0003,-54.5539,378.9907,AMZN200117P01200000
AMZN,1673.57,*,AMZN200117C01210000,,call,01/17/2020,11/29/2018,1210,484.53,558.5,567.85,0,21,0.4004,0.8501,0.0003,-93.5779,415.1308,AMZN200117C01210000
AMZN,1673.57,*,AMZN200117P01210000,,put,01/17/2020,11/29/2018,1210,66.7,48.85,57.25,0,203,0.363,-0.1353,0.0003,-55.5054,387.2769,AMZN200117P01210000
AMZN,1673.57,*,AMZN200117C01220000,,call,01/17/2020,11/29/2018,1220,444.3,551,560.25,0,31,0.3994,0.8459,0.0003,-94.76,422.8103,AMZN200117C01220000
AMZN,1673.57,*,AMZN200117P01220000,,put,01/17/2020,11/29/2018,1220,54,50.85,59.2,4,221,0.3621,-0.1396,0.0003,-56.4737,395.6456,AMZN200117P01220000
AMZN,1673.57,*,AMZN200117C01230000,,call,01/17/2020,11/29/2018,1230,437.4,543.5,552.65,0,60,0.3983,0.8416,0.0003,-95.8997,430.4017,AMZN200117C01230000
AMZN,1673.57,*,AMZN200117P01230000,,put,01/17/2020,11/29/2018,1230,61,52.95,61.2,0,109,0.3612,-0.144,0.0004,-57.4298,404.0061,AMZN200117P01230000
AMZN,1673.57,*,AMZN200117C01240000,,call,01/17/2020,11/29/2018,1240,481.6,535.5,545.15,0,30,0.3966,0.8376,0.0003,-96.8582,437.6007,AMZN200117C01240000
AMZN,1673.57,*,AMZN200117P01240000,,put,01/17/2020,11/29/2018,1240,59.65,54.9,60.05,8,125,0.3563,-0.1467,0.0004,-57.2482,409.158,AMZN200117P01240000
AMZN,1673.57,*,AMZN200117C01250000,,call,01/17/2020,11/29/2018,1250,407.45,528,537.7,0,99,0.3944,0.8336,0.0004,-97.6623,444.489,AMZN200117C01250000
AMZN,1673.57,*,AMZN200117P01250000,,put,01/17/2020,11/29/2018,1250,58.71,57.05,65.4,7,1370,0.3593,-0.1529,0.0004,-59.2747,420.6045,AMZN200117P01250000
AMZN,1673.57,*,AMZN200117C01260000,,call,01/17/2020,11/29/2018,1260,500,520.5,530.25,0,39,0.3931,0.8293,0.0004,-98.6985,451.902,AMZN200117C01260000
AMZN,1673.57,*,AMZN200117P01260000,,put,01/17/2020,11/29/2018,1260,64.72,59.3,64.45,0,339,0.3548,-0.156,0.0004,-59.176,426.1774,AMZN200117P01260000
AMZN,1673.57,*,AMZN200117C01270000,,call,01/17/2020,11/29/2018,1270,514.36,513.5,522.9,1,29,0.3923,0.8247,0.0004,-99.8557,459.5672,AMZN200117C01270000
AMZN,1673.57,*,AMZN200117P01270000,,put,01/17/2020,11/29/2018,1270,71.25,61.6,70.15,0,226,0.358,-0.1624,0.0004,-61.2306,437.5522,AMZN200117P01270000
AMZN,1673.57,*,AMZN200117C01280000,,call,01/17/2020,11/29/2018,1280,410,506,515.45,0,83,0.3908,0.8203,0.0004,-100.8016,466.7977,AMZN200117C01280000
AMZN,1673.57,*,AMZN200117P01280000,,put,01/17/2020,11/29/2018,1280,75.15,63.9,72.1,0,168,0.3567,-0.167,0.0004,-62.002,445.5022,AMZN200117P01280000
AMZN,1673.57,*,AMZN200117C01290000,,call,01/17/2020,11/29/2018,1290,499.99,498.5,508.15,1,20,0.3893,0.8159,0.0004,-101.7291,473.9969,AMZN200117C01290000
AMZN,1673.57,*,AMZN200117P01290000,,put,01/17/2020,11/29/2018,1290,74.95,66.35,74.45,0,219,0.356,-0.1719,0.0004,-62.9254,453.8408,AMZN200117P01290000
AMZN,1673.57,*,AMZN200117C01300000,,call,01/17/2020,11/29/2018,1300,494.4,491.5,500.95,13,1539,0.3884,0.8112,0.0004,-102.8035,481.4696,AMZN200117C01300000
AMZN,1673.57,*,AMZN200117P01300000,,put,01/17/2020,11/29/2018,1300,72,68.8,76.85,2,2779,0.3551,-0.1768,0.0004,-63.775,461.9931,AMZN200117P01300000
AMZN,1673.57,*,AMZN200117C01310000,,call,01/17/2020,11/29/2018,1310,409.5,484.5,493.85,0,28,0.3874,0.8064,0.0004,-103.8307,488.833,AMZN200117C01310000
AMZN,1673.57,*,AMZN200117P01310000,,put,01/17/2020,11/29/2018,1310,74,71.3,79.35,1,134,0.3543,-0.1817,0.0004,-64.6344,470.1594,AMZN200117P01310000
AMZN,1673.57,*,AMZN200117C01320000,,call,01/17/2020,11/29/2018,1320,374.95,477,486.75,0,123,0.3859,0.8018,0.0004,-104.6997,495.8984,AMZN200117C01320000
AMZN,1673.57,*,AMZN200117P01320000,,put,01/17/2020,11/29/2018,1320,75.7,73.9,81.9,2,170,0.3536,-0.1869,0.0004,-65.5028,478.3277,AMZN200117P01320000
AMZN,1673.57,*,AMZN200117C01330000,,call,01/17/2020,11/29/2018,1330,423,470,479.65,0,21,0.3848,0.797,0.0004,-105.6585,503.1015,AMZN200117C01330000
AMZN,1673.57,*,AMZN200117P01330000,,put,01/17/2020,11/29/2018,1330,79.8,76.55,84.55,5,210,0.3529,-0.192,0.0004,-66.3513,486.4262,AMZN200117P01330000
AMZN,1673.57,*,AMZN200117C01340000,,call,01/17/2020,11/29/2018,1340,349.65,463,472.7,0,84,0.3837,0.7921,0.0004,-106.5961,510.2406,AMZN200117C01340000
AMZN,1673.57,*,AMZN200117P01340000,,put,01/17/2020,11/29/2018,1340,82.65,79.25,87.2,2,295,0.3521,-0.1972,0.0004,-67.1512,494.3926,AMZN200117P01340000
AMZN,1673.57,*,AMZN200117C01350000,,call,01/17/2020,11/29/2018,1350,454.54,456,465.85,4,433,0.3826,0.7872,0.0004,-107.5119,517.3119,AMZN200117C01350000
AMZN,1673.57,*,AMZN200117P01350000,,put,01/17/2020,11/29/2018,1350,86,82.05,89.95,4,784,0.3514,-0.2025,0.0005,-67.9579,502.3381,AMZN200117P01350000
AMZN,1673.57,*,AMZN200117C01360000,,call,01/17/2020,11/29/2018,1360,418.3,449.05,459.05,0,109,0.3816,0.7822,0.0004,-108.433,524.3517,AMZN200117C01360000
AMZN,1673.57,*,AMZN200117P01360000,,put,01/17/2020,11/29/2018,1360,110.06,84.9,92.75,0,768,0.3508,-0.2079,0.0005,-68.7706,510.2502,AMZN200117P01360000
AMZN,1673.57,*,AMZN200117C01370000,,call,01/17/2020,11/29/2018,1370,333.8,442.5,452.25,0,44,0.3808,0.777,0.0004,-109.3863,531.3883,AMZN200117C01370000
AMZN,1673.57,*,AMZN200117P01370000,,put,01/17/2020,11/29/2018,1370,133.87,87.8,95.65,0,637,0.3501,-0.2133,0.0005,-69.5325,518.0172,AMZN200117P01370000
AMZN,1673.57,*,AMZN200117C01380000,,call,01/17/2020,11/29/2018,1380,328.1,435.55,445.55,0,26,0.3796,0.772,0.0004,-110.2062,538.1898,AMZN200117C01380000
AMZN,1673.57,*,AMZN200117P01380000,,put,01/17/2020,11/29/2018,1380,117.05,90.75,99,0,387,0.3498,-0.219,0.0005,-70.3828,525.877,AMZN200117P01380000
AMZN,1673.57,*,AMZN200117C01390000,,call,01/17/2020,11/29/2018,1390,396.67,429,438.85,0,48,0.3787,0.7668,0.0005,-111.0847,545.0148,AMZN200117C01390000
AMZN,1673.57,*,AMZN200117P01390000,,put,01/17/2020,11/29/2018,1390,120.6,93.8,100.25,0,201,0.3475,-0.224,0.0005,-70.6511,532.7189,AMZN200117P01390000
AMZN,1673.57,*,AMZN200117C01400000,,call,01/17/2020,11/29/2018,1400,435.75,422.5,432.3,12,1653,0.3779,0.7615,0.0005,-111.9662,551.7775,AMZN200117C01400000
AMZN,1673.57,*,AMZN200117P01400000,,put,01/17/2020,11/29/2018,1400,99.01,96.9,104.65,37,2132,0.3481,-0.23,0.0005,-71.7037,540.7667,AMZN200117P01400000
AMZN,1673.57,*,AMZN200117C01410000,,call,01/17/2020,11/29/2018,1410,316.05,415.75,425.75,0,99,0.3768,0.7562,0.0005,-112.7407,558.3479,AMZN200117C01410000
AMZN,1673.57,*,AMZN200117P01410000,,put,01/17/2020,11/29/2018,1410,108.9,101.55,106.9,4,101,0.348,-0.2358,0.0005,-72.5354,548.3577,AMZN200117P01410000
AMZN,1673.57,*,AMZN200117C01420000,,call,01/17/2020,11/29/2018,1420,421.7,409.3,419.3,1,76,0.3759,0.7509,0.0005,-113.5448,564.8811,AMZN200117C01420000
AMZN,1673.57,*,AMZN200117P01420000,,put,01/17/2020,11/29/2018,1420,106.95,104,110.25,0,361,0.3468,-0.2414,0.0005,-73.0355,555.3943,AMZN200117P01420000
AMZN,1673.57,*,AMZN200117C01430000,,call,01/17/2020,11/29/2018,1430,275,403,412.9,0,73,0.3751,0.7455,0.0005,-114.3504,571.3354,AMZN200117C01430000
AMZN,1673.57,*,AMZN200117P01430000,,put,01/17/2020,11/29/2018,1430,136.9,106.3,115.45,0,279,0.347,-0.2474,0.0005,-73.8978,562.8236,AMZN200117P01430000
AMZN,1673.57,*,AMZN200117C01440000,,call,01/17/2020,11/29/2018,1440,329,396.6,406.6,0,63,0.3742,0.74,0.0005,-115.1026,577.6531,AMZN200117C01440000
AMZN,1673.57,*,AMZN200117P01440000,,put,01/17/2020,11/29/2018,1440,136.7,109.5,119,0,943,0.3464,-0.2533,0.0005,-74.5111,569.8263,AMZN200117P01440000
AMZN,1673.57,*,AMZN200117C01450000,,call,01/17/2020,11/29/2018,1450,339.29,390.3,400.3,0,235,0.3733,0.7345,0.0005,-115.8283,583.859,AMZN200117C01450000
AMZN,1673.57,*,AMZN200117P01450000,,put,01/17/2020,11/29/2018,1450,117.5,112.95,122.45,1,2099,0.3458,-0.2591,0.0005,-75.097,576.6961,AMZN200117P01450000
AMZN,1673.57,*,AMZN200117C01460000,,call,01/17/2020,11/29/2018,1460,311.05,384.1,394.1,0,98,0.3725,0.729,0.0005,-116.5544,589.9703,AMZN200117C01460000
AMZN,1673.57,*,AMZN200117P01460000,,put,01/17/2020,11/29/2018,1460,119.25,116.45,125.95,0,1194,0.3453,-0.2651,0.0005,-75.6827,583.4566,AMZN200117P01460000
AMZN,1673.57,*,AMZN200117C01470000,,call,01/17/2020,11/29/2018,1470,313.4,378,388,0,86,0.3718,0.7234,0.0005,-117.2805,595.9782,AMZN200117C01470000
AMZN,1673.57,*,AMZN200117P01470000,,put,01/17/2020,11/29/2018,1470,123,120,129.5,10,475,0.3447,-0.2711,0.0005,-76.2125,590.0462,AMZN200117P01470000
AMZN,1673.57,*,AMZN200117C01480000,,call,01/17/2020,11/29/2018,1480,273.85,371.9,381.9,0,124,0.3709,0.7178,0.0005,-117.9243,601.8235,AMZN200117C01480000
AMZN,1673.57,*,AMZN200117P01480000,,put,01/17/2020,11/29/2018,1480,127.1,123.65,133.15,1,78,0.3441,-0.2771,0.0005,-76.7135,596.4909,AMZN200117P01480000
AMZN,1673.57,*,AMZN200117C01490000,,call,01/17/2020,11/29/2018,1490,330,365.9,375.9,0,97,0.3702,0.7121,0.0005,-118.5948,607.5745,AMZN200117C01490000
AMZN,1673.57,*,AMZN200117P01490000,,put,01/17/2020,11/29/2018,1490,135,127.35,136.85,4,203,0.3436,-0.2832,0.0006,-77.2129,602.8079,AMZN200117P01490000
AMZN,1673.57,*,AMZN200117C01500000,,call,01/17/2020,11/29/2018,1500,367.9,359,367.9,3,838,0.367,0.7067,0.0005,-118.5546,612.8487,AMZN200117C01500000
AMZN,1673.57,*,AMZN200117P01500000,,put,01/17/2020,11/29/2018,1500,136,131.15,140.4,5,1208,0.3429,-0.2893,0.0006,-77.6277,608.9307,AMZN200117P01500000
AMZN,1673.57,*,AMZN200117C01510000,,call,01/17/2020,11/29/2018,1510,284.25,353,362,0,108,0.3661,0.7009,0.0005,-119.1136,618.3456,AMZN200117C01510000
AMZN,1673.57,*,AMZN200117P01510000,,put,01/17/2020,11/29/2018,1510,138.5,135,142.85,1,193,0.3412,-0.2953,0.0006,-77.7372,614.7334,AMZN200117P01510000
AMZN,1673.57,*,AMZN200117C01520000,,call,01/17/2020,11/29/2018,1520,307.46,347.25,356.1,0,55,0.3654,0.6951,0.0005,-119.6983,623.729,AMZN200117C01520000
AMZN,1673.57,*,AMZN200117P01520000,,put,01/17/2020,11/29/2018,1520,163.75,138.9,148.3,0,150,0.3419,-0.3017,0.0006,-78.4777,620.7769,AMZN200117P01520000
AMZN,1673.57,*,AMZN200117C01530000,,call,01/17/2020,11/29/2018,1530,338.1,341.5,350.3,0,245,0.3647,0.6892,0.0005,-120.2538,628.9685,AMZN200117C01530000
AMZN,1673.57,*,AMZN200117P01530000,,put,01/17/2020,11/29/2018,1530,146.22,142.9,151.65,1,107,0.3409,-0.3078,0.0006,-78.7193,626.3882,AMZN200117P01530000
AMZN,1673.57,*,AMZN200117C01540000,,call,01/17/2020,11/29/2018,1540,304.68,335.75,344.6,0,82,0.3639,0.6834,0.0005,-120.7526,634.054,AMZN200117C01540000
AMZN,1673.57,*,AMZN200117P01540000,,put,01/17/2020,11/29/2018,1540,179.75,147,156.5,0,202,0.3411,-0.3142,0.0006,-79.2608,631.9801,AMZN200117P01540000
AMZN,1673.57,*,AMZN200117C01550000,,call,01/17/2020,11/29/2018,1550,336.39,330.3,339,0,378,0.3638,0.6774,0.0006,-121.4135,639.0354,AMZN200117C01550000
AMZN,1673.57,*,AMZN200117P01550000,,put,01/17/2020,11/29/2018,1550,155.65,151.1,159.9,9,451,0.34,-0.3205,0.0006,-79.4131,637.2561,AMZN200117P01550000
AMZN,1673.57,*,AMZN200117C01560000,,call,01/17/2020,11/29/2018,1560,274.9,324.9,333.4,0,81,0.3632,0.6714,0.0006,-121.9079,643.8259,AMZN200117C01560000
AMZN,1673.57,*,AMZN200117P01560000,,put,01/17/2020,11/29/2018,1560,172,155.3,164.8,0,97,0.3401,-0.3268,0.0006,-79.8651,642.4672,AMZN200117P01560000
AMZN,1673.57,*,AMZN200117C01570000,,call,01/17/2020,11/29/2018,1570,261,319.55,327.8,0,48,0.363,0.6655,0.0006,-122.4823,648.4733,AMZN200117C01570000
AMZN,1673.57,*,AMZN200117P01570000,,put,01/17/2020,11/29/2018,1570,194.8,159.6,169,0,76,0.3396,-0.3332,0.0006,-80.1203,647.4469,AMZN200117P01570000
AMZN,1673.57,*,AMZN200117C01580000,,call,01/17/2020,11/29/2018,1580,260.76,313.95,322.4,0,71,0.3621,0.6595,0.0006,-122.8347,652.9398,AMZN200117C01580000
AMZN,1673.57,*,AMZN200117P01580000,,put,01/17/2020,11/29/2018,1580,175.2,163.95,173.45,3,381,0.3393,-0.3396,0.0006,-80.3994,652.256,AMZN200117P01580000
AMZN,1673.57,*,AMZN200117C01590000,,call,01/17/2020,11/29/2018,1590,283.2,308.55,317,0,67,0.3612,0.6535,0.0006,-123.1567,657.2544,AMZN200117C01590000
AMZN,1673.57,*,AMZN200117P01590000,,put,01/17/2020,11/29/2018,1590,173.55,168.35,177.85,3,259,0.3388,-0.346,0.0006,-80.5916,656.8727,AMZN200117P01590000
AMZN,1673.57,*,AMZN200117C01600000,,call,01/17/2020,11/29/2018,1600,315.73,303.25,311.65,2,1599,0.3604,0.6474,0.0006,-123.4759,661.4143,AMZN200117C01600000
AMZN,1673.57,*,AMZN200117P01600000,,put,01/17/2020,11/29/2018,1600,175,176.45,179.2,20,1916,0.3388,-0.3524,0.0006,-80.8909,661.3134,AMZN200117P01600000
AMZN,1673.57,*,AMZN200117C01610000,,call,01/17/2020,11/29/2018,1610,214.5,297,306.25,0,87,0.3588,0.6413,0.0006,-123.5432,665.4265,AMZN200117C01610000
AMZN,1673.57,*,AMZN200117P01610000,,put,01/17/2020,11/29/2018,1610,204.85,177.4,186.9,0,173,0.3381,-0.3589,0.0006,-80.9642,665.5561,AMZN200117P01610000
AMZN,1673.57,*,AMZN200117C01620000,,call,01/17/2020,11/29/2018,1620,289.2,292.75,301.05,1,112,0.3587,0.6352,0.0006,-123.9951,669.2589,AMZN200117C01620000
AMZN,1673.57,*,AMZN200117P01620000,,put,01/17/2020,11/29/2018,1620,184.45,182.05,191.5,2,198,0.3376,-0.3653,0.0006,-81.0612,669.6154,AMZN200117P01620000
AMZN,1673.57,*,AMZN200117C01630000,,call,01/17/2020,11/29/2018,1630,288,286.55,296.05,1,41,0.3573,0.6291,0.0006,-124.0555,672.9573,AMZN200117C01630000
AMZN,1673.57,*,AMZN200117P01630000,,put,01/17/2020,11/29/2018,1630,188.1,186.75,193.15,0,115,0.335,-0.3719,0.0006,-80.5385,673.5293,AMZN200117P01630000
AMZN,1673.57,*,AMZN200117C01640000,,call,01/17/2020,11/29/2018,1640,270.9,282.15,290.85,0,132,0.357,0.623,0.0006,-124.3914,676.4576,AMZN200117C01640000
AMZN,1673.57,*,AMZN200117P01640000,,put,01/17/2020,11/29/2018,1640,198.3,191.75,201.05,3,133,0.337,-0.3783,0.0006,-81.2719,677.1579,AMZN200117P01640000
AMZN,1673.57,*,AMZN200117C01650000,,call,01/17/2020,11/29/2018,1650,270,277.25,285.85,2,280,0.3563,0.6168,0.0006,-124.5854,679.8032,AMZN200117C01650000
AMZN,1673.57,*,AMZN200117P01650000,,put,01/17/2020,11/29/2018,1650,203,196.4,205.9,9,356,0.3365,-0.3848,0.0006,-81.2737,680.6472,AMZN200117P01650000
AMZN,1673.57,*,AMZN200117C01660000,,call,01/17/2020,11/29/2018,1660,285.19,272.25,281.05,1,72,0.3557,0.6107,0.0006,-124.7771,682.975,AMZN200117C01660000
AMZN,1673.57,*,AMZN200117P01660000,,put,01/17/2020,11/29/2018,1660,208,201.3,210.4,12,147,0.3358,-0.3913,0.0006,-81.1872,683.9549,AMZN200117P01660000
AMZN,1673.57,*,AMZN200117C01680000,,call,01/17/2020,11/29/2018,1680,272,262.6,271.35,5,272,0.3544,0.5983,0.0006,-125.0412,688.8114,AMZN200117C01680000
AMZN,1673.57,*,AMZN200117P01680000,,put,01/17/2020,11/29/2018,1680,212.23,211.35,217.5,5,254,0.333,-0.4046,0.0007,-80.5181,690.0803,AMZN200117P01680000
AMZN,1673.57,*,AMZN200117C01700000,,call,01/17/2020,11/29/2018,1700,260.8,252.5,261.85,28,1188,0.3526,0.5858,0.0006,-125.0411,693.9937,AMZN200117C01700000
AMZN,1673.57,*,AMZN200117P01700000,,put,01/17/2020,11/29/2018,1700,222.22,221.65,231,2,911,0.3347,-0.4173,0.0007,-81.0089,695.1709,AMZN200117P01700000
AMZN,1673.57,*,AMZN200117C01720000,,call,01/17/2020,11/29/2018,1720,239.24,243.5,252.55,0,193,0.3515,0.5734,0.0006,-125.1204,698.4358,AMZN200117C01720000
AMZN,1673.57,*,AMZN200117P01720000,,put,01/17/2020,11/29/2018,1720,244.1,232.25,241.5,0,214,0.3341,-0.4303,0.0007,-80.7212,699.616,AMZN200117P01720000
AMZN,1673.57,*,AMZN200117C01740000,,call,01/17/2020,11/29/2018,1740,241.95,234.5,243.65,1,278,0.3504,0.561,0.0006,-125.0817,702.1795,AMZN200117C01740000
AMZN,1673.57,*,AMZN200117P01740000,,put,01/17/2020,11/29/2018,1740,244,243.15,252.5,2,388,0.3337,-0.4432,0.0007,-80.3717,703.2766,AMZN200117P01740000
AMZN,1673.57,*,AMZN200117C01760000,,call,01/17/2020,11/29/2018,1760,235.71,228.9,234.75,9,353,0.3514,0.5491,0.0006,-125.5488,705.0954,AMZN200117C01760000
AMZN,1673.57,*,AMZN200117P01760000,,put,01/17/2020,11/29/2018,1760,255,254.35,263.5,2,198,0.3331,-0.4561,0.0007,-79.8455,706.1859,AMZN200117P01760000
AMZN,1673.57,*,AMZN200117C01780000,,call,01/17/2020,11/29/2018,1780,218.82,217.1,226.3,6,217,0.3482,0.5361,0.0006,-124.6565,707.5746,AMZN200117C01780000
AMZN,1673.57,*,AMZN200117P01780000,,put,01/17/2020,11/29/2018,1780,270,265.7,275,1,248,0.3326,-0.4689,0.0007,-79.2334,708.3348,AMZN200117P01780000
AMZN,1673.57,*,AMZN200117C01800000,,call,01/17/2020,11/29/2018,1800,217.73,212.3,218.2,9,1313,0.3498,0.5247,0.0006,-125.0959,709.1277,AMZN200117C01800000
AMZN,1673.57,*,AMZN200117P01800000,,put,01/17/2020,11/29/2018,1800,276.73,276.5,285.85,19,984,0.3311,-0.4821,0.0007,-78.202,709.7711,AMZN200117P01800000
AMZN,1673.57,*,AMZN200117C01820000,,call,01/17/2020,11/29/2018,1820,160.66,201.85,210.4,0,197,0.3474,0.5119,0.0006,-124.2133,710.1716,AMZN200117C01820000
AMZN,1673.57,*,AMZN200117P01820000,,put,01/17/2020,11/29/2018,1820,290.2,289.1,299,2,355,0.332,-0.4942,0.0007,-77.7994,710.4145,AMZN200117P01820000
AMZN,1673.57,*,AMZN200117C01840000,,call,01/17/2020,11/29/2018,1840,191.47,196.75,202.55,0,322,0.3484,0.5006,0.0006,-124.2774,710.4889,AMZN200117C01840000
AMZN,1673.57,*,AMZN200117P01840000,,put,01/17/2020,11/29/2018,1840,427.05,301.4,311,0,153,0.3317,-0.5067,0.0007,-76.9242,710.3902,AMZN200117P01840000
AMZN,1673.57,*,AMZN200117C01860000,,call,01/17/2020,11/29/2018,1860,149.88,186.1,195.2,0,134,0.3457,0.4877,0.0006,-123.0784,710.1518,AMZN200117C01860000
AMZN,1673.57,*,AMZN200117P01860000,,put,01/17/2020,11/29/2018,1860,320.67,314.25,324,1,222,0.332,-0.5187,0.0007,-76.141,709.7056,AMZN200117P01860000
AMZN,1673.57,*,AMZN200117C01880000,,call,01/17/2020,11/29/2018,1880,190.27,179.3,187.9,11,293,0.3442,0.4754,0.0006,-122.1493,709.1353,AMZN200117C01880000
AMZN,1673.57,*,AMZN200117P01880000,,put,01/17/2020,11/29/2018,1880,389.96,326.65,336.5,0,119,0.3314,-0.5311,0.0007,-74.973,708.3291,AMZN200117P01880000
AMZN,1673.57,*,AMZN200117C01900000,,call,01/17/2020,11/29/2018,1900,181,175.3,180.85,13,1349,0.3455,0.4646,0.0006,-122.0391,707.6849,AMZN200117C01900000
AMZN,1673.57,*,AMZN200117P01900000,,put,01/17/2020,11/29/2018,1900,343.4,339.6,349.5,5,554,0.3312,-0.5431,0.0007,-73.8414,706.333,AMZN200117P01900000
AMZN,1673.57,*,AMZN200117C01920000,,call,01/17/2020,11/29/2018,1920,163.78,164.9,174.05,0,681,0.3421,0.4514,0.0006,-120.2848,705.2023,AMZN200117C01920000
AMZN,1673.57,*,AMZN200117P01920000,,put,01/17/2020,11/29/2018,1920,430.95,353.2,363,0,210,0.3316,-0.5547,0.0007,-72.8244,703.81,AMZN200117P01920000
AMZN,1673.57,*,AMZN200117C01940000,,call,01/17/2020,11/29/2018,1940,167,162,167.45,8,719,0.3439,0.4412,0.0006,-120.184,702.7515,AMZN200117C01940000
AMZN,1673.57,*,AMZN200117P01940000,,put,01/17/2020,11/29/2018,1940,490.35,366.5,376,0,146,0.3311,-0.5666,0.0007,-71.4205,700.5808,AMZN200117P01940000
AMZN,1673.57,*,AMZN200117C01960000,,call,01/17/2020,11/29/2018,1960,157.6,152.5,161.05,3,302,0.3408,0.4282,0.0006,-118.3287,698.9546,AMZN200117C01960000
AMZN,1673.57,*,AMZN200117P01960000,,put,01/17/2020,11/29/2018,1960,471.49,380.25,390.25,0,114,0.3315,-0.5777,0.0007,-70.248,696.9666,AMZN200117P01960000
AMZN,1673.57,*,AMZN200117C01980000,,call,01/17/2020,11/29/2018,1980,153.88,146,154.9,4,446,0.3398,0.4166,0.0006,-117.1043,694.9058,AMZN200117C01980000
AMZN,1673.57,*,AMZN200117P01980000,,put,01/17/2020,11/29/2018,1980,460.56,394,403.6,0,83,0.331,-0.5893,0.0007,-68.6861,692.6223,AMZN200117P01980000
AMZN,1673.57,*,AMZN200117C02000000,,call,01/17/2020,11/29/2018,2000,147.85,140,148.95,43,5303,0.339,0.4052,0.0006,-115.8708,690.3496,AMZN200117C02000000
AMZN,1673.57,*,AMZN200117P02000000,,put,01/17/2020,11/29/2018,2000,409.25,408.5,418,58,2764,0.3316,-0.5999,0.0007,-67.4469,688.0878,AMZN200117P02000000
AMZN,1673.57,*,AMZN200117C02020000,,call,01/17/2020,11/29/2018,2020,143.95,134.5,143.2,24,338,0.3385,0.3942,0.0006,-114.6721,685.367,AMZN200117C02020000
AMZN,1673.57,*,AMZN200117P02020000,,put,01/17/2020,11/29/2018,2020,425.55,423,433,2,149,0.3323,-0.6103,0.0006,-66.1863,683.1785,AMZN200117P02020000
AMZN,1673.57,*,AMZN200117C02025000,,call,01/17/2020,11/29/2018,2025,125.07,134.05,141.8,0,255,0.339,0.3919,0.0006,-114.5911,684.2662,AMZN200117C02025000
AMZN,1673.57,*,AMZN200117P02025000,,put,01/17/2020,11/29/2018,2025,562.9,427,437,0,110,0.3329,-0.6125,0.0006,-66.0197,682.0515,AMZN200117P02025000
AMZN,1673.57,*,AMZN200117C02100000,,call,01/17/2020,11/29/2018,2100,115.5,117.5,122.2,5,1143,0.3389,0.3537,0.0006,-110.1777,662.1791,AMZN200117C02100000
AMZN,1673.57,*,AMZN200117P02100000,,put,01/17/2020,11/29/2018,2100,553.8,483.5,492.85,0,127,0.3344,-0.6499,0.0006,-60.3795,659.6985,AMZN200117P02100000
AMZN,1673.57,*,AMZN200117C02175000,,call,01/17/2020,11/29/2018,2175,74.8,99,104.35,0,292,0.3352,0.315,0.0006,-103.6279,632.644,AMZN200117C02175000
AMZN,1673.57,*,AMZN200117P02175000,,put,01/17/2020,11/29/2018,2175,563.78,543,552.95,0,125,0.3382,-0.6824,0.0006,-55.1048,634.9016,AMZN200117P02175000
AMZN,1673.57,*,AMZN200117C02180000,,call,01/17/2020,11/29/2018,2180,74.2,96.5,103.3,0,326,0.3339,0.3115,0.0006,-102.7311,629.6574,AMZN200117C02180000
AMZN,1673.57,*,AMZN200117P02180000,,put,01/17/2020,11/29/2018,2180,567.93,547.5,556.95,0,152,0.3388,-0.6841,0.0006,-54.883,633.4229,AMZN200117P02180000
AMZN,1673.57,*,AMZN200117C02200000,,call,01/17/2020,11/29/2018,2200,97,92.8,99.25,6,869,0.3338,0.3024,0.0006,-101.2279,621.4642,AMZN200117C02200000
AMZN,1673.57,*,AMZN200117P02200000,,put,01/17/2020,11/29/2018,2200,635.83,563.5,572.85,0,73,0.3393,-0.6926,0.0006,-53.1989,625.9821,AMZN200117P02200000
AMZN,1673.57,*,AMZN200117C02250000,,call,01/17/2020,11/29/2018,2250,85.2,83.6,89.75,0,351,0.333,0.28,0.0006,-97.1107,599.462,AMZN200117C02250000
AMZN,1673.57,*,AMZN200117P02250000,,put,01/17/2020,11/29/2018,2250,761.2,605.5,615,0,52,0.3433,-0.7104,0.0006,-50.0683,609.1854,AMZN200117P02250000
AMZN,1673.57,*,AMZN200117C02275000,,call,01/17/2020,11/29/2018,2275,85.46,79.1,85.35,1,56,0.3325,0.2691,0.0006,-94.9502,587.8508,AMZN200117C02275000
AMZN,1673.57,*,AMZN200117P02275000,,put,01/17/2020,11/29/2018,2275,784.45,627,636.4,0,44,0.3455,-0.7187,0.0005,-48.5687,600.8909,AMZN200117P02275000
AMZN,1673.57,*,AMZN200117C02300000,,call,01/17/2020,11/29/2018,2300,81.17,74.8,81.15,3,595,0.332,0.2585,0.0005,-92.7582,575.9419,AMZN200117C02300000
AMZN,1673.57,*,AMZN200117P02300000,,put,01/17/2020,11/29/2018,2300,787.88,648.5,658,0,144,0.3477,-0.7265,0.0005,-47.0621,592.5938,AMZN200117P02300000
AMZN,1673.57,*,AMZN200117C02325000,,call,01/17/2020,11/29/2018,2325,76.15,69.5,77.15,1,346,0.3304,0.2471,0.0005,-90.046,562.454,AMZN200117C02325000
AMZN,1673.57,*,AMZN200117P02325000,,put,01/17/2020,11/29/2018,2325,798.2,670,679.4,0,64,0.3496,-0.7344,0.0005,-45.4192,584.0042,AMZN200117P02325000
AMZN,1673.57,*,AMZN200117C02350000,,call,01/17/2020,11/29/2018,2350,72.45,66.2,73.4,2,421,0.3305,0.2377,0.0005,-88.0759,550.751,AMZN200117C02350000
AMZN,1673.57,*,AMZN200117P02350000,,put,01/17/2020,11/29/2018,2350,821.85,692.5,702,0,47,0.353,-0.7405,0.0005,-44.4421,577.0527,AMZN200117P02350000
AMZN,1673.57,*,AMZN200117C02355000,,call,01/17/2020,11/29/2018,2355,66.7,65.25,73,0,189,0.3305,0.2358,0.0005,-87.6715,548.3707,AMZN200117C02355000
AMZN,1673.57,*,AMZN200117P02355000,,put,01/17/2020,11/29/2018,2355,826.55,697,706.45,0,76,0.3536,-0.7418,0.0005,-44.2122,575.5926,AMZN200117P02355000
AMZN,1673.57,*,AMZN200117C02400000,,call,01/17/2020,11/29/2018,2400,65.45,59.2,66.75,8,1106,0.3308,0.2199,0.0005,-84.1597,527.1884,AMZN200117C02400000
AMZN,1673.57,*,AMZN200117P02400000,,put,01/17/2020,11/29/2018,2400,819.76,737,746.95,0,262,0.3588,-0.7529,0.0005,-42.0689,562.4472,AMZN200117P02400000
AMZN,1673.57,*,AMZN200117C02500000,,call,01/17/2020,11/29/2018,2500,53.05,47.25,54.9,38,1223,0.3297,0.186,0.0005,-75.5526,477.023,AMZN200117C02500000
AMZN,1673.57,*,AMZN200117P02500000,,put,01/17/2020,11/29/2018,2500,887.56,829.5,839,0,79,0.3733,-0.7718,0.0005,-38.8038,538.4413,AMZN200117P02500000
AMZN,1673.57,*,AMZN200117C02600000,,call,01/17/2020,11/29/2018,2600,44.74,39,43.2,2,696,0.3287,0.1566,0.0004,-67.194,427.2563,AMZN200117C02600000
AMZN,1673.57,*,AMZN200117P02600000,,put,01/17/2020,11/29/2018,2600,1078.5,924.5,934,0,129,0.3909,-0.7844,0.0004,-37.2873,521.2168,AMZN200117P02600000
AMZN,1673.57,*,AMZN200117C02700000,,call,01/17/2020,11/29/2018,2700,36.33,31.5,37.5,3,706,0.3307,0.134,0.0004,-60.6411,384.7582,AMZN200117C02700000
AMZN,1673.57,*,AMZN200117P02700000,,put,01/17/2020,11/29/2018,2700,1119.68,1022,1031.5,0,2,0.4119,-0.7914,0.0004,-37.7383,511.2354,AMZN200117P02700000
AMZN,1673.57,*,AMZN200117C02800000,,call,01/17/2020,11/29/2018,2800,29.5,25,29.3,2,772,0.328,0.1105,0.0003,-52.3711,336.0205,AMZN200117C02800000
AMZN,1673.57,*,AMZN200117P02800000,,put,01/17/2020,11/29/2018,2800,771.45,1121,1131,0,2,0.4352,-0.7945,0.0004,-39.6672,506.6794,AMZN200117P02800000
AMZN,1673.57,*,AMZN200117C02900000,,call,01/17/2020,11/29/2018,2900,23,20,24.4,1,998,0.3287,0.0933,0.0003,-46.2524,297.0205,AMZN200117C02900000
AMZN,1673.57,*,AMZN200117P02900000,,put,01/17/2020,11/29/2018,2900,1113.31,1221,1231,0,1,0.459,-0.7958,0.0003,-42.2085,504.788,AMZN200117P02900000
AMZN,1673.57,*,AMZN200117C03000000,,call,01/17/2020,11/29/2018,3000,19.78,19,20,26,926,0.3348,0.083,0.0003,-43.0281,272.1393,AMZN200117C03000000
AMZN,1673.57,*,AMZN200117P03000000,,put,01/17/2020,11/29/2018,3000,1317,1321,1330.55,1,0,0.4815,-0.797,0.0003,-44.4653,503.0574,AMZN200117P03000000
AMZN,1673.57,*,AMZN200619C00760000,,call,06/19/2020,11/29/2018,760,0,965,974.9,0,0,0.5006,0.949,0.0001,-49.7254,218.5558,AMZN200619C00760000
AMZN,1673.57,*,AMZN200619P00760000,,put,06/19/2020,11/29/2018,760,10.2,8,10.5,2,8,0.3863,-0.0253,0.0001,-14.0716,122.9675,AMZN200619P00760000
AMZN,1673.57,*,AMZN200619C00780000,,call,06/19/2020,11/29/2018,780,786.25,947.05,957,0,7,0.4931,0.9461,0.0001,-51.0463,228.2659,AMZN200619C00780000
AMZN,1673.57,*,AMZN200619P00780000,,put,06/19/2020,11/29/2018,780,17.7,10,15,0,12,0.3985,-0.0315,0.0001,-17.4419,148.0059,AMZN200619P00780000
AMZN,1673.57,*,AMZN200619C00800000,,call,06/19/2020,11/29/2018,800,866,929.5,939.35,0,6,0.4869,0.9429,0.0001,-52.5684,239.0673,AMZN200619C00800000
AMZN,1673.57,*,AMZN200619P00800000,,put,06/19/2020,11/29/2018,800,23.75,11,16,0,27,0.394,-0.0342,0.0001,-18.3833,158.1324,AMZN200619P00800000
AMZN,1673.57,*,AMZN200619C00820000,,call,06/19/2020,11/29/2018,820,0,911.7,921.5,0,0,0.4801,0.9397,0.0001,-53.955,249.555,AMZN200619C00820000
AMZN,1673.57,*,AMZN200619P00820000,,put,06/19/2020,11/29/2018,820,14.7,12,15.3,0,48,0.3842,-0.0355,0.0001,-18.4552,163.2133,AMZN200619P00820000
AMZN,1673.57,*,AMZN200619C00840000,,call,06/19/2020,11/29/2018,840,0,893.5,903,0,0,0.4708,0.937,0.0001,-54.8431,258.2021,AMZN200619C00840000
AMZN,1673.57,*,AMZN200619P00840000,,put,06/19/2020,11/29/2018,840,16.16,13.5,16.6,0,15,0.3817,-0.0389,0.0001,-19.7138,175.8954,AMZN200619P00840000
AMZN,1673.57,*,AMZN200619C00860000,,call,06/19/2020,11/29/2018,860,721.75,876,885.6,0,66,0.4648,0.9334,0.0001,-56.3116,269.554,AMZN200619C00860000
AMZN,1673.57,*,AMZN200619P00860000,,put,06/19/2020,11/29/2018,860,17.75,15.5,19,7,470,0.3827,-0.0436,0.0001,-21.6109,192.7484,AMZN200619P00860000
AMZN,1673.57,*,AMZN200619C00880000,,call,06/19/2020,11/29/2018,880,1016.45,859,868.45,0,1,0.4604,0.9293,0.0001,-58.0624,282.3514,AMZN200619C00880000
AMZN,1673.57,*,AMZN200619P00880000,,put,06/19/2020,11/29/2018,880,19.65,17.5,22.5,5,44,0.3853,-0.049,0.0001,-23.8616,211.852,AMZN200619P00880000
AMZN,1673.57,*,AMZN200619C00900000,,call,06/19/2020,11/29/2018,900,950,841.5,851.35,0,20,0.4545,0.9254,0.0001,-59.4992,294.0933,AMZN200619C00900000
AMZN,1673.57,*,AMZN200619P00900000,,put,06/19/2020,11/29/2018,900,25,19.5,24.5,0,82,0.3835,-0.0534,0.0001,-25.3532,226.7075,AMZN200619P00900000
AMZN,1673.57,*,AMZN200619C00920000,,call,06/19/2020,11/29/2018,920,981.05,824.5,834.4,0,1,0.4496,0.9212,0.0002,-61.1058,306.8019,AMZN200619C00920000
AMZN,1673.57,*,AMZN200619P00920000,,put,06/19/2020,11/29/2018,920,31.22,21,27,0,49,0.3811,-0.0578,0.0001,-26.7458,241.2814,AMZN200619P00920000
AMZN,1673.57,*,AMZN200619C00940000,,call,06/19/2020,11/29/2018,940,0,808,817.6,0,0,0.4457,0.9165,0.0002,-62.8887,320.4832,AMZN200619C00940000
AMZN,1673.57,*,AMZN200619P00940000,,put,06/19/2020,11/29/2018,940,36,23.4,28.9,0,20,0.379,-0.0625,0.0002,-28.2051,256.5245,AMZN200619P00940000
AMZN,1673.57,*,AMZN200619C00960000,,call,06/19/2020,11/29/2018,960,984.13,791,800.75,0,3,0.4407,0.9119,0.0002,-64.4243,333.405,AMZN200619C00960000
AMZN,1673.57,*,AMZN200619P00960000,,put,06/19/2020,11/29/2018,960,38.5,25,31,0,213,0.3752,-0.0668,0.0002,-29.3288,270.1988,AMZN200619P00960000
AMZN,1673.57,*,AMZN200619C00980000,,call,06/19/2020,11/29/2018,980,714,774.5,784.25,0,3,0.4368,0.9069,0.0002,-66.1578,347.3646,AMZN200619C00980000
AMZN,1673.57,*,AMZN200619P00980000,,put,06/19/2020,11/29/2018,980,47,27.5,33.5,0,23,0.3734,-0.072,0.0002,-30.8524,286.39,AMZN200619P00980000
AMZN,1673.57,*,AMZN200619C01000000,,call,06/19/2020,11/29/2018,1000,748,757.5,767.3,0,48,0.4315,0.9022,0.0002,-67.5721,360.306,AMZN200619C01000000
AMZN,1673.57,*,AMZN200619P01000000,,put,06/19/2020,11/29/2018,1000,32.9,30,36,0,405,0.3712,-0.0774,0.0002,-32.2941,302.4099,AMZN200619P01000000
AMZN,1673.57,*,AMZN200619C01020000,,call,06/19/2020,11/29/2018,1020,731.4,741.5,751.3,0,2,0.4287,0.8965,0.0002,-69.4794,375.3954,AMZN200619C01020000
AMZN,1673.57,*,AMZN200619P01020000,,put,06/19/2020,11/29/2018,1020,54.5,33,38.9,0,31,0.37,-0.0833,0.0002,-33.9421,319.7837,AMZN200619P01020000
AMZN,1673.57,*,AMZN200619C01040000,,call,06/19/2020,11/29/2018,1040,581.25,725.5,735.25,0,7,0.4252,0.8909,0.0002,-71.211,390.0045,AMZN200619C01040000
AMZN,1673.57,*,AMZN200619P01040000,,put,06/19/2020,11/29/2018,1040,57.2,36,42,0,9,0.3685,-0.0894,0.0002,-35.5224,337.0297,AMZN200619P01040000
AMZN,1673.57,*,AMZN200619C01060000,,call,06/19/2020,11/29/2018,1060,563.72,709.25,719,0,8,0.4204,0.8855,0.0002,-72.6326,403.6741,AMZN200619C01060000
AMZN,1673.57,*,AMZN200619P01060000,,put,06/19/2020,11/29/2018,1060,58,39,45,0,5,0.3664,-0.0954,0.0002,-36.9632,353.8032,AMZN200619P01060000
AMZN,1673.57,*,AMZN200619C01080000,,call,06/19/2020,11/29/2018,1080,553,693.5,703.4,0,8,0.4174,0.8794,0.0002,-74.4043,418.8252,AMZN200619C01080000
AMZN,1673.57,*,AMZN200619P01080000,,put,06/19/2020,11/29/2018,1080,46.5,40.35,49.5,0,18,0.3637,-0.1015,0.0002,-38.2561,370.0999,AMZN200619P01080000
AMZN,1673.57,*,AMZN200619C01100000,,call,06/19/2020,11/29/2018,1100,545.7,677.5,687.35,0,5,0.4132,0.8735,0.0002,-75.8811,433.1078,AMZN200619C01100000
AMZN,1673.57,*,AMZN200619P01100000,,put,06/19/2020,11/29/2018,1100,57.22,44,52.5,0,78,0.3617,-0.108,0.0002,-39.6812,387.2797,AMZN200619P01100000
AMZN,1673.57,*,AMZN200619C01120000,,call,06/19/2020,11/29/2018,1120,646.64,662.25,672.25,0,9,0.4107,0.8669,0.0003,-77.6881,448.6935,AMZN200619C01120000
AMZN,1673.57,*,AMZN200619P01120000,,put,06/19/2020,11/29/2018,1120,52.37,46.75,55.1,1,20,0.3578,-0.1141,0.0003,-40.6601,402.6136,AMZN200619P01120000
AMZN,1673.57,*,AMZN200619C01140000,,call,06/19/2020,11/29/2018,1140,527.5,647,656.9,0,8,0.4077,0.8602,0.0003,-79.3469,463.9,AMZN200619C01140000
AMZN,1673.57,*,AMZN200619P01140000,,put,06/19/2020,11/29/2018,1140,75.55,51.2,60,0,22,0.3584,-0.1221,0.0003,-42.6136,422.5953,AMZN200619P01140000
AMZN,1673.57,*,AMZN200619C01160000,,call,06/19/2020,11/29/2018,1160,489.5,631.5,641.3,0,3,0.4039,0.8536,0.0003,-80.7881,478.5391,AMZN200619C01160000
AMZN,1673.57,*,AMZN200619P01160000,,put,06/19/2020,11/29/2018,1160,61,54.65,64,1,57,0.3563,-0.1294,0.0003,-43.9352,439.8614,AMZN200619P01160000
AMZN,1673.57,*,AMZN200619C01180000,,call,06/19/2020,11/29/2018,1180,539.45,617,626.85,0,5,0.402,0.8463,0.0003,-82.6014,494.4251,AMZN200619C01180000
AMZN,1673.57,*,AMZN200619P01180000,,put,06/19/2020,11/29/2018,1180,63.05,59,68,0,184,0.3547,-0.137,0.0003,-45.3346,457.5984,AMZN200619P01180000
AMZN,1673.57,*,AMZN200619C01200000,,call,06/19/2020,11/29/2018,1200,553,602,611.9,0,20,0.3988,0.8392,0.0003,-84.0826,509.3773,AMZN200619C01200000
AMZN,1673.57,*,AMZN200619P01200000,,put,06/19/2020,11/29/2018,1200,0,64.15,72.5,0,220,0.3542,-0.1453,0.0003,-46.9449,476.2437,AMZN200619P01200000
AMZN,1673.57,*,AMZN200619C01220000,,call,06/19/2020,11/29/2018,1220,471,587.5,597.4,0,4,0.3963,0.8317,0.0003,-85.6686,524.6795,AMZN200619C01220000
AMZN,1673.57,*,AMZN200619P01220000,,put,06/19/2020,11/29/2018,1220,100.24,68,77,0,25,0.3519,-0.1531,0.0003,-48.1068,493.2021,AMZN200619P01220000
AMZN,1673.57,*,AMZN200619C01240000,,call,06/19/2020,11/29/2018,1240,479.82,573,582.9,0,3,0.3935,0.8241,0.0003,-87.1372,539.6846,AMZN200619C01240000
AMZN,1673.57,*,AMZN200619P01240000,,put,06/19/2020,11/29/2018,1240,106.6,72.55,82,0,140,0.3505,-0.1615,0.0003,-49.427,510.8064,AMZN200619P01240000
AMZN,1673.57,*,AMZN200619C01260000,,call,06/19/2020,11/29/2018,1260,640,559,568.9,0,0,0.3914,0.8161,0.0003,-88.7066,554.9295,AMZN200619C01260000
AMZN,1673.57,*,AMZN200619P01260000,,put,06/19/2020,11/29/2018,1260,85.83,77.55,87,0,39,0.3491,-0.1701,0.0003,-50.6984,528.2322,AMZN200619P01260000
AMZN,1673.57,*,AMZN200619C01280000,,call,06/19/2020,11/29/2018,1280,436,545,554.9,0,4,0.389,0.808,0.0003,-90.1539,569.8281,AMZN200619C01280000
AMZN,1673.57,*,AMZN200619P01280000,,put,06/19/2020,11/29/2018,1280,111.07,83.25,92.5,0,22,0.3485,-0.1792,0.0004,-52.0989,546.0042,AMZN200619P01280000
AMZN,1673.57,*,AMZN200619C01300000,,call,06/19/2020,11/29/2018,1300,418.72,531.5,541.35,0,28,0.3871,0.7996,0.0003,-91.6535,584.7554,AMZN200619C01300000
AMZN,1673.57,*,AMZN200619P01300000,,put,06/19/2020,11/29/2018,1300,92,89.2,97.75,1,205,0.3474,-0.1883,0.0004,-53.3304,563.1266,AMZN200619P01300000
AMZN,1673.57,*,AMZN200619C01320000,,call,06/19/2020,11/29/2018,1320,559.85,518,527.85,0,5,0.3849,0.7912,0.0004,-93.0266,599.3003,AMZN200619C01320000
AMZN,1673.57,*,AMZN200619P01320000,,put,06/19/2020,11/29/2018,1320,121.25,94.5,104,0,28,0.3463,-0.1976,0.0004,-54.5031,579.9395,AMZN200619P01320000
AMZN,1673.57,*,AMZN200619C01340000,,call,06/19/2020,11/29/2018,1340,631,504.5,514.4,0,5,0.3826,0.7826,0.0004,-94.3153,613.5509,AMZN200619C01340000
AMZN,1673.57,*,AMZN200619P01340000,,put,06/19/2020,11/29/2018,1340,149.4,100.1,109.8,0,91,0.3448,-0.207,0.0004,-55.5235,596.1922,AMZN200619P01340000
AMZN,1673.57,*,AMZN200619C01360000,,call,06/19/2020,11/29/2018,1360,560,491.5,501.4,0,14,0.3807,0.7738,0.0004,-95.628,627.6689,AMZN200619C01360000
AMZN,1673.57,*,AMZN200619P01360000,,put,06/19/2020,11/29/2018,1360,178.12,106.75,116.75,0,56,0.3447,-0.2169,0.0004,-56.7952,612.8045,AMZN200619P01360000
AMZN,1673.57,*,AMZN200619C01380000,,call,06/19/2020,11/29/2018,1380,342,478.5,488.4,0,14,0.3786,0.7649,0.0004,-96.8304,641.4053,AMZN200619C01380000
AMZN,1673.57,*,AMZN200619P01380000,,put,06/19/2020,11/29/2018,1380,157.48,113,122.65,0,24,0.343,-0.2266,0.0004,-57.6388,628.2052,AMZN200619P01380000
AMZN,1673.57,*,AMZN200619C01400000,,call,06/19/2020,11/29/2018,1400,365.05,466,475.9,0,29,0.377,0.7557,0.0004,-98.0751,654.9498,AMZN200619C01400000
AMZN,1673.57,*,AMZN200619P01400000,,put,06/19/2020,11/29/2018,1400,146.78,119.8,129.3,0,263,0.3421,-0.2366,0.0004,-58.5929,643.5493,AMZN200619P01400000
AMZN,1673.57,*,AMZN200619C01420000,,call,06/19/2020,11/29/2018,1420,447.5,453,462.95,0,11,0.3743,0.7465,0.0004,-99.0077,667.8563,AMZN200619C01420000
AMZN,1673.57,*,AMZN200619P01420000,,put,06/19/2020,11/29/2018,1420,152.85,126.5,136.5,0,39,0.3412,-0.2467,0.0004,-59.4751,658.4162,AMZN200619P01420000
AMZN,1673.57,*,AMZN200619C01440000,,call,06/19/2020,11/29/2018,1440,431.08,441,450.85,0,2,0.3728,0.7371,0.0004,-100.1338,680.6761,AMZN200619C01440000
AMZN,1673.57,*,AMZN200619P01440000,,put,06/19/2020,11/29/2018,1440,167,133.5,143.5,0,47,0.34,-0.257,0.0005,-60.2159,672.6926,AMZN200619P01440000
AMZN,1673.57,*,AMZN200619C01460000,,call,06/19/2020,11/29/2018,1460,390,429.35,439,0,13,0.3715,0.7275,0.0004,-101.2316,693.1002,AMZN200619C01460000
AMZN,1673.57,*,AMZN200619P01460000,,put,06/19/2020,11/29/2018,1460,172.38,141,151,0,143,0.3393,-0.2674,0.0005,-60.9933,686.5962,AMZN200619P01460000
AMZN,1673.57,*,AMZN200619C01480000,,call,06/19/2020,11/29/2018,1480,322.5,417.5,427.4,0,4,0.3699,0.7178,0.0004,-102.1896,705.0281,AMZN200619C01480000
AMZN,1673.57,*,AMZN200619P01480000,,put,06/19/2020,11/29/2018,1480,192.5,148.5,158.5,0,33,0.3382,-0.2779,0.0005,-61.6037,699.8534,AMZN200619P01480000
AMZN,1673.57,*,AMZN200619C01500000,,call,06/19/2020,11/29/2018,1500,403,406,415.95,1,113,0.3685,0.708,0.0004,-103.1172,716.5211,AMZN200619C01500000
AMZN,1673.57,*,AMZN200619P01500000,,put,06/19/2020,11/29/2018,1500,159.77,156.85,166.35,4,404,0.3377,-0.2887,0.0005,-62.2701,712.6577,AMZN200619P01500000
AMZN,1673.57,*,AMZN200619C01520000,,call,06/19/2020,11/29/2018,1520,400,394.5,404.5,0,28,0.3667,0.6981,0.0005,-103.8806,727.507,AMZN200619C01520000
AMZN,1673.57,*,AMZN200619P01520000,,put,06/19/2020,11/29/2018,1520,179.72,164.5,174.5,0,81,0.3365,-0.2994,0.0005,-62.6998,724.7605,AMZN200619P01520000
AMZN,1673.57,*,AMZN200619C01540000,,call,06/19/2020,11/29/2018,1540,342.25,383.5,393.5,0,8,0.3654,0.6881,0.0005,-104.6786,738.0378,AMZN200619C01540000
AMZN,1673.57,*,AMZN200619P01540000,,put,06/19/2020,11/29/2018,1540,175.96,173,183,4,73,0.3359,-0.3102,0.0005,-63.1838,736.3353,AMZN200619P01540000
AMZN,1673.57,*,AMZN200619C01560000,,call,06/19/2020,11/29/2018,1560,295.5,372.5,382.4,0,25,0.3637,0.678,0.0005,-105.3105,748.051,AMZN200619C01560000
AMZN,1673.57,*,AMZN200619P01560000,,put,06/19/2020,11/29/2018,1560,183.8,181.5,191.5,0,79,0.335,-0.3211,0.0005,-63.519,747.2589,AMZN200619P01560000
AMZN,1673.57,*,AMZN200619C01580000,,call,06/19/2020,11/29/2018,1580,365,361.75,371.75,1,20,0.3623,0.6679,0.0005,-105.932,757.553,AMZN200619C01580000
AMZN,1673.57,*,AMZN200619P01580000,,put,06/19/2020,11/29/2018,1580,229.44,190.5,200.5,0,27,0.3346,-0.3321,0.0005,-63.886,757.5627,AMZN200619P01580000
AMZN,1673.57,*,AMZN200619C01600000,,call,06/19/2020,11/29/2018,1600,355.96,351.5,361.5,18,232,0.3616,0.6577,0.0005,-106.6338,766.4958,AMZN200619C01600000
AMZN,1673.57,*,AMZN200619P01600000,,put,06/19/2020,11/29/2018,1600,201.9,199.65,209.65,1,390,0.3339,-0.3432,0.0005,-64.1036,767.2022,AMZN200619P01600000
AMZN,1673.57,*,AMZN200619C01620000,,call,06/19/2020,11/29/2018,1620,321.5,341.5,351.4,0,13,0.3607,0.6474,0.0005,-107.2143,774.8802,AMZN200619C01620000
AMZN,1673.57,*,AMZN200619P01620000,,put,06/19/2020,11/29/2018,1620,219,209,219,0,61,0.3332,-0.3542,0.0005,-64.2396,776.1841,AMZN200619P01620000
AMZN,1673.57,*,AMZN200619C01640000,,call,06/19/2020,11/29/2018,1640,247.37,331.5,341.5,0,17,0.359,0.6371,0.0005,-107.5354,782.7574,AMZN200619C01640000
AMZN,1673.57,*,AMZN200619P01640000,,put,06/19/2020,11/29/2018,1640,236.18,218.65,228.65,0,35,0.3327,-0.3653,0.0005,-64.3403,784.4908,AMZN200619P01640000
AMZN,1673.57,*,AMZN200619C01650000,,call,06/19/2020,11/29/2018,1650,247.5,326.5,336.5,0,31,0.358,0.6319,0.0005,-107.632,786.5031,AMZN200619C01650000
AMZN,1673.57,*,AMZN200619P01650000,,put,06/19/2020,11/29/2018,1650,226,224.2,233.5,2,101,0.3327,-0.3708,0.0005,-64.4185,788.3745,AMZN200619P01650000
AMZN,1673.57,*,AMZN200619C01660000,,call,06/19/2020,11/29/2018,1660,242.15,321.85,331.5,0,18,0.3573,0.6266,0.0005,-107.7778,790.0859,AMZN200619C01660000
AMZN,1673.57,*,AMZN200619P01660000,,put,06/19/2020,11/29/2018,1660,207,228.5,238.45,0,10,0.332,-0.3764,0.0005,-64.3142,792.1374,AMZN200619P01660000
AMZN,1673.57,*,AMZN200619C01670000,,call,06/19/2020,11/29/2018,1670,331.98,317,327,1,6,0.3566,0.6214,0.0005,-107.9041,793.5272,AMZN200619C01670000
AMZN,1673.57,*,AMZN200619P01670000,,put,06/19/2020,11/29/2018,1670,234.25,233.5,243.45,2,17,0.3318,-0.382,0.0006,-64.306,795.6972,AMZN200619P01670000
AMZN,1673.57,*,AMZN200619C01680000,,call,06/19/2020,11/29/2018,1680,318.57,311.9,321.9,0,12,0.3555,0.6161,0.0005,-107.918,796.8653,AMZN200619C01680000
AMZN,1673.57,*,AMZN200619P01680000,,put,06/19/2020,11/29/2018,1680,323.4,238.5,248.5,0,26,0.3315,-0.3875,0.0006,-64.2545,799.0961,AMZN200619P01680000
AMZN,1673.57,*,AMZN200619C01690000,,call,06/19/2020,11/29/2018,1690,288,307.5,317.5,0,11,0.3551,0.6109,0.0005,-108.0753,799.9921,AMZN200619C01690000
AMZN,1673.57,*,AMZN200619P01690000,,put,06/19/2020,11/29/2018,1690,305,243.7,253.7,0,12,0.3313,-0.3931,0.0006,-64.2068,802.3174,AMZN200619P01690000
AMZN,1673.57,*,AMZN200619C01700000,,call,06/19/2020,11/29/2018,1700,308.7,302.5,311.9,2,155,0.3536,0.6055,0.0005,-107.9556,803.0887,AMZN200619C01700000
AMZN,1673.57,*,AMZN200619P01700000,,put,06/19/2020,11/29/2018,1700,251.58,249.75,259,1,335,0.3317,-0.3985,0.0006,-64.2818,805.3111,AMZN200619P01700000
AMZN,1673.57,*,AMZN200619C01710000,,call,06/19/2020,11/29/2018,1710,220,298.5,308.45,0,14,0.354,0.6005,0.0005,-108.2633,805.8397,AMZN200619C01710000
AMZN,1673.57,*,AMZN200619P01710000,,put,06/19/2020,11/29/2018,1710,358.5,254,264,0,16,0.3306,-0.4042,0.0006,-63.9816,808.2835,AMZN200619P01710000
AMZN,1673.57,*,AMZN200619C01720000,,call,06/19/2020,11/29/2018,1720,218.69,294,303.95,0,13,0.3535,0.5953,0.0005,-108.3408,808.5396,AMZN200619C01720000
AMZN,1673.57,*,AMZN200619P01720000,,put,06/19/2020,11/29/2018,1720,342.33,259.5,269.5,0,54,0.3306,-0.4097,0.0006,-63.9233,810.9793,AMZN200619P01720000
AMZN,1673.57,*,AMZN200619C01730000,,call,06/19/2020,11/29/2018,1730,191,289.5,299.5,0,16,0.3529,0.59,0.0005,-108.3759,811.1047,AMZN200619C01730000
AMZN,1673.57,*,AMZN200619P01730000,,put,06/19/2020,11/29/2018,1730,332.24,265,274.95,0,21,0.3306,-0.4152,0.0006,-63.8464,813.5069,AMZN200619P01730000
AMZN,1673.57,*,AMZN200619C01740000,,call,06/19/2020,11/29/2018,1740,215,284.8,294.8,0,16,0.352,0.5847,0.0005,-108.3202,813.5572,AMZN200619C01740000
AMZN,1673.57,*,AMZN200619P01740000,,put,06/19/2020,11/29/2018,1740,319.38,270.5,280.45,0,55,0.3304,-0.4207,0.0006,-63.7028,815.8888,AMZN200619P01740000
AMZN,1673.57,*,AMZN200619C01750000,,call,06/19/2020,11/29/2018,1750,279.94,280.2,289.7,0,41,0.3509,0.5793,0.0005,-108.1969,815.8853,AMZN200619C01750000
AMZN,1673.57,*,AMZN200619P01750000,,put,06/19/2020,11/29/2018,1750,0,276.8,286,0,206,0.3308,-0.426,0.0006,-63.6864,818.0425,AMZN200619P01750000
AMZN,1673.57,*,AMZN200619C01760000,,call,06/19/2020,11/29/2018,1760,227.15,276.5,286.5,0,49,0.3515,0.5744,0.0005,-108.4659,817.8799,AMZN200619C01760000
AMZN,1673.57,*,AMZN200619P01760000,,put,06/19/2020,11/29/2018,1760,333.74,281.5,291.5,0,52,0.33,-0.4317,0.0006,-63.3594,820.1565,AMZN200619P01760000
AMZN,1673.57,*,AMZN200619C01780000,,call,06/19/2020,11/29/2018,1780,276.22,267.8,277.8,0,53,0.3504,0.5639,0.0005,-108.3944,821.686,AMZN200619C01780000
AMZN,1673.57,*,AMZN200619P01780000,,put,06/19/2020,11/29/2018,1780,346.05,292.5,302.5,0,52,0.3293,-0.4427,0.0006,-62.868,823.7984,AMZN200619P01780000
AMZN,1673.57,*,AMZN200619C01800000,,call,06/19/2020,11/29/2018,1800,264.44,259.5,268.9,15,493,0.3493,0.5534,0.0005,-108.2507,824.9097,AMZN200619C01800000
AMZN,1673.57,*,AMZN200619P01800000,,put,06/19/2020,11/29/2018,1800,302.76,305.35,314.5,4,153,0.3301,-0.4532,0.0006,-62.6796,826.659,AMZN200619P01800000
AMZN,1673.57,*,AMZN200619C01820000,,call,06/19/2020,11/29/2018,1820,261.7,252,262,5,44,0.3497,0.5435,0.0005,-108.4137,827.4267,AMZN200619C01820000
AMZN,1673.57,*,AMZN200619P01820000,,put,06/19/2020,11/29/2018,1820,315.27,316.2,326.2,4,84,0.3292,-0.4642,0.0006,-61.996,829.0387,AMZN200619P01820000
AMZN,1673.57,*,AMZN200619C01840000,,call,06/19/2020,11/29/2018,1840,253.3,244,254,1,38,0.3491,0.5333,0.0005,-108.2618,829.4796,AMZN200619C01840000
AMZN,1673.57,*,AMZN200619P01840000,,put,06/19/2020,11/29/2018,1840,385.35,328,338,0,47,0.3288,-0.475,0.0006,-61.3695,830.7515,AMZN200619P01840000
AMZN,1673.57,*,AMZN200619C01860000,,call,06/19/2020,11/29/2018,1860,246.25,236.5,246.5,5,40,0.3484,0.5232,0.0005,-108.0192,830.9861,AMZN200619C01860000
AMZN,1673.57,*,AMZN200619P01860000,,put,06/19/2020,11/29/2018,1860,358.08,340.5,350.5,0,56,0.329,-0.4854,0.0006,-60.8335,831.8316,AMZN200619P01860000
AMZN,1673.57,*,AMZN200619C01880000,,call,06/19/2020,11/29/2018,1880,242.95,229,239,6,59,0.347,0.5127,0.0006,-107.5287,831.9673,AMZN200619C01880000
AMZN,1673.57,*,AMZN200619P01880000,,put,06/19/2020,11/29/2018,1880,394.75,353,363,0,145,0.329,-0.4958,0.0006,-60.1841,832.3433,AMZN200619P01880000
AMZN,1673.57,*,AMZN200619C01900000,,call,06/19/2020,11/29/2018,1900,203.92,221.5,231,0,115,0.3456,0.5023,0.0006,-106.9703,832.3762,AMZN200619C01900000
AMZN,1673.57,*,AMZN200619P01900000,,put,06/19/2020,11/29/2018,1900,383.67,365.5,375.5,0,638,0.3288,-0.5062,0.0006,-59.421,832.2895,AMZN200619P01900000
AMZN,1673.57,*,AMZN200619C01920000,,call,06/19/2020,11/29/2018,1920,222.03,214.75,224.5,1,57,0.3453,0.4924,0.0006,-106.6432,832.2392,AMZN200619C01920000
AMZN,1673.57,*,AMZN200619P01920000,,put,06/19/2020,11/29/2018,1920,470.1,379,388.7,0,161,0.3292,-0.5162,0.0006,-58.7634,831.7071,AMZN200619P01920000
AMZN,1673.57,*,AMZN200619C01940000,,call,06/19/2020,11/29/2018,1940,195.75,207.8,217.8,0,45,0.3446,0.4824,0.0006,-106.1502,831.5826,AMZN200619C01940000
AMZN,1673.57,*,AMZN200619P01940000,,put,06/19/2020,11/29/2018,1940,498.05,392,402,0,101,0.3293,-0.5262,0.0006,-57.9703,830.6,AMZN200619P01940000
AMZN,1673.57,*,AMZN200619C01960000,,call,06/19/2020,11/29/2018,1960,209,201.25,211,2,46,0.3438,0.4725,0.0006,-105.5718,830.4062,AMZN200619C01960000
AMZN,1673.57,*,AMZN200619P01960000,,put,06/19/2020,11/29/2018,1960,509.36,405.5,415,0,55,0.3293,-0.5361,0.0006,-57.0967,828.9809,AMZN200619P01960000
AMZN,1673.57,*,AMZN200619C01980000,,call,06/19/2020,11/29/2018,1980,160.5,194.8,204.8,0,84,0.3433,0.4627,0.0006,-105.022,828.7575,AMZN200619C01980000
AMZN,1673.57,*,AMZN200619P01980000,,put,06/19/2020,11/29/2018,1980,426.03,419,428.75,1,57,0.3296,-0.5457,0.0006,-56.2584,826.9186,AMZN200619P01980000
AMZN,1673.57,*,AMZN200619C02000000,,call,06/19/2020,11/29/2018,2000,190,188.5,197.75,1,828,0.3421,0.4527,0.0006,-104.2182,826.5254,AMZN200619C02000000
AMZN,1673.57,*,AMZN200619P02000000,,put,06/19/2020,11/29/2018,2000,433.03,433,442.5,21,221,0.3299,-0.5552,0.0006,-55.3742,824.4099,AMZN200619P02000000
AMZN,1673.57,*,AMZN200619C02100000,,call,06/19/2020,11/29/2018,2100,161.15,159.5,168.95,2,162,0.339,0.4054,0.0005,-100.2914,808.8901,AMZN200619C02100000
AMZN,1673.57,*,AMZN200619P02100000,,put,06/19/2020,11/29/2018,2100,501.4,505,515,2,87,0.3323,-0.5997,0.0006,-50.6235,806.2558,AMZN200619P02100000
AMZN,1673.57,*,AMZN200619C02200000,,call,06/19/2020,11/29/2018,2200,141.49,135,144.1,1,333,0.3367,0.3614,0.0005,-95.591,781.6525,AMZN200619C02200000
AMZN,1673.57,*,AMZN200619P02200000,,put,06/19/2020,11/29/2018,2200,689.38,582.5,592,0,43,0.3368,-0.6385,0.0005,-45.7912,781.7162,AMZN200619P02200000
AMZN,1673.57,*,AMZN200619C02300000,,call,06/19/2020,11/29/2018,2300,126.25,113.5,122.9,5,252,0.3344,0.3204,0.0005,-90.1246,746.5369,AMZN200619C02300000
AMZN,1673.57,*,AMZN200619P02300000,,put,06/19/2020,11/29/2018,2300,670.18,664,673.5,1,15,0.3431,-0.6715,0.0005,-41.1307,754.2382,AMZN200619P02300000
AMZN,1673.57,*,AMZN200619C02400000,,call,06/19/2020,11/29/2018,2400,99.5,96,104.4,2,112,0.3328,0.2832,0.0005,-84.382,706.2006,AMZN200619C02400000
AMZN,1673.57,*,AMZN200619P02400000,,put,06/19/2020,11/29/2018,2400,905.8,749.5,759,0,13,0.3518,-0.6983,0.0005,-37.1382,727.3549,AMZN200619P02400000
AMZN,1673.57,*,AMZN200619C02500000,,call,06/19/2020,11/29/2018,2500,82.9,83,89.1,0,295,0.3333,0.2514,0.0005,-79.1555,664.9667,AMZN200619C02500000
AMZN,1673.57,*,AMZN200619P02500000,,put,06/19/2020,11/29/2018,2500,964.93,838.5,848.25,0,23,0.3632,-0.7188,0.0004,-34.1544,703.8266,AMZN200619P02500000
AMZN,1673.57,*,AMZN200619C02600000,,call,06/19/2020,11/29/2018,2600,73.45,67.5,76.05,5,133,0.3301,0.2189,0.0004,-72.3307,615.9903,AMZN200619C02600000
AMZN,1673.57,*,AMZN200619P02600000,,put,06/19/2020,11/29/2018,2600,1019.26,930.5,940.3,0,19,0.3768,-0.7341,0.0004,-32.1436,684.6244,AMZN200619P02600000
AMZN,1673.57,*,AMZN200619C02700000,,call,06/19/2020,11/29/2018,2700,63,60.6,64.5,22,257,0.3324,0.1952,0.0004,-67.759,575.6593,AMZN200619C02700000
AMZN,1673.57,*,AMZN200619P02700000,,put,06/19/2020,11/29/2018,2700,984.41,1025,1035,0,16,0.3927,-0.7446,0.0004,-31.2348,670.5658,AMZN200619P02700000
AMZN,1673.57,*,AMZN200619C02800000,,call,06/19/2020,11/29/2018,2800,52,51.9,54,2,203,0.3318,0.1713,0.0004,-62.1159,530.5775,AMZN200619C02800000
AMZN,1673.57,*,AMZN200619P02800000,,put,06/19/2020,11/29/2018,2800,1223,1122,1132,0,4,0.4112,-0.7506,0.0004,-31.6034,662.2055,AMZN200619P02800000
AMZN,1673.57,*,AMZN200619C02900000,,call,06/19/2020,11/29/2018,2900,31.5,40.25,47.85,0,254,0.3283,0.147,0.0003,-55.445,480.0123,AMZN200619C02900000
AMZN,1673.57,*,AMZN200619P02900000,,put,06/19/2020,11/29/2018,2900,1323,1221.5,1231.25,0,0,0.4323,-0.7526,0.0004,-33.2818,659.3167,AMZN200619P02900000
AMZN,1673.57,*,AMZN200619C03000000,,call,06/19/2020,11/29/2018,3000,38.8,35,41,1,1106,0.33,0.1305,0.0003,-51.2082,442.4982,AMZN200619C03000000
AMZN,1673.57,*,AMZN200619P03000000,,put,06/19/2020,11/29/2018,3000,1357.9,1321,1331,0,0,0.4531,-0.7537,0.0003,-35.0909,657.8142,AMZN200619P03000000
AMZN,1673.57,*,AMZN210115C00760000,,call,01/15/2021,11/29/2018,760,911.48,984.5,994.5,0,6,0.4701,0.9414,0.0001,-45.2917,285.6092,AMZN210115C00760000
AMZN,1673.57,*,AMZN210115P00760000,,put,01/15/2021,11/29/2018,760,17,11,16,0,2,0.3613,-0.0317,0.0001,-13.2102,174.1588,AMZN210115P00760000
AMZN,1673.57,*,AMZN210115C00780000,,call,01/15/2021,11/29/2018,780,902.65,967.2,977,0,11,0.4634,0.9383,0.0001,-46.3909,297.2028,AMZN210115C00780000
AMZN,1673.57,*,AMZN210115P00780000,,put,01/15/2021,11/29/2018,780,23.56,13,18,0,15,0.3623,-0.0357,0.0001,-14.5501,191.8171,AMZN210115P00780000
AMZN,1673.57,*,AMZN210115C00800000,,call,01/15/2021,11/29/2018,800,876.37,950.2,960,0,8,0.4581,0.9349,0.0001,-47.6694,310.1019,AMZN210115C00800000
AMZN,1673.57,*,AMZN210115P00800000,,put,01/15/2021,11/29/2018,800,21.5,13,16.5,0,15,0.3487,-0.0357,0.0001,-13.9462,191.7031,AMZN210115P00800000
AMZN,1673.57,*,AMZN210115C00820000,,call,01/15/2021,11/29/2018,820,780,933,943,0,6,0.4519,0.9315,0.0001,-48.7877,322.3367,AMZN210115C00820000
AMZN,1673.57,*,AMZN210115P00820000,,put,01/15/2021,11/29/2018,820,19.45,16,21,1,75,0.357,-0.0422,0.0001,-16.3261,219.7372,AMZN210115P00820000
AMZN,1673.57,*,AMZN210115C00840000,,call,01/15/2021,11/29/2018,840,917.4,916.2,926,0,10,0.446,0.928,0.0001,-49.9236,334.9402,AMZN210115C00840000
AMZN,1673.57,*,AMZN210115P00840000,,put,01/15/2021,11/29/2018,840,22.6,17,21.5,0,4,0.3506,-0.0445,0.0001,-16.6797,229.3612,AMZN210115P00840000
AMZN,1673.57,*,AMZN210115C00860000,,call,01/15/2021,11/29/2018,860,921.55,899.5,909.5,0,3,0.4414,0.9241,0.0001,-51.2347,348.8168,AMZN210115C00860000
AMZN,1673.57,*,AMZN210115P00860000,,put,01/15/2021,11/29/2018,860,25.5,20,26,0,5,0.3562,-0.0508,0.0001,-18.8032,255.1724,AMZN210115P00860000
AMZN,1673.57,*,AMZN210115C00880000,,call,01/15/2021,11/29/2018,880,751.55,883,893,0,40,0.4368,0.9201,0.0001,-52.5227,362.8151,AMZN210115C00880000
AMZN,1673.57,*,AMZN210115P00880000,,put,01/15/2021,11/29/2018,880,23,21.5,27.5,0,47,0.3522,-0.0543,0.0001,-19.5166,268.761,AMZN210115P00880000
AMZN,1673.57,*,AMZN210115C00900000,,call,01/15/2021,11/29/2018,900,810,866.5,876.5,0,14,0.4321,0.916,0.0001,-53.7704,376.8393,AMZN210115C00900000
AMZN,1673.57,*,AMZN210115P00900000,,put,01/15/2021,11/29/2018,900,36,24,30,0,81,0.3515,-0.059,0.0001,-20.7394,287.0856,AMZN210115P00900000
AMZN,1673.57,*,AMZN210115C00920000,,call,01/15/2021,11/29/2018,920,720,850,860,0,22,0.4273,0.9117,0.0002,-54.9763,390.8834,AMZN210115C00920000
AMZN,1673.57,*,AMZN210115P00920000,,put,01/15/2021,11/29/2018,920,37,26.5,32.5,0,38,0.3502,-0.0637,0.0001,-21.8758,304.9499,AMZN210115P00920000
AMZN,1673.57,*,AMZN210115C00940000,,call,01/15/2021,11/29/2018,940,838.36,834,844,0,12,0.4236,0.9071,0.0002,-56.3355,406.0191,AMZN210115C00940000
AMZN,1673.57,*,AMZN210115P00940000,,put,01/15/2021,11/29/2018,940,33.5,29,35,0,23,0.3486,-0.0686,0.0002,-22.9658,322.7182,AMZN210115P00940000
AMZN,1673.57,*,AMZN210115C00960000,,call,01/15/2021,11/29/2018,960,668.5,818,828,0,31,0.4197,0.9024,0.0002,-57.6373,421.0673,AMZN210115C00960000
AMZN,1673.57,*,AMZN210115P00960000,,put,01/15/2021,11/29/2018,960,45.9,31.5,37.5,0,715,0.3465,-0.0734,0.0002,-23.9707,340.0909,AMZN210115P00960000
AMZN,1673.57,*,AMZN210115C00980000,,call,01/15/2021,11/29/2018,980,723.73,802,812,0,14,0.4157,0.8976,0.0002,-58.8963,436.1112,AMZN210115C00980000
AMZN,1673.57,*,AMZN210115P00980000,,put,01/15/2021,11/29/2018,980,48.2,34.5,40.5,0,64,0.3454,-0.0788,0.0002,-25.1374,359.0548,AMZN210115P00980000
AMZN,1673.57,*,AMZN210115C01000000,,call,01/15/2021,11/29/2018,1000,688.26,786.5,796.5,0,58,0.4126,0.8924,0.0002,-60.279,452.0129,AMZN210115C01000000
AMZN,1673.57,*,AMZN210115P01000000,,put,01/15/2021,11/29/2018,1000,38.5,38,43.5,3,194,0.3446,-0.0846,0.0002,-26.3504,378.6196,AMZN210115P01000000
AMZN,1673.57,*,AMZN210115C01020000,,call,01/15/2021,11/29/2018,1020,690.51,771,781,0,1,0.4093,0.8871,0.0002,-61.6013,467.7886,AMZN210115C01020000
AMZN,1673.57,*,AMZN210115P01020000,,put,01/15/2021,11/29/2018,1020,45,41,49.5,1,25,0.3464,-0.0916,0.0002,-28.0065,401.6813,AMZN210115P01020000
AMZN,1673.57,*,AMZN210115C01040000,,call,01/15/2021,11/29/2018,1040,712.4,755.5,765.5,0,32,0.4059,0.8818,0.0002,-62.8782,483.5189,AMZN210115C01040000
AMZN,1673.57,*,AMZN210115P01040000,,put,01/15/2021,11/29/2018,1040,37.5,44.5,53,0,5,0.3453,-0.0976,0.0002,-29.1541,421.0739,AMZN210115P01040000
AMZN,1673.57,*,AMZN210115C01060000,,call,01/15/2021,11/29/2018,1060,690.48,740.5,750.5,0,17,0.4032,0.876,0.0002,-64.2452,499.8485,AMZN210115C01060000
AMZN,1673.57,*,AMZN210115P01060000,,put,01/15/2021,11/29/2018,1060,72.5,48,56,0,171,0.3432,-0.1034,0.0002,-30.1107,439.3241,AMZN210115P01060000
AMZN,1673.57,*,AMZN210115C01080000,,call,01/15/2021,11/29/2018,1080,643.05,725.5,735.5,0,5,0.4003,0.8702,0.0002,-65.5478,516.0081,AMZN210115C01080000
AMZN,1673.57,*,AMZN210115P01080000,,put,01/15/2021,11/29/2018,1080,57,52.5,60.5,0,16,0.3435,-0.1104,0.0002,-31.4729,460.5494,AMZN210115P01080000
AMZN,1673.57,*,AMZN210115C01100000,,call,01/15/2021,11/29/2018,1100,616.86,710.5,720.5,0,27,0.3973,0.8643,0.0002,-66.8016,532.0737,AMZN210115C01100000
AMZN,1673.57,*,AMZN210115P01100000,,put,01/15/2021,11/29/2018,1100,59,56.5,64.5,1,107,0.3424,-0.1171,0.0002,-32.5679,480.0726,AMZN210115P01100000
AMZN,1673.57,*,AMZN210115C01120000,,call,01/15/2021,11/29/2018,1120,550.35,696,706,0,2,0.3949,0.8581,0.0002,-68.1264,548.5566,AMZN210115C01120000
AMZN,1673.57,*,AMZN210115P01120000,,put,01/15/2021,11/29/2018,1120,63.84,61,69,0,16,0.3418,-0.1241,0.0002,-33.7293,500.1289,AMZN210115P01120000
AMZN,1673.57,*,AMZN210115C01140000,,call,01/15/2021,11/29/2018,1140,654.34,681.5,691.5,0,3,0.3923,0.8518,0.0002,-69.3827,564.8237,AMZN210115C01140000
AMZN,1673.57,*,AMZN210115P01140000,,put,01/15/2021,11/29/2018,1140,95,65,73.4,0,14,0.3403,-0.1309,0.0003,-34.7036,519.1253,AMZN210115P01140000
AMZN,1673.57,*,AMZN210115C01160000,,call,01/15/2021,11/29/2018,1160,642.95,667.5,677.5,0,3,0.3904,0.8452,0.0002,-70.7258,581.4869,AMZN210115C01160000
AMZN,1673.57,*,AMZN210115P01160000,,put,01/15/2021,11/29/2018,1160,75,70,78,0,45,0.3396,-0.1382,0.0003,-35.7935,538.8868,AMZN210115P01160000
AMZN,1673.57,*,AMZN210115C01180000,,call,01/15/2021,11/29/2018,1180,545.95,653.5,663.5,0,4,0.3882,0.8385,0.0003,-71.9805,597.8178,AMZN210115C01180000
AMZN,1673.57,*,AMZN210115P01180000,,put,01/15/2021,11/29/2018,1180,73.93,75,82.95,0,44,0.3389,-0.1457,0.0003,-36.853,558.4886,AMZN210115P01180000
AMZN,1673.57,*,AMZN210115C01200000,,call,01/15/2021,11/29/2018,1200,627,639.5,649.5,0,16,0.3858,0.8318,0.0003,-73.1627,613.8907,AMZN210115C01200000
AMZN,1673.57,*,AMZN210115P01200000,,put,01/15/2021,11/29/2018,1200,80,80,88,4,275,0.338,-0.1533,0.0003,-37.8435,577.712,AMZN210115P01200000
AMZN,1673.57,*,AMZN210115C01220000,,call,01/15/2021,11/29/2018,1220,678.56,626,636,0,0,0.384,0.8247,0.0003,-74.411,630.1683,AMZN210115C01220000
AMZN,1673.57,*,AMZN210115P01220000,,put,01/15/2021,11/29/2018,1220,93.45,85,93.3,0,6,0.3369,-0.161,0.0003,-38.7628,596.5553,AMZN210115P01220000
AMZN,1673.57,*,AMZN210115C01240000,,call,01/15/2021,11/29/2018,1240,608.77,612.5,622.5,0,3,0.3819,0.8177,0.0003,-75.567,646.0866,AMZN210115C01240000
AMZN,1673.57,*,AMZN210115P01240000,,put,01/15/2021,11/29/2018,1240,99.45,90.5,98.8,0,8,0.3361,-0.1689,0.0003,-39.6992,615.4304,AMZN210115P01240000
AMZN,1673.57,*,AMZN210115C01250000,,call,01/15/2021,11/29/2018,1250,479.1,606,616,0,16,0.3812,0.814,0.0003,-76.1909,654.155,AMZN210115C01250000
AMZN,1673.57,*,AMZN210115P01250000,,put,01/15/2021,11/29/2018,1250,102,93.5,101.65,0,178,0.3359,-0.173,0.0003,-40.1891,624.9252,AMZN210115P01250000
AMZN,1673.57,*,AMZN210115C01260000,,call,01/15/2021,11/29/2018,1260,556,599.5,609.5,0,0,0.3804,0.8103,0.0003,-76.7869,662.1098,AMZN210115C01260000
AMZN,1673.57,*,AMZN210115P01260000,,put,01/15/2021,11/29/2018,1260,121.6,96.5,104.5,0,22,0.3356,-0.1771,0.0003,-40.6508,634.2598,AMZN210115P01260000
AMZN,1673.57,*,AMZN210115C01270000,,call,01/15/2021,11/29/2018,1270,489,593,603,0,2,0.3796,0.8066,0.0003,-77.3724,670.0027,AMZN210115C01270000
AMZN,1673.57,*,AMZN210115P01270000,,put,01/15/2021,11/29/2018,1270,102.75,99.5,107.5,0,12,0.3353,-0.1812,0.0003,-41.1023,643.5128,AMZN210115P01270000
AMZN,1673.57,*,AMZN210115C01280000,,call,01/15/2021,11/29/2018,1280,503.85,586.5,596.5,0,2,0.3787,0.8029,0.0003,-77.9297,677.7858,AMZN210115C01280000
AMZN,1673.57,*,AMZN210115P01280000,,put,01/15/2021,11/29/2018,1280,111.36,100.1,110,0,17,0.3327,-0.1846,0.0003,-41.1269,651.0323,AMZN210115P01280000
AMZN,1673.57,*,AMZN210115C01290000,,call,01/15/2021,11/29/2018,1290,554.19,580,590,0,4,0.3777,0.7992,0.0003,-78.4587,685.463,AMZN210115C01290000
AMZN,1673.57,*,AMZN210115P01290000,,put,01/15/2021,11/29/2018,1290,110,103,113,10,16,0.3322,-0.1887,0.0003,-41.5211,660.038,AMZN210115P01290000
AMZN,1673.57,*,AMZN210115C01300000,,call,01/15/2021,11/29/2018,1300,470,573.5,583.5,0,12,0.3767,0.7954,0.0003,-78.9767,693.0798,AMZN210115C01300000
AMZN,1673.57,*,AMZN210115P01300000,,put,01/15/2021,11/29/2018,1300,111.53,110,118,4,452,0.3363,-0.1943,0.0003,-42.7362,671.9747,AMZN210115P01300000
AMZN,1673.57,*,AMZN210115C01310000,,call,01/15/2021,11/29/2018,1310,493.2,567.5,577.5,0,0,0.3763,0.7915,0.0003,-79.5889,700.8732,AMZN210115C01310000
AMZN,1673.57,*,AMZN210115P01310000,,put,01/15/2021,11/29/2018,1310,142.19,109.5,119.5,0,2,0.332,-0.1974,0.0003,-42.4215,678.3168,AMZN210115P01310000
AMZN,1673.57,*,AMZN210115C01320000,,call,01/15/2021,11/29/2018,1320,487.3,561,571,0,2,0.3752,0.7877,0.0003,-80.0671,708.3141,AMZN210115C01320000
AMZN,1673.57,*,AMZN210115P01320000,,put,01/15/2021,11/29/2018,1320,120.33,112.5,122.5,1,3,0.3314,-0.2016,0.0003,-42.7645,686.9886,AMZN210115P01320000
AMZN,1673.57,*,AMZN210115C01330000,,call,01/15/2021,11/29/2018,1330,696.03,555,565,0,5,0.3748,0.7838,0.0003,-80.6568,715.9435,AMZN210115C01330000
AMZN,1673.57,*,AMZN210115P01330000,,put,01/15/2021,11/29/2018,1330,105,116,126,0,158,0.3314,-0.206,0.0004,-43.2044,695.9251,AMZN210115P01330000
AMZN,1673.57,*,AMZN210115C01340000,,call,01/15/2021,11/29/2018,1340,492,548.8,558.5,0,3,0.3737,0.78,0.0003,-81.1124,723.2445,AMZN210115C01340000
AMZN,1673.57,*,AMZN210115P01340000,,put,01/15/2021,11/29/2018,1340,145.35,119.5,129.5,0,12,0.3314,-0.2104,0.0004,-43.6327,704.7398,AMZN210115P01340000
AMZN,1673.57,*,AMZN210115C01350000,,call,01/15/2021,11/29/2018,1350,533.86,542.5,552.5,0,8,0.373,0.776,0.0003,-81.6266,730.607,AMZN210115C01350000
AMZN,1673.57,*,AMZN210115P01350000,,put,01/15/2021,11/29/2018,1350,133.73,123,133,0,23,0.3312,-0.2148,0.0004,-44.013,713.3261,AMZN210115P01350000
AMZN,1673.57,*,AMZN210115C01360000,,call,01/15/2021,11/29/2018,1360,0,536.5,546.5,0,0,0.3723,0.7721,0.0003,-82.1293,737.8859,AMZN210115C01360000
AMZN,1673.57,*,AMZN210115P01360000,,put,01/15/2021,11/29/2018,1360,129.02,126.5,136.5,0,10,0.331,-0.2193,0.0004,-44.3813,721.7971,AMZN210115P01360000
AMZN,1673.57,*,AMZN210115C01370000,,call,01/15/2021,11/29/2018,1370,492,530.5,540.5,0,0,0.3716,0.7681,0.0003,-82.6202,745.0796,AMZN210115C01370000
AMZN,1673.57,*,AMZN210115P01370000,,put,01/15/2021,11/29/2018,1370,135.46,130,140,0,15,0.3308,-0.2237,0.0004,-44.7376,730.1502,AMZN210115P01370000
AMZN,1673.57,*,AMZN210115C01380000,,call,01/15/2021,11/29/2018,1380,465.5,524.8,534.5,0,4,0.3711,0.764,0.0003,-83.1345,752.2382,AMZN210115C01380000
AMZN,1673.57,*,AMZN210115P01380000,,put,01/15/2021,11/29/2018,1380,144.5,133.5,143.5,0,9,0.3304,-0.2282,0.0004,-45.0454,738.2957,AMZN210115P01380000
AMZN,1673.57,*,AMZN210115C01390000,,call,01/15/2021,11/29/2018,1390,586,518.8,528.5,0,2,0.3703,0.76,0.0003,-83.5843,759.2283,AMZN210115C01390000
AMZN,1673.57,*,AMZN210115P01390000,,put,01/15/2021,11/29/2018,1390,148.57,137,147,0,85,0.33,-0.2326,0.0004,-45.3409,746.3293,AMZN210115P01390000
AMZN,1673.57,*,AMZN210115C01400000,,call,01/15/2021,11/29/2018,1400,450.35,513,523,0,47,0.3699,0.7559,0.0003,-84.0924,766.2203,AMZN210115C01400000
AMZN,1673.57,*,AMZN210115P01400000,,put,01/15/2021,11/29/2018,1400,143.51,141,151,4,181,0.3302,-0.2373,0.0004,-45.7322,754.4783,AMZN210115P01400000
AMZN,1673.57,*,AMZN210115C01410000,,call,01/15/2021,11/29/2018,1410,424,507,517,0,20,0.369,0.7519,0.0004,-84.5006,773.0081,AMZN210115C01410000
AMZN,1673.57,*,AMZN210115P01410000,,put,01/15/2021,11/29/2018,1410,152,144.5,154.5,0,16,0.3297,-0.2417,0.0004,-45.9846,762.2299,AMZN210115P01410000
AMZN,1673.57,*,AMZN210115C01420000,,call,01/15/2021,11/29/2018,1420,381.9,501.5,511.5,0,26,0.3687,0.7477,0.0004,-85.0023,779.8197,AMZN210115C01420000
AMZN,1673.57,*,AMZN210115P01420000,,put,01/15/2021,11/29/2018,1420,205,148.5,158.5,0,271,0.3298,-0.2464,0.0004,-46.3325,770.0654,AMZN210115P01420000
AMZN,1673.57,*,AMZN210115C01430000,,call,01/15/2021,11/29/2018,1430,456,495.8,505.5,0,12,0.3679,0.7436,0.0004,-85.4038,786.4394,AMZN210115C01430000
AMZN,1673.57,*,AMZN210115P01430000,,put,01/15/2021,11/29/2018,1430,160.65,152,162,0,5,0.3291,-0.2509,0.0004,-46.5232,777.512,AMZN210115P01430000
AMZN,1673.57,*,AMZN210115C01440000,,call,01/15/2021,11/29/2018,1440,493.41,490,500,0,3,0.3673,0.7395,0.0004,-85.8283,792.9955,AMZN210115C01440000
AMZN,1673.57,*,AMZN210115P01440000,,put,01/15/2021,11/29/2018,1440,215.72,156,166,0,18,0.329,-0.2555,0.0004,-46.8093,785.0177,AMZN210115P01440000
AMZN,1673.57,*,AMZN210115C01450000,,call,01/15/2021,11/29/2018,1450,390,484.5,494.5,0,12,0.3668,0.7353,0.0004,-86.2583,799.4631,AMZN210115C01450000
AMZN,1673.57,*,AMZN210115P01450000,,put,01/15/2021,11/29/2018,1450,175.74,160,170,0,131,0.3289,-0.2601,0.0004,-47.0825,792.3835,AMZN210115P01450000
AMZN,1673.57,*,AMZN210115C01460000,,call,01/15/2021,11/29/2018,1460,427.55,479,489,0,0,0.3663,0.7311,0.0004,-86.676,805.8243,AMZN210115C01460000
AMZN,1673.57,*,AMZN210115P01460000,,put,01/15/2021,11/29/2018,1460,169.87,164,174,0,21,0.3287,-0.2648,0.0004,-47.3246,799.5852,AMZN210115P01460000
AMZN,1673.57,*,AMZN210115C01470000,,call,01/15/2021,11/29/2018,1470,386.45,473.5,483.5,0,2,0.3657,0.727,0.0004,-87.0637,812.0687,AMZN210115C01470000
AMZN,1673.57,*,AMZN210115P01470000,,put,01/15/2021,11/29/2018,1470,173.95,168.5,178.5,3,15,0.329,-0.2695,0.0004,-47.644,806.7506,AMZN210115P01470000
AMZN,1673.57,*,AMZN210115C01480000,,call,01/15/2021,11/29/2018,1480,479.1,468,478,2,6,0.3651,0.7227,0.0004,-87.439,818.2078,AMZN210115C01480000
AMZN,1673.57,*,AMZN210115P01480000,,put,01/15/2021,11/29/2018,1480,180,172.5,182.5,0,57,0.3287,-0.2741,0.0004,-47.8418,813.6455,AMZN210115P01480000
AMZN,1673.57,*,AMZN210115C01490000,,call,01/15/2021,11/29/2018,1490,366,462.5,472.5,0,10,0.3644,0.7185,0.0004,-87.7841,824.2343,AMZN210115C01490000
AMZN,1673.57,*,AMZN210115P01490000,,put,01/15/2021,11/29/2018,1490,183,176.5,186.5,0,1,0.3283,-0.2788,0.0004,-48.0083,820.3888,AMZN210115P01490000
AMZN,1673.57,*,AMZN210115C01500000,,call,01/15/2021,11/29/2018,1500,453.85,457.5,467.5,0,176,0.3643,0.7143,0.0004,-88.2235,830.1833,AMZN210115C01500000
AMZN,1673.57,*,AMZN210115P01500000,,put,01/15/2021,11/29/2018,1500,185.2,181,191,0,453,0.3285,-0.2835,0.0004,-48.2703,827.0802,AMZN210115P01500000
AMZN,1673.57,*,AMZN210115C01510000,,call,01/15/2021,11/29/2018,1510,411.78,452,462,0,13,0.3636,0.71,0.0004,-88.5437,835.9906,AMZN210115C01510000
AMZN,1673.57,*,AMZN210115P01510000,,put,01/15/2021,11/29/2018,1510,243.13,185.5,195.5,0,6,0.3285,-0.2882,0.0004,-48.4829,833.5888,AMZN210115P01510000
AMZN,1673.57,*,AMZN210115C01520000,,call,01/15/2021,11/29/2018,1520,351.54,447,457,0,2,0.3633,0.7057,0.0004,-88.9228,841.6967,AMZN210115C01520000
AMZN,1673.57,*,AMZN210115P01520000,,put,01/15/2021,11/29/2018,1520,202.04,189.5,199.5,0,16,0.328,-0.2929,0.0004,-48.5914,839.8994,AMZN210115P01520000
AMZN,1673.57,*,AMZN210115C01530000,,call,01/15/2021,11/29/2018,1530,356.05,441.5,451.5,0,18,0.3625,0.7015,0.0004,-89.2001,847.2838,AMZN210115C01530000
AMZN,1673.57,*,AMZN210115P01530000,,put,01/15/2021,11/29/2018,1530,199.65,194,204,3,14,0.3279,-0.2976,0.0004,-48.7594,846.1064,AMZN210115P01530000
AMZN,1673.57,*,AMZN210115C01540000,,call,01/15/2021,11/29/2018,1540,358.03,436.5,446.5,0,7,0.3622,0.6972,0.0004,-89.5544,852.7575,AMZN210115C01540000
AMZN,1673.57,*,AMZN210115P01540000,,put,01/15/2021,11/29/2018,1540,254.09,198.5,208.5,0,20,0.3278,-0.3023,0.0004,-48.9141,852.1639,AMZN210115P01540000
AMZN,1673.57,*,AMZN210115C01550000,,call,01/15/2021,11/29/2018,1550,438.21,431.5,441.5,1,58,0.3618,0.6929,0.0004,-89.8784,858.1132,AMZN210115C01550000
AMZN,1673.57,*,AMZN210115P01550000,,put,01/15/2021,11/29/2018,1550,224.49,203,213,0,110,0.3277,-0.3071,0.0004,-49.0557,858.0715,AMZN210115P01550000
AMZN,1673.57,*,AMZN210115C01560000,,call,01/15/2021,11/29/2018,1560,391,426.5,436.5,0,26,0.3614,0.6886,0.0004,-90.19,863.3502,AMZN210115C01560000
AMZN,1673.57,*,AMZN210115P01560000,,put,01/15/2021,11/29/2018,1560,231.1,208,218,0,18,0.3281,-0.3118,0.0004,-49.2756,863.8365,AMZN210115P01560000
AMZN,1673.57,*,AMZN210115C01570000,,call,01/15/2021,11/29/2018,1570,363.06,421.5,431.5,0,16,0.3609,0.6843,0.0004,-90.4712,868.4735,AMZN210115C01570000
AMZN,1673.57,*,AMZN210115P01570000,,put,01/15/2021,11/29/2018,1570,215,212.5,222.5,2,9,0.3278,-0.3166,0.0004,-49.3542,869.4345,AMZN210115P01570000
AMZN,1673.57,*,AMZN210115C01580000,,call,01/15/2021,11/29/2018,1580,312.9,416.5,426.5,0,5,0.3604,0.6799,0.0004,-90.7399,873.4795,AMZN210115C01580000
AMZN,1673.57,*,AMZN210115P01580000,,put,01/15/2021,11/29/2018,1580,238,217,227,0,29,0.3275,-0.3213,0.0004,-49.4195,874.8883,AMZN210115P01580000
AMZN,1673.57,*,AMZN210115C01590000,,call,01/15/2021,11/29/2018,1590,398,411.5,421.5,0,30,0.3599,0.6756,0.0004,-90.9961,878.3675,AMZN210115C01590000
AMZN,1673.57,*,AMZN210115P01590000,,put,01/15/2021,11/29/2018,1590,254.89,222,232,0,53,0.3277,-0.326,0.0005,-49.5638,880.1808,AMZN210115P01590000
AMZN,1673.57,*,AMZN210115C01600000,,call,01/15/2021,11/29/2018,1600,418.91,406.8,416.5,12,257,0.3594,0.6712,0.0004,-91.24,883.137,AMZN210115C01600000
AMZN,1673.57,*,AMZN210115P01600000,,put,01/15/2021,11/29/2018,1600,229,226.5,236.5,1,227,0.3272,-0.3308,0.0005,-49.5657,885.3464,AMZN210115P01600000
AMZN,1673.57,*,AMZN210115C01610000,,call,01/15/2021,11/29/2018,1610,363.3,402,412,0,40,0.3592,0.6669,0.0004,-91.5262,887.7576,AMZN210115C01610000
AMZN,1673.57,*,AMZN210115P01610000,,put,01/15/2021,11/29/2018,1610,263,231.5,241.5,0,17,0.3273,-0.3355,0.0005,-49.6656,890.3352,AMZN210115P01610000
AMZN,1673.57,*,AMZN210115C01620000,,call,01/15/2021,11/29/2018,1620,409.77,397,407,2,17,0.3585,0.6625,0.0004,-91.7087,892.3071,AMZN210115C01620000
AMZN,1673.57,*,AMZN210115P01620000,,put,01/15/2021,11/29/2018,1620,243,236.5,246.5,0,19,0.3273,-0.3403,0.0005,-49.7342,895.1748,AMZN210115P01620000
AMZN,1673.57,*,AMZN210115C01630000,,call,01/15/2021,11/29/2018,1630,370.61,392.5,402.5,0,30,0.359,0.6583,0.0004,-92.0996,896.599,AMZN210115C01630000
AMZN,1673.57,*,AMZN210115P01630000,,put,01/15/2021,11/29/2018,1630,298,241.5,251.5,0,24,0.3272,-0.345,0.0005,-49.7712,899.8695,AMZN210115P01630000
AMZN,1673.57,*,AMZN210115C01640000,,call,01/15/2021,11/29/2018,1640,375.06,387.8,397.5,0,12,0.358,0.6539,0.0004,-92.2022,900.9429,AMZN210115C01640000
AMZN,1673.57,*,AMZN210115P01640000,,put,01/15/2021,11/29/2018,1640,260.46,246.5,256.5,0,6,0.3271,-0.3498,0.0005,-49.7954,904.4132,AMZN210115P01640000
AMZN,1673.57,*,AMZN210115C01650000,,call,01/15/2021,11/29/2018,1650,392.25,383,393,1,72,0.3573,0.6495,0.0004,-92.3475,905.1341,AMZN210115C01650000
AMZN,1673.57,*,AMZN210115P01650000,,put,01/15/2021,11/29/2018,1650,296.14,251.5,261.5,0,63,0.327,-0.3545,0.0005,-49.8068,908.8064,AMZN210115P01650000
AMZN,1673.57,*,AMZN210115C01660000,,call,01/15/2021,11/29/2018,1660,387,378.5,388.5,15,11,0.3567,0.6451,0.0004,-92.4988,909.193,AMZN210115C01660000
AMZN,1673.57,*,AMZN210115P01660000,,put,01/15/2021,11/29/2018,1660,260,256.5,266.5,0,14,0.3268,-0.3593,0.0005,-49.7866,913.0611,AMZN210115P01660000
AMZN,1673.57,*,AMZN210115C01670000,,call,01/15/2021,11/29/2018,1670,374.55,374,384,4,15,0.356,0.6406,0.0004,-92.619,913.1465,AMZN210115C01670000
AMZN,1673.57,*,AMZN210115P01670000,,put,01/15/2021,11/29/2018,1670,245.68,262,272,0,28,0.3271,-0.3639,0.0005,-49.8485,917.1045,AMZN210115P01670000
AMZN,1673.57,*,AMZN210115C01680000,,call,01/15/2021,11/29/2018,1680,367,369.5,379.5,1,15,0.3554,0.6362,0.0004,-92.7455,916.9653,AMZN210115C01680000
AMZN,1673.57,*,AMZN210115P01680000,,put,01/15/2021,11/29/2018,1680,394.67,267,277,0,46,0.3268,-0.3687,0.0005,-49.784,921.0726,AMZN210115P01680000
AMZN,1673.57,*,AMZN210115C01690000,,call,01/15/2021,11/29/2018,1690,362.85,365,375,2,43,0.3553,0.6319,0.0004,-92.9541,920.5838,AMZN210115C01690000
AMZN,1673.57,*,AMZN210115P01690000,,put,01/15/2021,11/29/2018,1690,255.57,272.5,282.5,0,34,0.327,-0.3734,0.0005,-49.8026,924.8243,AMZN210115P01690000
AMZN,1673.57,*,AMZN210115C01700000,,call,01/15/2021,11/29/2018,1700,373.24,360.8,370.5,6,190,0.3554,0.6276,0.0004,-93.1892,924.0434,AMZN210115C01700000
AMZN,1673.57,*,AMZN210115P01700000,,put,01/15/2021,11/29/2018,1700,283.5,277.5,287.5,2,137,0.3267,-0.3781,0.0005,-49.7131,928.4976,AMZN210115P01700000
AMZN,1673.57,*,AMZN210115C01710000,,call,01/15/2021,11/29/2018,1710,278.19,356.5,366.5,0,56,0.3553,0.6233,0.0004,-93.3752,927.4093,AMZN210115C01710000
AMZN,1673.57,*,AMZN210115P01710000,,put,01/15/2021,11/29/2018,1710,374.02,283,293,0,39,0.3268,-0.3828,0.0005,-49.6883,931.9649,AMZN210115P01710000
AMZN,1673.57,*,AMZN210115C01720000,,call,01/15/2021,11/29/2018,1720,303,352,362,0,59,0.3547,0.6189,0.0004,-93.4542,930.7359,AMZN210115C01720000
AMZN,1673.57,*,AMZN210115P01720000,,put,01/15/2021,11/29/2018,1720,295,288.5,298.5,3,28,0.3268,-0.3874,0.0005,-49.6322,935.2992,AMZN210115P01720000
AMZN,1673.57,*,AMZN210115C01730000,,call,01/15/2021,11/29/2018,1730,287.14,347.8,357.5,0,20,0.3542,0.6145,0.0004,-93.5404,933.9237,AMZN210115C01730000
AMZN,1673.57,*,AMZN210115P01730000,,put,01/15/2021,11/29/2018,1730,270,294,304,0,10,0.3268,-0.3921,0.0005,-49.5642,938.487,AMZN210115P01730000
AMZN,1673.57,*,AMZN210115C01740000,,call,01/15/2021,11/29/2018,1740,357.68,343.5,353.5,1,11,0.3539,0.6102,0.0004,-93.6534,936.9544,AMZN210115C01740000
AMZN,1673.57,*,AMZN210115P01740000,,put,01/15/2021,11/29/2018,1740,274.65,299.5,309.5,0,24,0.3268,-0.3968,0.0005,-49.4845,941.5292,AMZN210115P01740000
AMZN,1673.57,*,AMZN210115C01750000,,call,01/15/2021,11/29/2018,1750,340,339.5,349.5,11,90,0.3538,0.6059,0.0004,-93.7938,939.827,AMZN210115C01750000
AMZN,1673.57,*,AMZN210115P01750000,,put,01/15/2021,11/29/2018,1750,418.5,305,315,0,96,0.3267,-0.4014,0.0005,-49.3734,944.4434,AMZN210115P01750000
AMZN,1673.57,*,AMZN210115C01760000,,call,01/15/2021,11/29/2018,1760,336.44,335.3,345,1,12,0.3532,0.6014,0.0004,-93.8256,942.6658,AMZN210115C01760000
AMZN,1673.57,*,AMZN210115P01760000,,put,01/15/2021,11/29/2018,1760,336,310.5,320.5,0,56,0.3265,-0.4061,0.0005,-49.2306,947.231,AMZN210115P01760000
AMZN,1673.57,*,AMZN210115C01770000,,call,01/15/2021,11/29/2018,1770,370,331,341,0,11,0.3528,0.5971,0.0004,-93.8849,945.3474,AMZN210115C01770000
AMZN,1673.57,*,AMZN210115P01770000,,put,01/15/2021,11/29/2018,1770,275.94,316.5,326.5,0,14,0.3269,-0.4106,0.0005,-49.1959,949.7775,AMZN210115P01770000
AMZN,1673.57,*,AMZN210115C01780000,,call,01/15/2021,11/29/2018,1780,250.34,327,337,0,6,0.3525,0.5927,0.0005,-93.9526,947.8897,AMZN210115C01780000
AMZN,1673.57,*,AMZN210115P01780000,,put,01/15/2021,11/29/2018,1780,399.23,322,332,0,56,0.3266,-0.4153,0.0005,-49.0101,952.2984,AMZN210115P01780000
AMZN,1673.57,*,AMZN210115C01790000,,call,01/15/2021,11/29/2018,1790,242.36,323,333,0,36,0.3522,0.5884,0.0005,-94.0092,950.3111,AMZN210115C01790000
AMZN,1673.57,*,AMZN210115P01790000,,put,01/15/2021,11/29/2018,1790,420.31,328,338,0,60,0.3269,-0.4198,0.0005,-48.9337,954.5814,AMZN210115P01790000
AMZN,1673.57,*,AMZN210115C01800000,,call,01/15/2021,11/29/2018,1800,324.5,319,329,6,191,0.3518,0.5841,0.0005,-94.0348,952.6291,AMZN210115C01800000
AMZN,1673.57,*,AMZN210115P01800000,,put,01/15/2021,11/29/2018,1800,431.26,333.5,343.5,0,264,0.3266,-0.4245,0.0005,-48.725,956.8233,AMZN210115P01800000
AMZN,1673.57,*,AMZN210115C01810000,,call,01/15/2021,11/29/2018,1810,314.8,315,325,0,5,0.3514,0.5797,0.0005,-94.0493,954.8267,AMZN210115C01810000
AMZN,1673.57,*,AMZN210115P01810000,,put,01/15/2021,11/29/2018,1810,347.22,339.5,349.5,2,22,0.3267,-0.429,0.0005,-48.5864,958.8639,AMZN210115P01810000
AMZN,1673.57,*,AMZN210115C01820000,,call,01/15/2021,11/29/2018,1820,324.7,311.3,321,5,16,0.3506,0.5752,0.0005,-93.9718,956.9708,AMZN210115C01820000
AMZN,1673.57,*,AMZN210115P01820000,,put,01/15/2021,11/29/2018,1820,440.83,345.5,355.5,0,102,0.3268,-0.4335,0.0005,-48.4374,960.7695,AMZN210115P01820000
AMZN,1673.57,*,AMZN210115C01830000,,call,01/15/2021,11/29/2018,1830,261.4,307.5,317.5,0,4,0.3506,0.571,0.0005,-94.0453,958.8618,AMZN210115C01830000
AMZN,1673.57,*,AMZN210115P01830000,,put,01/15/2021,11/29/2018,1830,386.39,351.5,361.5,0,69,0.3269,-0.438,0.0005,-48.278,962.542,AMZN210115P01830000
AMZN,1673.57,*,AMZN210115C01840000,,call,01/15/2021,11/29/2018,1840,302.65,303.5,313.5,2,15,0.3497,0.5665,0.0005,-93.9244,960.7791,AMZN210115C01840000
AMZN,1673.57,*,AMZN210115P01840000,,put,01/15/2021,11/29/2018,1840,403.36,357.5,367.5,0,87,0.3269,-0.4425,0.0005,-48.0875,964.197,AMZN210115P01840000
AMZN,1673.57,*,AMZN210115C01850000,,call,01/15/2021,11/29/2018,1850,294.95,300,309.8,3,40,0.3498,0.5623,0.0005,-93.9979,962.4196,AMZN210115C01850000
AMZN,1673.57,*,AMZN210115P01850000,,put,01/15/2021,11/29/2018,1850,453.87,363.5,373.5,0,117,0.3269,-0.447,0.0005,-47.8866,965.7209,AMZN210115P01850000
AMZN,1673.57,*,AMZN210115C01860000,,call,01/15/2021,11/29/2018,1860,302.8,296,306,0,20,0.3495,0.5581,0.0005,-93.9789,964.006,AMZN210115C01860000
AMZN,1673.57,*,AMZN210115P01860000,,put,01/15/2021,11/29/2018,1860,463.6,369.5,379.5,0,44,0.3269,-0.4514,0.0005,-47.6756,967.1151,AMZN210115P01860000
AMZN,1673.57,*,AMZN210115C01870000,,call,01/15/2021,11/29/2018,1870,305,292.5,302.3,1,2,0.3495,0.5539,0.0005,-94.0123,965.4338,AMZN210115C01870000
AMZN,1673.57,*,AMZN210115P01870000,,put,01/15/2021,11/29/2018,1870,379.14,376,386,1,27,0.3273,-0.4557,0.0005,-47.5395,968.333,AMZN210115P01870000
AMZN,1673.57,*,AMZN210115C01880000,,call,01/15/2021,11/29/2018,1880,286.39,288.5,298.5,3,70,0.3492,0.5496,0.0005,-93.9732,966.7901,AMZN210115C01880000
AMZN,1673.57,*,AMZN210115P01880000,,put,01/15/2021,11/29/2018,1880,385.36,382,392,1,6,0.3271,-0.4602,0.0005,-47.2662,969.4983,AMZN210115P01880000
AMZN,1673.57,*,AMZN210115C01890000,,call,01/15/2021,11/29/2018,1890,212.3,285,295,0,71,0.3493,0.5456,0.0005,-94.0088,967.9814,AMZN210115C01890000
AMZN,1673.57,*,AMZN210115P01890000,,put,01/15/2021,11/29/2018,1890,347.8,388,398,0,3,0.3269,-0.4647,0.0005,-46.9825,970.5351,AMZN210115P01890000
AMZN,1673.57,*,AMZN210115C01900000,,call,01/15/2021,11/29/2018,1900,286.9,281.5,291.5,1,227,0.3493,0.5415,0.0005,-94.0142,969.077,AMZN210115C01900000
AMZN,1673.57,*,AMZN210115P01900000,,put,01/15/2021,11/29/2018,1900,498.38,394.5,404.5,0,51,0.3272,-0.469,0.0005,-46.7971,971.3983,AMZN210115P01900000
AMZN,1673.57,*,AMZN210115C01910000,,call,01/15/2021,11/29/2018,1910,255.32,278,288,0,34,0.3483,0.5369,0.0005,-93.7958,970.1727,AMZN210115C01910000
AMZN,1673.57,*,AMZN210115P01910000,,put,01/15/2021,11/29/2018,1910,465,401,411,0,25,0.3275,-0.4732,0.0005,-46.6032,972.1461,AMZN210115P01910000
AMZN,1673.57,*,AMZN210115C01920000,,call,01/15/2021,11/29/2018,1920,257.19,274.5,284.5,0,15,0.348,0.5327,0.0005,-93.717,971.0741,AMZN210115C01920000
AMZN,1673.57,*,AMZN210115P01920000,,put,01/15/2021,11/29/2018,1920,358.85,407.5,417.5,0,26,0.3277,-0.4775,0.0005,-46.3788,972.7876,AMZN210115P01920000
AMZN,1673.57,*,AMZN210115C01930000,,call,01/15/2021,11/29/2018,1930,205,271,281,0,17,0.3477,0.5284,0.0005,-93.6285,971.8639,AMZN210115C01930000
AMZN,1673.57,*,AMZN210115P01930000,,put,01/15/2021,11/29/2018,1930,355.01,413.5,423.5,0,3,0.3274,-0.482,0.0005,-46.0349,973.3449,AMZN210115P01930000
AMZN,1673.57,*,AMZN210115C01940000,,call,01/15/2021,11/29/2018,1940,222,267.5,277.5,0,14,0.3473,0.5242,0.0005,-93.5086,972.5505,AMZN210115C01940000
AMZN,1673.57,*,AMZN210115P01940000,,put,01/15/2021,11/29/2018,1940,451.12,420,430,0,17,0.3275,-0.4862,0.0005,-45.7704,973.7598,AMZN210115P01940000
AMZN,1673.57,*,AMZN210115C01950000,,call,01/15/2021,11/29/2018,1950,236.8,264,274,0,58,0.3469,0.5199,0.0005,-93.3789,973.1248,AMZN210115C01950000
AMZN,1673.57,*,AMZN210115P01950000,,put,01/15/2021,11/29/2018,1950,478.76,427,437,0,56,0.3282,-0.4901,0.0005,-45.6323,974.0425,AMZN210115P01950000
AMZN,1673.57,*,AMZN210115C01955000,,call,01/15/2021,11/29/2018,1955,252,262.5,272.5,0,9,0.3469,0.5179,0.0005,-93.3548,973.3584,AMZN210115C01955000
AMZN,1673.57,*,AMZN210115P01955000,,put,01/15/2021,11/29/2018,1955,0,430,440,0,0,0.3279,-0.4924,0.0005,-45.414,974.1655,AMZN210115P01955000
AMZN,1673.57,*,AMZN210115C01960000,,call,01/15/2021,11/29/2018,1960,202.42,260.5,270.5,0,25,0.3465,0.5157,0.0005,-93.2395,973.5875,AMZN210115C01960000
AMZN,1673.57,*,AMZN210115P01960000,,put,01/15/2021,11/29/2018,1960,485.61,433.5,443.5,0,4,0.3283,-0.4943,0.0005,-45.3517,974.2427,AMZN210115P01960000
AMZN,1673.57,*,AMZN210115C01965000,,call,01/15/2021,11/29/2018,1965,452,259,269,0,5,0.3465,0.5137,0.0005,-93.211,973.7681,AMZN210115C01965000
AMZN,1673.57,*,AMZN210115P01965000,,put,01/15/2021,11/29/2018,1965,562.64,436.5,446.5,0,80,0.328,-0.4966,0.0005,-45.1287,974.3063,AMZN210115P01965000
AMZN,1673.57,*,AMZN210115C01970000,,call,01/15/2021,11/29/2018,1970,236.4,257.5,267.5,0,9,0.3465,0.5117,0.0005,-93.1804,973.9238,AMZN210115C01970000
AMZN,1673.57,*,AMZN210115P01970000,,put,01/15/2021,11/29/2018,1970,565.58,440,450,0,82,0.3283,-0.4986,0.0005,-45.0401,974.3351,AMZN210115P01970000
AMZN,1673.57,*,AMZN210115C01975000,,call,01/15/2021,11/29/2018,1975,245.34,255.5,265.5,0,6,0.346,0.5094,0.0005,-93.0352,974.0707,AMZN210115C01975000
AMZN,1673.57,*,AMZN210115P01975000,,put,01/15/2021,11/29/2018,1975,300,443.5,453.5,0,0,0.3286,-0.5005,0.0005,-44.9497,974.3407,AMZN210115P01975000
AMZN,1673.57,*,AMZN210115C01980000,,call,01/15/2021,11/29/2018,1980,227.93,254,264,0,2,0.346,0.5074,0.0005,-93.0001,974.1735,AMZN210115C01980000
AMZN,1673.57,*,AMZN210115P01980000,,put,01/15/2021,11/29/2018,1980,412.49,446.5,456.5,0,3,0.3283,-0.5028,0.0005,-44.7199,974.3178,AMZN210115P01980000
AMZN,1673.57,*,AMZN210115C01985000,,call,01/15/2021,11/29/2018,1985,280.6,252.5,262.5,0,5,0.346,0.5054,0.0005,-92.9631,974.2517,AMZN210115C01985000
AMZN,1673.57,*,AMZN210115P01985000,,put,01/15/2021,11/29/2018,1985,0,450,460,0,0,0.3286,-0.5047,0.0005,-44.626,974.2739,AMZN210115P01985000
AMZN,1673.57,*,AMZN210115C01990000,,call,01/15/2021,11/29/2018,1990,210,251,260.75,0,51,0.3458,0.5033,0.0005,-92.8785,974.3078,AMZN210115C01990000
AMZN,1673.57,*,AMZN210115P01990000,,put,01/15/2021,11/29/2018,1990,553.9,453.5,463.5,0,4,0.3287,-0.5067,0.0005,-44.4841,974.2028,AMZN210115P01990000
AMZN,1673.57,*,AMZN210115C01995000,,call,01/15/2021,11/29/2018,1995,203.3,249,259,0,4,0.3454,0.5011,0.0005,-92.746,974.3377,AMZN210115C01995000
AMZN,1673.57,*,AMZN210115P01995000,,put,01/15/2021,11/29/2018,1995,0,457,467,0,0,0.3289,-0.5087,0.0005,-44.3637,974.11,AMZN210115P01995000
AMZN,1673.57,*,AMZN210115C02000000,,call,01/15/2021,11/29/2018,2000,255,247.5,257.5,1,247,0.3454,0.4991,0.0005,-92.7026,974.339,AMZN210115C02000000
AMZN,1673.57,*,AMZN210115P02000000,,put,01/15/2021,11/29/2018,2000,474.7,460,470,0,80,0.3286,-0.511,0.0005,-44.1249,973.9738,AMZN210115P02000000
AMZN,1673.57,*,AMZN210115C02005000,,call,01/15/2021,11/29/2018,2005,186.18,246,256,0,6,0.3453,0.4971,0.0005,-92.6342,974.3153,AMZN210115C02005000
AMZN,1673.57,*,AMZN210115P02005000,,put,01/15/2021,11/29/2018,2005,423.85,463.5,473.5,0,1,0.3288,-0.5129,0.0005,-44.0007,973.8312,AMZN210115P02005000
AMZN,1673.57,*,AMZN210115C02010000,,call,01/15/2021,11/29/2018,2010,237,244.5,254.5,0,13,0.3453,0.4951,0.0005,-92.5868,974.2682,AMZN210115C02010000
AMZN,1673.57,*,AMZN210115P02010000,,put,01/15/2021,11/29/2018,2010,304,467,477,0,3,0.329,-0.5149,0.0005,-43.8748,973.6659,AMZN210115P02010000
AMZN,1673.57,*,AMZN210115C02015000,,call,01/15/2021,11/29/2018,2015,309.9,243,252.75,0,6,0.3451,0.493,0.0005,-92.4911,974.1924,AMZN210115C02015000
AMZN,1673.57,*,AMZN210115P02015000,,put,01/15/2021,11/29/2018,2015,0,470.5,480.5,0,0,0.3292,-0.5168,0.0005,-43.7473,973.4783,AMZN210115P02015000
AMZN,1673.57,*,AMZN210115C02020000,,call,01/15/2021,11/29/2018,2020,197,241,251,0,8,0.3446,0.4908,0.0005,-92.3235,974.0798,AMZN210115C02020000
AMZN,1673.57,*,AMZN210115P02020000,,put,01/15/2021,11/29/2018,2020,427.08,474,484,0,1,0.3294,-0.5187,0.0005,-43.6181,973.2686,AMZN210115P02020000
AMZN,1673.57,*,AMZN210115C02025000,,call,01/15/2021,11/29/2018,2025,380.09,239.5,249.5,0,3,0.3445,0.4887,0.0005,-92.2465,973.9528,AMZN210115C02025000
AMZN,1673.57,*,AMZN210115P02025000,,put,01/15/2021,11/29/2018,2025,0,477.5,487.5,0,0,0.3295,-0.5207,0.0005,-43.4637,973.029,AMZN210115P02025000
AMZN,1673.57,*,AMZN210115C02030000,,call,01/15/2021,11/29/2018,2030,181.1,238,248,0,15,0.3444,0.4867,0.0005,-92.1675,973.8011,AMZN210115C02030000
AMZN,1673.57,*,AMZN210115P02030000,,put,01/15/2021,11/29/2018,2030,589.31,480.5,490.5,0,2,0.3292,-0.5229,0.0005,-43.2122,972.7299,AMZN210115P02030000
AMZN,1673.57,*,AMZN210115C02035000,,call,01/15/2021,11/29/2018,2035,321.44,236.5,246.5,0,1,0.3443,0.4847,0.0005,-92.0865,973.6249,AMZN210115C02035000
AMZN,1673.57,*,AMZN210115P02035000,,put,01/15/2021,11/29/2018,2035,388.7,484,494,0,5,0.3293,-0.5249,0.0005,-43.054,972.4406,AMZN210115P02035000
AMZN,1673.57,*,AMZN210115C02040000,,call,01/15/2021,11/29/2018,2040,233.52,235,245,1,9,0.3442,0.4827,0.0005,-92.0034,973.4242,AMZN210115C02040000
AMZN,1673.57,*,AMZN210115P02040000,,put,01/15/2021,11/29/2018,2040,0,487.5,497.5,0,0,0.3294,-0.5269,0.0005,-42.894,972.1286,AMZN210115P02040000
AMZN,1673.57,*,AMZN210115C02050000,,call,01/15/2021,11/29/2018,2050,190,232,242,0,34,0.344,0.4787,0.0005,-91.8315,972.9501,AMZN210115C02050000
AMZN,1673.57,*,AMZN210115P02050000,,put,01/15/2021,11/29/2018,2050,470.96,494.5,504.5,0,10,0.3297,-0.5307,0.0005,-42.5933,971.4499,AMZN210115P02050000
AMZN,1673.57,*,AMZN210115C02060000,,call,01/15/2021,11/29/2018,2060,180.92,229,239,0,3,0.3437,0.4746,0.0005,-91.6277,972.37,AMZN210115C02060000
AMZN,1673.57,*,AMZN210115P02060000,,put,01/15/2021,11/29/2018,2060,0,501.5,511.5,0,0,0.3299,-0.5346,0.0005,-42.2619,970.6721,AMZN210115P02060000
AMZN,1673.57,*,AMZN210115C02070000,,call,01/15/2021,11/29/2018,2070,265,226,236,0,1,0.3434,0.4706,0.0005,-91.416,971.6915,AMZN210115C02070000
AMZN,1673.57,*,AMZN210115P02070000,,put,01/15/2021,11/29/2018,2070,466.8,509,519,0,2,0.3306,-0.5381,0.0005,-42.0466,969.8898,AMZN210115P02070000
AMZN,1673.57,*,AMZN210115C02080000,,call,01/15/2021,11/29/2018,2080,157.43,223,233,0,19,0.3431,0.4666,0.0005,-91.1964,970.9157,AMZN210115C02080000
AMZN,1673.57,*,AMZN210115P02080000,,put,01/15/2021,11/29/2018,2080,0,516,526,0,0,0.3308,-0.5419,0.0005,-41.7035,968.9511,AMZN210115P02080000
AMZN,1673.57,*,AMZN210115C02090000,,call,01/15/2021,11/29/2018,2090,197.5,220,230,0,2,0.3427,0.4625,0.0005,-90.9444,970.0278,AMZN210115C02090000
AMZN,1673.57,*,AMZN210115P02090000,,put,01/15/2021,11/29/2018,2090,543.92,523,533,0,4,0.3309,-0.5458,0.0005,-41.3293,967.91,AMZN210115P02090000
AMZN,1673.57,*,AMZN210115C02100000,,call,01/15/2021,11/29/2018,2100,225,217.5,227.5,1,76,0.3428,0.4588,0.0005,-90.8078,969.1296,AMZN210115C02100000
AMZN,1673.57,*,AMZN210115P02100000,,put,01/15/2021,11/29/2018,2100,542.12,530.5,540.5,0,5,0.3315,-0.5493,0.0005,-41.0738,966.8947,AMZN210115P02100000
AMZN,1673.57,*,AMZN210115C02110000,,call,01/15/2021,11/29/2018,2110,226.62,214.5,224.5,0,3,0.3424,0.4547,0.0005,-90.5408,968.0547,AMZN210115C02110000
AMZN,1673.57,*,AMZN210115P02110000,,put,01/15/2021,11/29/2018,2110,0,537.5,547.5,0,0,0.3316,-0.5531,0.0005,-40.688,965.6968,AMZN210115P02110000
AMZN,1673.57,*,AMZN210115C02120000,,call,01/15/2021,11/29/2018,2120,148.92,211.5,221.5,0,8,0.3419,0.4506,0.0005,-90.2411,966.8608,AMZN210115C02120000
AMZN,1673.57,*,AMZN210115P02120000,,put,01/15/2021,11/29/2018,2120,491.27,545,555,0,1,0.3321,-0.5566,0.0005,-40.3975,964.522,AMZN210115P02120000
AMZN,1673.57,*,AMZN210115C02130000,,call,01/15/2021,11/29/2018,2130,0,209,219,0,0,0.342,0.4469,0.0005,-90.0846,965.7101,AMZN210115C02130000
AMZN,1673.57,*,AMZN210115P02130000,,put,01/15/2021,11/29/2018,2130,0,552,562,0,0,0.3321,-0.5604,0.0005,-39.9748,963.1445,AMZN210115P02130000
AMZN,1673.57,*,AMZN210115C02140000,,call,01/15/2021,11/29/2018,2140,145.03,206,216,0,5,0.3414,0.4428,0.0005,-89.7446,964.3036,AMZN210115C02140000
AMZN,1673.57,*,AMZN210115P02140000,,put,01/15/2021,11/29/2018,2140,399.32,559.5,569.5,0,0,0.3326,-0.5638,0.0005,-39.6745,961.8361,AMZN210115P02140000
AMZN,1673.57,*,AMZN210115C02150000,,call,01/15/2021,11/29/2018,2150,153,203.5,213.5,0,5,0.3414,0.4391,0.0005,-89.5499,962.9637,AMZN210115C02150000
AMZN,1673.57,*,AMZN210115P02150000,,put,01/15/2021,11/29/2018,2150,0,567,577,0,0,0.3331,-0.5672,0.0005,-39.3699,960.4687,AMZN210115P02150000
AMZN,1673.57,*,AMZN210115C02160000,,call,01/15/2021,11/29/2018,2160,149.09,201,210.75,0,2,0.3412,0.4353,0.0005,-89.2979,961.4877,AMZN210115C02160000
AMZN,1673.57,*,AMZN210115P02160000,,put,01/15/2021,11/29/2018,2160,572.06,574.5,584.5,12,5,0.3335,-0.5707,0.0005,-39.0351,959.0101,AMZN210115P02160000
AMZN,1673.57,*,AMZN210115C02170000,,call,01/15/2021,11/29/2018,2170,227.28,198,208,0,2,0.3407,0.4312,0.0005,-88.9616,959.8309,AMZN210115C02170000
AMZN,1673.57,*,AMZN210115P02170000,,put,01/15/2021,11/29/2018,2170,579.45,582,592,12,1,0.3339,-0.5741,0.0005,-38.696,957.4922,AMZN210115P02170000
AMZN,1673.57,*,AMZN210115C02180000,,call,01/15/2021,11/29/2018,2180,126.71,195.5,205.5,0,4,0.3406,0.4275,0.0005,-88.7224,958.2187,AMZN210115C02180000
AMZN,1673.57,*,AMZN210115P02180000,,put,01/15/2021,11/29/2018,2180,524.35,589.5,599.5,0,0,0.3342,-0.5775,0.0005,-38.3263,955.8786,AMZN210115P02180000
AMZN,1673.57,*,AMZN210115C02190000,,call,01/15/2021,11/29/2018,2190,138.93,193,203,0,5,0.3404,0.4238,0.0005,-88.451,956.4934,AMZN210115C02190000
AMZN,1673.57,*,AMZN210115P02190000,,put,01/15/2021,11/29/2018,2190,515.98,597,607,0,2,0.3346,-0.5809,0.0005,-37.9787,954.2453,AMZN210115P02190000
AMZN,1673.57,*,AMZN210115C02200000,,call,01/15/2021,11/29/2018,2200,191.05,190.5,200.5,1,184,0.3403,0.4201,0.0005,-88.2,954.7285,AMZN210115C02200000
AMZN,1673.57,*,AMZN210115P02200000,,put,01/15/2021,11/29/2018,2200,731.25,605,615,0,6,0.3354,-0.5839,0.0005,-37.7338,952.7273,AMZN210115P02200000
AMZN,1673.57,*,AMZN210115C02210000,,call,01/15/2021,11/29/2018,2210,133,188,198,0,4,0.34,0.4163,0.0005,-87.8902,952.8065,AMZN210115C02210000
AMZN,1673.57,*,AMZN210115P02210000,,put,01/15/2021,11/29/2018,2210,529.53,612.5,622.5,0,2,0.3357,-0.5872,0.0005,-37.3522,950.9518,AMZN210115P02210000
AMZN,1673.57,*,AMZN210115C02220000,,call,01/15/2021,11/29/2018,2220,138.4,185.5,195.5,0,7,0.3398,0.4126,0.0005,-87.6009,950.8475,AMZN210115C02220000
AMZN,1673.57,*,AMZN210115P02220000,,put,01/15/2021,11/29/2018,2220,552.95,620,630,0,0,0.336,-0.5906,0.0005,-36.9665,949.1215,AMZN210115P02220000
AMZN,1673.57,*,AMZN210115C02230000,,call,01/15/2021,11/29/2018,2230,234.28,183,193,0,1,0.3395,0.4088,0.0005,-87.279,948.7662,AMZN210115C02230000
AMZN,1673.57,*,AMZN210115P02230000,,put,01/15/2021,11/29/2018,2230,515,628,638,0,1,0.3367,-0.5935,0.0005,-36.6856,947.4323,AMZN210115P02230000
AMZN,1673.57,*,AMZN210115C02240000,,call,01/15/2021,11/29/2018,2240,208.15,180.5,190.5,0,2,0.3392,0.405,0.0005,-86.951,946.6057,AMZN210115C02240000
AMZN,1673.57,*,AMZN210115P02240000,,put,01/15/2021,11/29/2018,2240,670.9,635.5,645.5,0,0,0.3369,-0.5969,0.0005,-36.2655,945.4551,AMZN210115P02240000
AMZN,1673.57,*,AMZN210115C02250000,,call,01/15/2021,11/29/2018,2250,135.18,178,188,0,23,0.3389,0.4013,0.0005,-86.6172,944.3673,AMZN210115C02250000
AMZN,1673.57,*,AMZN210115P02250000,,put,01/15/2021,11/29/2018,2250,774.85,643.5,653.5,0,2,0.3376,-0.5998,0.0005,-35.9788,943.6876,AMZN210115P02250000
AMZN,1673.57,*,AMZN210115C02260000,,call,01/15/2021,11/29/2018,2260,175.07,175.5,185.5,0,5,0.3386,0.3976,0.0005,-86.2777,942.0519,AMZN210115C02260000
AMZN,1673.57,*,AMZN210115P02260000,,put,01/15/2021,11/29/2018,2260,628.06,651.5,661.5,0,1,0.3383,-0.6027,0.0005,-35.6897,941.8883,AMZN210115P02260000
AMZN,1673.57,*,AMZN210115C02270000,,call,01/15/2021,11/29/2018,2270,180.8,173.5,183.25,0,5,0.3386,0.3941,0.0005,-86.016,939.8317,AMZN210115C02270000
AMZN,1673.57,*,AMZN210115P02270000,,put,01/15/2021,11/29/2018,2270,0,659.5,669.5,0,0,0.339,-0.6055,0.0005,-35.3985,940.0585,AMZN210115P02270000
AMZN,1673.57,*,AMZN210115C02280000,,call,01/15/2021,11/29/2018,2280,117.5,171,181,0,3,0.3383,0.3905,0.0005,-85.6659,937.3739,AMZN210115C02280000
AMZN,1673.57,*,AMZN210115P02280000,,put,01/15/2021,11/29/2018,2280,643.19,667,677,0,1,0.3391,-0.6088,0.0005,-34.9375,937.8475,AMZN210115P02280000
AMZN,1673.57,*,AMZN210115C02290000,,call,01/15/2021,11/29/2018,2290,113.5,168.5,178.5,0,26,0.3379,0.3867,0.0005,-85.2823,934.7806,AMZN210115C02290000
AMZN,1673.57,*,AMZN210115P02290000,,put,01/15/2021,11/29/2018,2290,812.9,675,685,0,1,0.3397,-0.6117,0.0005,-34.6131,935.889,AMZN210115P02290000
AMZN,1673.57,*,AMZN210115C02300000,,call,01/15/2021,11/29/2018,2300,174,166.5,176.5,2,108,0.338,0.3834,0.0005,-85.0348,932.4336,AMZN210115C02300000
AMZN,1673.57,*,AMZN210115P02300000,,put,01/15/2021,11/29/2018,2300,0,683.5,693,0,0,0.3405,-0.6144,0.0005,-34.3429,934.0262,AMZN210115P02300000
AMZN,1673.57,*,AMZN210115C02310000,,call,01/15/2021,11/29/2018,2310,131.7,164,174,0,71,0.3375,0.3796,0.0005,-84.6125,929.6326,AMZN210115C02310000
AMZN,1673.57,*,AMZN210115P02310000,,put,01/15/2021,11/29/2018,2310,0,691.5,701.5,0,0,0.3414,-0.6169,0.0005,-34.0995,932.2072,AMZN210115P02310000
AMZN,1673.57,*,AMZN210115C02320000,,call,01/15/2021,11/29/2018,2320,180.36,162,172,0,13,0.3375,0.3763,0.0005,-84.328,927.1013,AMZN210115C02320000
AMZN,1673.57,*,AMZN210115P02320000,,put,01/15/2021,11/29/2018,2320,0,699.5,709.5,0,0,0.3419,-0.6198,0.0005,-33.741,930.1063,AMZN210115P02320000
AMZN,1673.57,*,AMZN210115C02330000,,call,01/15/2021,11/29/2018,2330,102.52,160,170,0,2,0.3375,0.373,0.0005,-84.0396,924.5171,AMZN210115C02330000
AMZN,1673.57,*,AMZN210115P02330000,,put,01/15/2021,11/29/2018,2330,844.75,707.5,717.5,0,2,0.3424,-0.6226,0.0005,-33.3801,927.9755,AMZN210115P02330000
AMZN,1673.57,*,AMZN210115C02340000,,call,01/15/2021,11/29/2018,2340,216.6,157.5,167.5,0,1,0.3369,0.3691,0.0005,-83.5732,921.4298,AMZN210115C02340000
AMZN,1673.57,*,AMZN210115P02340000,,put,01/15/2021,11/29/2018,2340,504.29,716,725.5,0,1,0.3432,-0.6251,0.0005,-33.1036,926.0279,AMZN210115P02340000
AMZN,1673.57,*,AMZN210115C02350000,,call,01/15/2021,11/29/2018,2350,167.2,155.5,165.5,0,7,0.3369,0.3659,0.0005,-83.2764,918.7284,AMZN210115C02350000
AMZN,1673.57,*,AMZN210115P02350000,,put,01/15/2021,11/29/2018,2350,512.03,724,734,0,1,0.3439,-0.6277,0.0005,-32.7969,923.9922,AMZN210115P02350000
AMZN,1673.57,*,AMZN210115C02360000,,call,01/15/2021,11/29/2018,2360,120.85,153.5,163.5,0,1,0.3368,0.3625,0.0005,-82.9468,915.8972,AMZN210115C02360000
AMZN,1673.57,*,AMZN210115P02360000,,put,01/15/2021,11/29/2018,2360,712.88,732,742,0,1,0.3444,-0.6304,0.0004,-32.4305,921.7894,AMZN210115P02360000
AMZN,1673.57,*,AMZN210115C02370000,,call,01/15/2021,11/29/2018,2370,269,151.5,161.5,0,2,0.3367,0.3592,0.0005,-82.6134,913.0129,AMZN210115C02370000
AMZN,1673.57,*,AMZN210115P02370000,,put,01/15/2021,11/29/2018,2370,0,740.5,750.5,0,0,0.3454,-0.6327,0.0004,-32.2085,919.9432,AMZN210115P02370000
AMZN,1673.57,*,AMZN210115C02380000,,call,01/15/2021,11/29/2018,2380,96.26,149.5,159.5,0,3,0.3366,0.3559,0.0005,-82.2763,910.0768,AMZN210115C02380000
AMZN,1673.57,*,AMZN210115P02380000,,put,01/15/2021,11/29/2018,2380,728.98,749,759,0,3,0.3463,-0.635,0.0004,-31.9567,918.0135,AMZN210115P02380000
AMZN,1673.57,*,AMZN210115C02390000,,call,01/15/2021,11/29/2018,2390,126,147.5,157.5,0,4,0.3365,0.3526,0.0005,-81.9357,907.09,AMZN210115C02390000
AMZN,1673.57,*,AMZN210115P02390000,,put,01/15/2021,11/29/2018,2390,653.54,757,767,0,9,0.3467,-0.6377,0.0004,-31.5567,915.6775,AMZN210115P02390000
AMZN,1673.57,*,AMZN210115C02400000,,call,01/15/2021,11/29/2018,2400,144,145.5,155.5,0,189,0.3363,0.3493,0.0005,-81.5616,903.9625,AMZN210115C02400000
AMZN,1673.57,*,AMZN210115P02400000,,put,01/15/2021,11/29/2018,2400,661.14,765.5,775.5,0,12,0.3476,-0.64,0.0004,-31.303,913.7247,AMZN210115P02400000
AMZN,1673.57,*,AMZN210115C02410000,,call,01/15/2021,11/29/2018,2410,125.51,143.5,153.5,0,2,0.3361,0.346,0.0004,-81.1838,900.7812,AMZN210115C02410000
AMZN,1673.57,*,AMZN210115P02410000,,put,01/15/2021,11/29/2018,2410,0,774,784,0,0,0.3485,-0.6422,0.0004,-31.0487,911.7659,AMZN210115P02410000
AMZN,1673.57,*,AMZN210115C02420000,,call,01/15/2021,11/29/2018,2420,106.5,141.5,151.5,0,23,0.3359,0.3427,0.0004,-80.8025,897.5474,AMZN210115C02420000
AMZN,1673.57,*,AMZN210115P02420000,,put,01/15/2021,11/29/2018,2420,0,782.5,792.5,0,0,0.3494,-0.6444,0.0004,-30.794,909.802,AMZN210115P02420000
AMZN,1673.57,*,AMZN210115C02430000,,call,01/15/2021,11/29/2018,2430,129.82,139.5,149.5,0,5,0.3357,0.3394,0.0004,-80.4177,894.2621,AMZN210115C02430000
AMZN,1673.57,*,AMZN210115P02430000,,put,01/15/2021,11/29/2018,2430,934.05,791,801,0,1,0.3503,-0.6466,0.0004,-30.5389,907.8339,AMZN210115P02430000
AMZN,1673.57,*,AMZN210115C02440000,,call,01/15/2021,11/29/2018,2440,125.48,137.5,147.5,0,1,0.3354,0.336,0.0004,-79.9987,890.824,AMZN210115C02440000
AMZN,1673.57,*,AMZN210115P02440000,,put,01/15/2021,11/29/2018,2440,948.55,799.5,809.5,0,2,0.3511,-0.6488,0.0004,-30.2533,905.7743,AMZN210115P02440000
AMZN,1673.57,*,AMZN210115C02450000,,call,01/15/2021,11/29/2018,2450,105,136,146,0,40,0.3357,0.3333,0.0004,-79.7619,887.9625,AMZN210115C02450000
AMZN,1673.57,*,AMZN210115P02450000,,put,01/15/2021,11/29/2018,2450,955,808,818,0,1,0.3519,-0.651,0.0004,-29.9672,903.709,AMZN210115P02450000
AMZN,1673.57,*,AMZN210115C02460000,,call,01/15/2021,11/29/2018,2460,115.7,134,144,0,38,0.3354,0.33,0.0004,-79.3369,884.4332,AMZN210115C02460000
AMZN,1673.57,*,AMZN210115P02460000,,put,01/15/2021,11/29/2018,2460,0,816.5,826.5,0,0,0.3527,-0.6531,0.0004,-29.6806,901.6386,AMZN210115P02460000
AMZN,1673.57,*,AMZN210115C02470000,,call,01/15/2021,11/29/2018,2470,105.82,132,142,0,4,0.3351,0.3267,0.0004,-78.9085,880.8514,AMZN210115C02470000
AMZN,1673.57,*,AMZN210115P02470000,,put,01/15/2021,11/29/2018,2470,0,825.5,835,0,0,0.3538,-0.655,0.0004,-29.4851,899.8429,AMZN210115P02470000
AMZN,1673.57,*,AMZN210115C02480000,,call,01/15/2021,11/29/2018,2480,109.7,130.5,140.5,0,7,0.3353,0.3239,0.0004,-78.634,877.7851,AMZN210115C02480000
AMZN,1673.57,*,AMZN210115P02480000,,put,01/15/2021,11/29/2018,2480,1005,834,844,0,1,0.3548,-0.6569,0.0004,-29.2592,897.9584,AMZN210115P02480000
AMZN,1673.57,*,AMZN210115C02490000,,call,01/15/2021,11/29/2018,2490,106,128.5,138.5,0,34,0.3349,0.3205,0.0004,-78.1684,873.9998,AMZN210115C02490000
AMZN,1673.57,*,AMZN210115P02490000,,put,01/15/2021,11/29/2018,2490,0,842.5,852.5,0,0,0.3556,-0.659,0.0004,-28.9721,895.8856,AMZN210115P02490000
AMZN,1673.57,*,AMZN210115C02500000,,call,01/15/2021,11/29/2018,2500,121.5,127,137,0,201,0.3346,0.3173,0.0004,-77.731,870.2784,AMZN210115C02500000
AMZN,1673.57,*,AMZN210115P02500000,,put,01/15/2021,11/29/2018,2500,951.4,851.5,861.05,0,2,0.3566,-0.6609,0.0004,-28.7464,894.0055,AMZN210115P02500000
AMZN,1673.57,*,AMZN210115C02600000,,call,01/15/2021,11/29/2018,2600,118,111,121,1,60,0.3329,0.2874,0.0004,-73.6428,832.5049,AMZN210115C02600000
AMZN,1673.57,*,AMZN210115P02600000,,put,01/15/2021,11/29/2018,2600,1016.02,940,950,0,25,0.3674,-0.6773,0.0004,-26.7619,876.4107,AMZN210115P02600000
AMZN,1673.57,*,AMZN210115C02700000,,call,01/15/2021,11/29/2018,2700,88.5,96.5,106.25,0,39,0.3311,0.2596,0.0004,-69.3514,791.4985,AMZN210115C02700000
AMZN,1673.57,*,AMZN210115P02700000,,put,01/15/2021,11/29/2018,2700,1166,1032,1042,0,40,0.3806,-0.6891,0.0004,-25.6285,862.7058,AMZN210115P02700000
AMZN,1673.57,*,AMZN210115C02800000,,call,01/15/2021,11/29/2018,2800,84.77,84.5,94.2,0,45,0.3305,0.2351,0.0004,-65.3949,750.6919,AMZN210115C02800000
AMZN,1673.57,*,AMZN210115P02800000,,put,01/15/2021,11/29/2018,2800,1220.49,1126.5,1136.1,0,7,0.3953,-0.6974,0.0004,-25.1152,852.4634,AMZN210115P02800000
AMZN,1673.57,*,AMZN210115C02900000,,call,01/15/2021,11/29/2018,2900,75,73.5,82,0,31,0.3286,0.2112,0.0004,-60.96,706.2113,AMZN210115C02900000
AMZN,1673.57,*,AMZN210115P02900000,,put,01/15/2021,11/29/2018,2900,1245.43,1223,1232.6,0,3,0.4118,-0.7023,0.0003,-25.3519,846.1963,AMZN210115P02900000
AMZN,1673.57,*,AMZN210115C03000000,,call,01/15/2021,11/29/2018,3000,67.75,70,76,1,817,0.3352,0.1987,0.0003,-59.6904,681.0736,AMZN210115C03000000
AMZN,1673.57,*,AMZN210115P03000000,,put,01/15/2021,11/29/2018,3000,1326,1321,1330,25,2,0.429,-0.7052,0.0003,-25.9848,842.4631,AMZN210115P03000000
